feature	depth	Nsites	totalNsites
sel_scaf	0	74044711	992877642
sel_scaf	1	8405721	992877642
sel_scaf	2	8223084	992877642
sel_scaf	3	8876191	992877642
sel_scaf	4	10086016	992877642
sel_scaf	5	11840118	992877642
sel_scaf	6	14209950	992877642
sel_scaf	7	17269531	992877642
sel_scaf	8	21168349	992877642
sel_scaf	9	25931061	992877642
sel_scaf	10	31476881	992877642
sel_scaf	11	37644170	992877642
sel_scaf	12	44111262	992877642
sel_scaf	13	50408864	992877642
sel_scaf	14	55939286	992877642
sel_scaf	15	60098045	992877642
sel_scaf	16	62471250	992877642
sel_scaf	17	62807968	992877642
sel_scaf	18	61054170	992877642
sel_scaf	19	57378330	992877642
sel_scaf	20	52158993	992877642
sel_scaf	21	45913001	992877642
sel_scaf	22	39139594	992877642
sel_scaf	23	32306999	992877642
sel_scaf	24	25906650	992877642
sel_scaf	25	20166668	992877642
sel_scaf	26	15257152	992877642
sel_scaf	27	11242011	992877642
sel_scaf	28	8087282	992877642
sel_scaf	29	5672574	992877642
sel_scaf	30	3899612	992877642
sel_scaf	31	2639995	992877642
sel_scaf	32	1768195	992877642
sel_scaf	33	1170595	992877642
sel_scaf	34	778813	992877642
sel_scaf	35	525401	992877642
sel_scaf	36	364265	992877642
sel_scaf	37	262681	992877642
sel_scaf	38	197801	992877642
sel_scaf	39	158339	992877642
sel_scaf	40	130098	992877642
sel_scaf	41	110531	992877642
sel_scaf	42	96118	992877642
sel_scaf	43	85992	992877642
sel_scaf	44	77107	992877642
sel_scaf	45	68669	992877642
sel_scaf	46	62292	992877642
sel_scaf	47	56562	992877642
sel_scaf	48	51336	992877642
sel_scaf	49	46980	992877642
sel_scaf	50	43302	992877642
sel_scaf	51	39664	992877642
sel_scaf	52	37329	992877642
sel_scaf	53	35318	992877642
sel_scaf	54	32877	992877642
sel_scaf	55	30366	992877642
sel_scaf	56	28673	992877642
sel_scaf	57	27022	992877642
sel_scaf	58	25718	992877642
sel_scaf	59	23800	992877642
sel_scaf	60	22816	992877642
sel_scaf	61	21192	992877642
sel_scaf	62	20221	992877642
sel_scaf	63	19012	992877642
sel_scaf	64	17481	992877642
sel_scaf	65	17069	992877642
sel_scaf	66	16296	992877642
sel_scaf	67	15455	992877642
sel_scaf	68	14747	992877642
sel_scaf	69	13885	992877642
sel_scaf	70	13240	992877642
sel_scaf	71	12583	992877642
sel_scaf	72	11796	992877642
sel_scaf	73	11458	992877642
sel_scaf	74	10911	992877642
sel_scaf	75	10718	992877642
sel_scaf	76	9793	992877642
sel_scaf	77	9209	992877642
sel_scaf	78	9352	992877642
sel_scaf	79	8838	992877642
sel_scaf	80	8414	992877642
sel_scaf	81	8370	992877642
sel_scaf	82	7858	992877642
sel_scaf	83	7617	992877642
sel_scaf	84	7233	992877642
sel_scaf	85	6701	992877642
sel_scaf	86	6520	992877642
sel_scaf	87	6392	992877642
sel_scaf	88	6021	992877642
sel_scaf	89	6107	992877642
sel_scaf	90	5892	992877642
sel_scaf	91	5445	992877642
sel_scaf	92	5617	992877642
sel_scaf	93	5306	992877642
sel_scaf	94	5095	992877642
sel_scaf	95	5112	992877642
sel_scaf	96	4988	992877642
sel_scaf	97	4741	992877642
sel_scaf	98	4457	992877642
sel_scaf	99	4432	992877642
sel_scaf	100	4478	992877642
sel_scaf	101	4198	992877642
sel_scaf	102	3882	992877642
sel_scaf	103	3843	992877642
sel_scaf	104	3449	992877642
sel_scaf	105	3495	992877642
sel_scaf	106	3564	992877642
sel_scaf	107	3467	992877642
sel_scaf	108	3574	992877642
sel_scaf	109	3327	992877642
sel_scaf	110	3094	992877642
sel_scaf	111	2996	992877642
sel_scaf	112	3109	992877642
sel_scaf	113	3140	992877642
sel_scaf	114	3020	992877642
sel_scaf	115	2847	992877642
sel_scaf	116	2768	992877642
sel_scaf	117	2774	992877642
sel_scaf	118	2733	992877642
sel_scaf	119	2739	992877642
sel_scaf	120	2761	992877642
sel_scaf	121	2461	992877642
sel_scaf	122	2366	992877642
sel_scaf	123	2504	992877642
sel_scaf	124	2528	992877642
sel_scaf	125	2368	992877642
sel_scaf	126	2430	992877642
sel_scaf	127	2204	992877642
sel_scaf	128	2081	992877642
sel_scaf	129	2059	992877642
sel_scaf	130	2014	992877642
sel_scaf	131	2171	992877642
sel_scaf	132	1936	992877642
sel_scaf	133	1993	992877642
sel_scaf	134	2110	992877642
sel_scaf	135	1847	992877642
sel_scaf	136	1837	992877642
sel_scaf	137	1792	992877642
sel_scaf	138	1779	992877642
sel_scaf	139	1830	992877642
sel_scaf	140	1789	992877642
sel_scaf	141	1714	992877642
sel_scaf	142	1783	992877642
sel_scaf	143	1763	992877642
sel_scaf	144	1643	992877642
sel_scaf	145	1611	992877642
sel_scaf	146	1636	992877642
sel_scaf	147	1705	992877642
sel_scaf	148	1578	992877642
sel_scaf	149	1525	992877642
sel_scaf	150	1478	992877642
sel_scaf	151	1424	992877642
sel_scaf	152	1491	992877642
sel_scaf	153	1396	992877642
sel_scaf	154	1311	992877642
sel_scaf	155	1278	992877642
sel_scaf	156	1344	992877642
sel_scaf	157	1326	992877642
sel_scaf	158	1307	992877642
sel_scaf	159	1150	992877642
sel_scaf	160	1220	992877642
sel_scaf	161	1061	992877642
sel_scaf	162	1101	992877642
sel_scaf	163	1014	992877642
sel_scaf	164	1040	992877642
sel_scaf	165	1071	992877642
sel_scaf	166	1132	992877642
sel_scaf	167	1154	992877642
sel_scaf	168	1080	992877642
sel_scaf	169	1077	992877642
sel_scaf	170	1050	992877642
sel_scaf	171	1056	992877642
sel_scaf	172	1099	992877642
sel_scaf	173	1090	992877642
sel_scaf	174	1040	992877642
sel_scaf	175	955	992877642
sel_scaf	176	1035	992877642
sel_scaf	177	963	992877642
sel_scaf	178	921	992877642
sel_scaf	179	892	992877642
sel_scaf	180	886	992877642
sel_scaf	181	947	992877642
sel_scaf	182	884	992877642
sel_scaf	183	1033	992877642
sel_scaf	184	906	992877642
sel_scaf	185	833	992877642
sel_scaf	186	778	992877642
sel_scaf	187	798	992877642
sel_scaf	188	815	992877642
sel_scaf	189	806	992877642
sel_scaf	190	807	992877642
sel_scaf	191	858	992877642
sel_scaf	192	771	992877642
sel_scaf	193	726	992877642
sel_scaf	194	774	992877642
sel_scaf	195	782	992877642
sel_scaf	196	690	992877642
sel_scaf	197	735	992877642
sel_scaf	198	746	992877642
sel_scaf	199	683	992877642
sel_scaf	200	675	992877642
sel_scaf	201	706	992877642
sel_scaf	202	639	992877642
sel_scaf	203	707	992877642
sel_scaf	204	672	992877642
sel_scaf	205	757	992877642
sel_scaf	206	647	992877642
sel_scaf	207	639	992877642
sel_scaf	208	739	992877642
sel_scaf	209	682	992877642
sel_scaf	210	623	992877642
sel_scaf	211	584	992877642
sel_scaf	212	593	992877642
sel_scaf	213	587	992877642
sel_scaf	214	573	992877642
sel_scaf	215	582	992877642
sel_scaf	216	613	992877642
sel_scaf	217	554	992877642
sel_scaf	218	524	992877642
sel_scaf	219	513	992877642
sel_scaf	220	499	992877642
sel_scaf	221	523	992877642
sel_scaf	222	587	992877642
sel_scaf	223	616	992877642
sel_scaf	224	596	992877642
sel_scaf	225	560	992877642
sel_scaf	226	608	992877642
sel_scaf	227	554	992877642
sel_scaf	228	500	992877642
sel_scaf	229	447	992877642
sel_scaf	230	504	992877642
sel_scaf	231	504	992877642
sel_scaf	232	479	992877642
sel_scaf	233	529	992877642
sel_scaf	234	482	992877642
sel_scaf	235	454	992877642
sel_scaf	236	465	992877642
sel_scaf	237	488	992877642
sel_scaf	238	482	992877642
sel_scaf	239	392	992877642
sel_scaf	240	423	992877642
sel_scaf	241	421	992877642
sel_scaf	242	405	992877642
sel_scaf	243	425	992877642
sel_scaf	244	434	992877642
sel_scaf	245	409	992877642
sel_scaf	246	436	992877642
sel_scaf	247	415	992877642
sel_scaf	248	416	992877642
sel_scaf	249	414	992877642
sel_scaf	250	404	992877642
sel_scaf	251	408	992877642
sel_scaf	252	407	992877642
sel_scaf	253	462	992877642
sel_scaf	254	454	992877642
sel_scaf	255	442	992877642
sel_scaf	256	378	992877642
sel_scaf	257	483	992877642
sel_scaf	258	447	992877642
sel_scaf	259	507	992877642
sel_scaf	260	431	992877642
sel_scaf	261	431	992877642
sel_scaf	262	408	992877642
sel_scaf	263	476	992877642
sel_scaf	264	421	992877642
sel_scaf	265	460	992877642
sel_scaf	266	448	992877642
sel_scaf	267	381	992877642
sel_scaf	268	418	992877642
sel_scaf	269	442	992877642
sel_scaf	270	405	992877642
sel_scaf	271	409	992877642
sel_scaf	272	370	992877642
sel_scaf	273	347	992877642
sel_scaf	274	382	992877642
sel_scaf	275	414	992877642
sel_scaf	276	405	992877642
sel_scaf	277	366	992877642
sel_scaf	278	413	992877642
sel_scaf	279	394	992877642
sel_scaf	280	324	992877642
sel_scaf	281	344	992877642
sel_scaf	282	348	992877642
sel_scaf	283	346	992877642
sel_scaf	284	347	992877642
sel_scaf	285	312	992877642
sel_scaf	286	321	992877642
sel_scaf	287	296	992877642
sel_scaf	288	330	992877642
sel_scaf	289	315	992877642
sel_scaf	290	333	992877642
sel_scaf	291	324	992877642
sel_scaf	292	290	992877642
sel_scaf	293	337	992877642
sel_scaf	294	324	992877642
sel_scaf	295	302	992877642
sel_scaf	296	316	992877642
sel_scaf	297	290	992877642
sel_scaf	298	318	992877642
sel_scaf	299	324	992877642
sel_scaf	300	290	992877642
sel_scaf	301	277	992877642
sel_scaf	302	301	992877642
sel_scaf	303	284	992877642
sel_scaf	304	281	992877642
sel_scaf	305	241	992877642
sel_scaf	306	255	992877642
sel_scaf	307	282	992877642
sel_scaf	308	264	992877642
sel_scaf	309	249	992877642
sel_scaf	310	264	992877642
sel_scaf	311	242	992877642
sel_scaf	312	287	992877642
sel_scaf	313	301	992877642
sel_scaf	314	252	992877642
sel_scaf	315	239	992877642
sel_scaf	316	216	992877642
sel_scaf	317	217	992877642
sel_scaf	318	227	992877642
sel_scaf	319	254	992877642
sel_scaf	320	297	992877642
sel_scaf	321	229	992877642
sel_scaf	322	268	992877642
sel_scaf	323	190	992877642
sel_scaf	324	255	992877642
sel_scaf	325	220	992877642
sel_scaf	326	273	992877642
sel_scaf	327	232	992877642
sel_scaf	328	192	992877642
sel_scaf	329	204	992877642
sel_scaf	330	208	992877642
sel_scaf	331	223	992877642
sel_scaf	332	248	992877642
sel_scaf	333	254	992877642
sel_scaf	334	249	992877642
sel_scaf	335	182	992877642
sel_scaf	336	230	992877642
sel_scaf	337	208	992877642
sel_scaf	338	270	992877642
sel_scaf	339	193	992877642
sel_scaf	340	210	992877642
sel_scaf	341	185	992877642
sel_scaf	342	240	992877642
sel_scaf	343	237	992877642
sel_scaf	344	254	992877642
sel_scaf	345	213	992877642
sel_scaf	346	241	992877642
sel_scaf	347	245	992877642
sel_scaf	348	196	992877642
sel_scaf	349	222	992877642
sel_scaf	350	197	992877642
sel_scaf	351	219	992877642
sel_scaf	352	188	992877642
sel_scaf	353	213	992877642
sel_scaf	354	165	992877642
sel_scaf	355	192	992877642
sel_scaf	356	199	992877642
sel_scaf	357	225	992877642
sel_scaf	358	220	992877642
sel_scaf	359	197	992877642
sel_scaf	360	233	992877642
sel_scaf	361	188	992877642
sel_scaf	362	214	992877642
sel_scaf	363	224	992877642
sel_scaf	364	230	992877642
sel_scaf	365	218	992877642
sel_scaf	366	228	992877642
sel_scaf	367	214	992877642
sel_scaf	368	237	992877642
sel_scaf	369	197	992877642
sel_scaf	370	201	992877642
sel_scaf	371	204	992877642
sel_scaf	372	197	992877642
sel_scaf	373	184	992877642
sel_scaf	374	193	992877642
sel_scaf	375	190	992877642
sel_scaf	376	227	992877642
sel_scaf	377	197	992877642
sel_scaf	378	175	992877642
sel_scaf	379	198	992877642
sel_scaf	380	172	992877642
sel_scaf	381	196	992877642
sel_scaf	382	200	992877642
sel_scaf	383	213	992877642
sel_scaf	384	149	992877642
sel_scaf	385	199	992877642
sel_scaf	386	154	992877642
sel_scaf	387	173	992877642
sel_scaf	388	188	992877642
sel_scaf	389	163	992877642
sel_scaf	390	193	992877642
sel_scaf	391	190	992877642
sel_scaf	392	164	992877642
sel_scaf	393	154	992877642
sel_scaf	394	182	992877642
sel_scaf	395	171	992877642
sel_scaf	396	211	992877642
sel_scaf	397	170	992877642
sel_scaf	398	156	992877642
sel_scaf	399	155	992877642
sel_scaf	400	187	992877642
sel_scaf	401	196	992877642
sel_scaf	402	185	992877642
sel_scaf	403	159	992877642
sel_scaf	404	139	992877642
sel_scaf	405	165	992877642
sel_scaf	406	136	992877642
sel_scaf	407	141	992877642
sel_scaf	408	126	992877642
sel_scaf	409	144	992877642
sel_scaf	410	124	992877642
sel_scaf	411	143	992877642
sel_scaf	412	141	992877642
sel_scaf	413	131	992877642
sel_scaf	414	142	992877642
sel_scaf	415	142	992877642
sel_scaf	416	135	992877642
sel_scaf	417	156	992877642
sel_scaf	418	145	992877642
sel_scaf	419	160	992877642
sel_scaf	420	144	992877642
sel_scaf	421	159	992877642
sel_scaf	422	159	992877642
sel_scaf	423	171	992877642
sel_scaf	424	164	992877642
sel_scaf	425	195	992877642
sel_scaf	426	163	992877642
sel_scaf	427	162	992877642
sel_scaf	428	130	992877642
sel_scaf	429	153	992877642
sel_scaf	430	148	992877642
sel_scaf	431	165	992877642
sel_scaf	432	135	992877642
sel_scaf	433	141	992877642
sel_scaf	434	118	992877642
sel_scaf	435	158	992877642
sel_scaf	436	155	992877642
sel_scaf	437	159	992877642
sel_scaf	438	163	992877642
sel_scaf	439	141	992877642
sel_scaf	440	152	992877642
sel_scaf	441	168	992877642
sel_scaf	442	145	992877642
sel_scaf	443	171	992877642
sel_scaf	444	136	992877642
sel_scaf	445	158	992877642
sel_scaf	446	153	992877642
sel_scaf	447	149	992877642
sel_scaf	448	136	992877642
sel_scaf	449	141	992877642
sel_scaf	450	153	992877642
sel_scaf	451	145	992877642
sel_scaf	452	126	992877642
sel_scaf	453	130	992877642
sel_scaf	454	144	992877642
sel_scaf	455	132	992877642
sel_scaf	456	141	992877642
sel_scaf	457	125	992877642
sel_scaf	458	125	992877642
sel_scaf	459	126	992877642
sel_scaf	460	121	992877642
sel_scaf	461	128	992877642
sel_scaf	462	129	992877642
sel_scaf	463	114	992877642
sel_scaf	464	151	992877642
sel_scaf	465	116	992877642
sel_scaf	466	111	992877642
sel_scaf	467	111	992877642
sel_scaf	468	123	992877642
sel_scaf	469	124	992877642
sel_scaf	470	114	992877642
sel_scaf	471	107	992877642
sel_scaf	472	109	992877642
sel_scaf	473	122	992877642
sel_scaf	474	102	992877642
sel_scaf	475	125	992877642
sel_scaf	476	116	992877642
sel_scaf	477	127	992877642
sel_scaf	478	132	992877642
sel_scaf	479	102	992877642
sel_scaf	480	124	992877642
sel_scaf	481	102	992877642
sel_scaf	482	91	992877642
sel_scaf	483	96	992877642
sel_scaf	484	101	992877642
sel_scaf	485	112	992877642
sel_scaf	486	96	992877642
sel_scaf	487	121	992877642
sel_scaf	488	101	992877642
sel_scaf	489	106	992877642
sel_scaf	490	82	992877642
sel_scaf	491	110	992877642
sel_scaf	492	106	992877642
sel_scaf	493	94	992877642
sel_scaf	494	149	992877642
sel_scaf	495	110	992877642
sel_scaf	496	100	992877642
sel_scaf	497	97	992877642
sel_scaf	498	100	992877642
sel_scaf	499	111	992877642
sel_scaf	500	101	992877642
sel_scaf	501	95	992877642
sel_scaf	502	107	992877642
sel_scaf	503	82	992877642
sel_scaf	504	103	992877642
sel_scaf	505	110	992877642
sel_scaf	506	108	992877642
sel_scaf	507	112	992877642
sel_scaf	508	104	992877642
sel_scaf	509	104	992877642
sel_scaf	510	94	992877642
sel_scaf	511	102	992877642
sel_scaf	512	89	992877642
sel_scaf	513	111	992877642
sel_scaf	514	83	992877642
sel_scaf	515	99	992877642
sel_scaf	516	83	992877642
sel_scaf	517	93	992877642
sel_scaf	518	93	992877642
sel_scaf	519	115	992877642
sel_scaf	520	85	992877642
sel_scaf	521	98	992877642
sel_scaf	522	91	992877642
sel_scaf	523	83	992877642
sel_scaf	524	83	992877642
sel_scaf	525	97	992877642
sel_scaf	526	90	992877642
sel_scaf	527	74	992877642
sel_scaf	528	75	992877642
sel_scaf	529	100	992877642
sel_scaf	530	88	992877642
sel_scaf	531	123	992877642
sel_scaf	532	100	992877642
sel_scaf	533	112	992877642
sel_scaf	534	101	992877642
sel_scaf	535	105	992877642
sel_scaf	536	83	992877642
sel_scaf	537	85	992877642
sel_scaf	538	131	992877642
sel_scaf	539	102	992877642
sel_scaf	540	94	992877642
sel_scaf	541	78	992877642
sel_scaf	542	66	992877642
sel_scaf	543	77	992877642
sel_scaf	544	104	992877642
sel_scaf	545	88	992877642
sel_scaf	546	100	992877642
sel_scaf	547	78	992877642
sel_scaf	548	84	992877642
sel_scaf	549	97	992877642
sel_scaf	550	75	992877642
sel_scaf	551	97	992877642
sel_scaf	552	95	992877642
sel_scaf	553	71	992877642
sel_scaf	554	83	992877642
sel_scaf	555	74	992877642
sel_scaf	556	75	992877642
sel_scaf	557	77	992877642
sel_scaf	558	80	992877642
sel_scaf	559	68	992877642
sel_scaf	560	63	992877642
sel_scaf	561	78	992877642
sel_scaf	562	69	992877642
sel_scaf	563	80	992877642
sel_scaf	564	65	992877642
sel_scaf	565	63	992877642
sel_scaf	566	56	992877642
sel_scaf	567	73	992877642
sel_scaf	568	76	992877642
sel_scaf	569	69	992877642
sel_scaf	570	81	992877642
sel_scaf	571	81	992877642
sel_scaf	572	57	992877642
sel_scaf	573	63	992877642
sel_scaf	574	68	992877642
sel_scaf	575	61	992877642
sel_scaf	576	61	992877642
sel_scaf	577	76	992877642
sel_scaf	578	68	992877642
sel_scaf	579	58	992877642
sel_scaf	580	78	992877642
sel_scaf	581	86	992877642
sel_scaf	582	80	992877642
sel_scaf	583	67	992877642
sel_scaf	584	89	992877642
sel_scaf	585	58	992877642
sel_scaf	586	65	992877642
sel_scaf	587	52	992877642
sel_scaf	588	67	992877642
sel_scaf	589	54	992877642
sel_scaf	590	69	992877642
sel_scaf	591	48	992877642
sel_scaf	592	41	992877642
sel_scaf	593	62	992877642
sel_scaf	594	89	992877642
sel_scaf	595	42	992877642
sel_scaf	596	62	992877642
sel_scaf	597	51	992877642
sel_scaf	598	68	992877642
sel_scaf	599	63	992877642
sel_scaf	600	81	992877642
sel_scaf	601	51	992877642
sel_scaf	602	57	992877642
sel_scaf	603	57	992877642
sel_scaf	604	81	992877642
sel_scaf	605	55	992877642
sel_scaf	606	63	992877642
sel_scaf	607	60	992877642
sel_scaf	608	81	992877642
sel_scaf	609	48	992877642
sel_scaf	610	54	992877642
sel_scaf	611	52	992877642
sel_scaf	612	45	992877642
sel_scaf	613	42	992877642
sel_scaf	614	63	992877642
sel_scaf	615	55	992877642
sel_scaf	616	58	992877642
sel_scaf	617	51	992877642
sel_scaf	618	73	992877642
sel_scaf	619	62	992877642
sel_scaf	620	63	992877642
sel_scaf	621	79	992877642
sel_scaf	622	87	992877642
sel_scaf	623	71	992877642
sel_scaf	624	70	992877642
sel_scaf	625	76	992877642
sel_scaf	626	67	992877642
sel_scaf	627	62	992877642
sel_scaf	628	72	992877642
sel_scaf	629	65	992877642
sel_scaf	630	58	992877642
sel_scaf	631	67	992877642
sel_scaf	632	63	992877642
sel_scaf	633	69	992877642
sel_scaf	634	61	992877642
sel_scaf	635	61	992877642
sel_scaf	636	63	992877642
sel_scaf	637	55	992877642
sel_scaf	638	71	992877642
sel_scaf	639	66	992877642
sel_scaf	640	77	992877642
sel_scaf	641	58	992877642
sel_scaf	642	67	992877642
sel_scaf	643	71	992877642
sel_scaf	644	56	992877642
sel_scaf	645	61	992877642
sel_scaf	646	59	992877642
sel_scaf	647	46	992877642
sel_scaf	648	44	992877642
sel_scaf	649	54	992877642
sel_scaf	650	45	992877642
sel_scaf	651	53	992877642
sel_scaf	652	49	992877642
sel_scaf	653	70	992877642
sel_scaf	654	37	992877642
sel_scaf	655	41	992877642
sel_scaf	656	34	992877642
sel_scaf	657	39	992877642
sel_scaf	658	54	992877642
sel_scaf	659	65	992877642
sel_scaf	660	51	992877642
sel_scaf	661	50	992877642
sel_scaf	662	46	992877642
sel_scaf	663	41	992877642
sel_scaf	664	36	992877642
sel_scaf	665	45	992877642
sel_scaf	666	38	992877642
sel_scaf	667	39	992877642
sel_scaf	668	38	992877642
sel_scaf	669	49	992877642
sel_scaf	670	40	992877642
sel_scaf	671	44	992877642
sel_scaf	672	39	992877642
sel_scaf	673	47	992877642
sel_scaf	674	37	992877642
sel_scaf	675	27	992877642
sel_scaf	676	30	992877642
sel_scaf	677	44	992877642
sel_scaf	678	37	992877642
sel_scaf	679	52	992877642
sel_scaf	680	37	992877642
sel_scaf	681	70	992877642
sel_scaf	682	52	992877642
sel_scaf	683	38	992877642
sel_scaf	684	42	992877642
sel_scaf	685	44	992877642
sel_scaf	686	45	992877642
sel_scaf	687	39	992877642
sel_scaf	688	46	992877642
sel_scaf	689	32	992877642
sel_scaf	690	38	992877642
sel_scaf	691	42	992877642
sel_scaf	692	34	992877642
sel_scaf	693	42	992877642
sel_scaf	694	48	992877642
sel_scaf	695	51	992877642
sel_scaf	696	41	992877642
sel_scaf	697	45	992877642
sel_scaf	698	40	992877642
sel_scaf	699	46	992877642
sel_scaf	700	45	992877642
sel_scaf	701	48	992877642
sel_scaf	702	67	992877642
sel_scaf	703	53	992877642
sel_scaf	704	59	992877642
sel_scaf	705	46	992877642
sel_scaf	706	46	992877642
sel_scaf	707	68	992877642
sel_scaf	708	55	992877642
sel_scaf	709	70	992877642
sel_scaf	710	60	992877642
sel_scaf	711	62	992877642
sel_scaf	712	46	992877642
sel_scaf	713	50	992877642
sel_scaf	714	50	992877642
sel_scaf	715	41	992877642
sel_scaf	716	62	992877642
sel_scaf	717	59	992877642
sel_scaf	718	50	992877642
sel_scaf	719	35	992877642
sel_scaf	720	39	992877642
sel_scaf	721	43	992877642
sel_scaf	722	35	992877642
sel_scaf	723	55	992877642
sel_scaf	724	42	992877642
sel_scaf	725	47	992877642
sel_scaf	726	47	992877642
sel_scaf	727	46	992877642
sel_scaf	728	47	992877642
sel_scaf	729	42	992877642
sel_scaf	730	53	992877642
sel_scaf	731	46	992877642
sel_scaf	732	54	992877642
sel_scaf	733	50	992877642
sel_scaf	734	47	992877642
sel_scaf	735	42	992877642
sel_scaf	736	45	992877642
sel_scaf	737	55	992877642
sel_scaf	738	65	992877642
sel_scaf	739	46	992877642
sel_scaf	740	43	992877642
sel_scaf	741	54	992877642
sel_scaf	742	47	992877642
sel_scaf	743	42	992877642
sel_scaf	744	46	992877642
sel_scaf	745	54	992877642
sel_scaf	746	40	992877642
sel_scaf	747	49	992877642
sel_scaf	748	52	992877642
sel_scaf	749	45	992877642
sel_scaf	750	44	992877642
sel_scaf	751	45	992877642
sel_scaf	752	50	992877642
sel_scaf	753	47	992877642
sel_scaf	754	55	992877642
sel_scaf	755	48	992877642
sel_scaf	756	40	992877642
sel_scaf	757	59	992877642
sel_scaf	758	45	992877642
sel_scaf	759	38	992877642
sel_scaf	760	43	992877642
sel_scaf	761	41	992877642
sel_scaf	762	42	992877642
sel_scaf	763	46	992877642
sel_scaf	764	45	992877642
sel_scaf	765	52	992877642
sel_scaf	766	40	992877642
sel_scaf	767	36	992877642
sel_scaf	768	45	992877642
sel_scaf	769	48	992877642
sel_scaf	770	37	992877642
sel_scaf	771	39	992877642
sel_scaf	772	51	992877642
sel_scaf	773	49	992877642
sel_scaf	774	38	992877642
sel_scaf	775	50	992877642
sel_scaf	776	49	992877642
sel_scaf	777	39	992877642
sel_scaf	778	47	992877642
sel_scaf	779	33	992877642
sel_scaf	780	47	992877642
sel_scaf	781	48	992877642
sel_scaf	782	43	992877642
sel_scaf	783	32	992877642
sel_scaf	784	39	992877642
sel_scaf	785	52	992877642
sel_scaf	786	32	992877642
sel_scaf	787	37	992877642
sel_scaf	788	61	992877642
sel_scaf	789	52	992877642
sel_scaf	790	48	992877642
sel_scaf	791	49	992877642
sel_scaf	792	41	992877642
sel_scaf	793	50	992877642
sel_scaf	794	45	992877642
sel_scaf	795	50	992877642
sel_scaf	796	47	992877642
sel_scaf	797	31	992877642
sel_scaf	798	35	992877642
sel_scaf	799	43	992877642
sel_scaf	800	57	992877642
sel_scaf	801	54	992877642
sel_scaf	802	48	992877642
sel_scaf	803	27	992877642
sel_scaf	804	36	992877642
sel_scaf	805	37	992877642
sel_scaf	806	35	992877642
sel_scaf	807	33	992877642
sel_scaf	808	30	992877642
sel_scaf	809	42	992877642
sel_scaf	810	37	992877642
sel_scaf	811	34	992877642
sel_scaf	812	51	992877642
sel_scaf	813	41	992877642
sel_scaf	814	41	992877642
sel_scaf	815	43	992877642
sel_scaf	816	28	992877642
sel_scaf	817	27	992877642
sel_scaf	818	41	992877642
sel_scaf	819	40	992877642
sel_scaf	820	30	992877642
sel_scaf	821	42	992877642
sel_scaf	822	28	992877642
sel_scaf	823	39	992877642
sel_scaf	824	28	992877642
sel_scaf	825	34	992877642
sel_scaf	826	39	992877642
sel_scaf	827	38	992877642
sel_scaf	828	27	992877642
sel_scaf	829	36	992877642
sel_scaf	830	26	992877642
sel_scaf	831	31	992877642
sel_scaf	832	34	992877642
sel_scaf	833	30	992877642
sel_scaf	834	32	992877642
sel_scaf	835	32	992877642
sel_scaf	836	39	992877642
sel_scaf	837	31	992877642
sel_scaf	838	33	992877642
sel_scaf	839	39	992877642
sel_scaf	840	32	992877642
sel_scaf	841	45	992877642
sel_scaf	842	53	992877642
sel_scaf	843	36	992877642
sel_scaf	844	32	992877642
sel_scaf	845	27	992877642
sel_scaf	846	35	992877642
sel_scaf	847	21	992877642
sel_scaf	848	34	992877642
sel_scaf	849	31	992877642
sel_scaf	850	37	992877642
sel_scaf	851	36	992877642
sel_scaf	852	22	992877642
sel_scaf	853	34	992877642
sel_scaf	854	28	992877642
sel_scaf	855	30	992877642
sel_scaf	856	25	992877642
sel_scaf	857	37	992877642
sel_scaf	858	33	992877642
sel_scaf	859	27	992877642
sel_scaf	860	46	992877642
sel_scaf	861	30	992877642
sel_scaf	862	31	992877642
sel_scaf	863	27	992877642
sel_scaf	864	37	992877642
sel_scaf	865	32	992877642
sel_scaf	866	29	992877642
sel_scaf	867	21	992877642
sel_scaf	868	21	992877642
sel_scaf	869	27	992877642
sel_scaf	870	32	992877642
sel_scaf	871	20	992877642
sel_scaf	872	30	992877642
sel_scaf	873	22	992877642
sel_scaf	874	24	992877642
sel_scaf	875	27	992877642
sel_scaf	876	17	992877642
sel_scaf	877	24	992877642
sel_scaf	878	22	992877642
sel_scaf	879	31	992877642
sel_scaf	880	27	992877642
sel_scaf	881	29	992877642
sel_scaf	882	37	992877642
sel_scaf	883	24	992877642
sel_scaf	884	31	992877642
sel_scaf	885	26	992877642
sel_scaf	886	27	992877642
sel_scaf	887	30	992877642
sel_scaf	888	24	992877642
sel_scaf	889	31	992877642
sel_scaf	890	26	992877642
sel_scaf	891	26	992877642
sel_scaf	892	37	992877642
sel_scaf	893	31	992877642
sel_scaf	894	23	992877642
sel_scaf	895	37	992877642
sel_scaf	896	25	992877642
sel_scaf	897	40	992877642
sel_scaf	898	35	992877642
sel_scaf	899	29	992877642
sel_scaf	900	33	992877642
sel_scaf	901	30	992877642
sel_scaf	902	33	992877642
sel_scaf	903	30	992877642
sel_scaf	904	28	992877642
sel_scaf	905	44	992877642
sel_scaf	906	43	992877642
sel_scaf	907	33	992877642
sel_scaf	908	19	992877642
sel_scaf	909	22	992877642
sel_scaf	910	34	992877642
sel_scaf	911	23	992877642
sel_scaf	912	26	992877642
sel_scaf	913	25	992877642
sel_scaf	914	36	992877642
sel_scaf	915	23	992877642
sel_scaf	916	30	992877642
sel_scaf	917	17	992877642
sel_scaf	918	26	992877642
sel_scaf	919	21	992877642
sel_scaf	920	37	992877642
sel_scaf	921	29	992877642
sel_scaf	922	21	992877642
sel_scaf	923	32	992877642
sel_scaf	924	33	992877642
sel_scaf	925	29	992877642
sel_scaf	926	26	992877642
sel_scaf	927	32	992877642
sel_scaf	928	34	992877642
sel_scaf	929	44	992877642
sel_scaf	930	36	992877642
sel_scaf	931	27	992877642
sel_scaf	932	22	992877642
sel_scaf	933	36	992877642
sel_scaf	934	30	992877642
sel_scaf	935	23	992877642
sel_scaf	936	20	992877642
sel_scaf	937	29	992877642
sel_scaf	938	25	992877642
sel_scaf	939	26	992877642
sel_scaf	940	22	992877642
sel_scaf	941	32	992877642
sel_scaf	942	31	992877642
sel_scaf	943	33	992877642
sel_scaf	944	39	992877642
sel_scaf	945	33	992877642
sel_scaf	946	28	992877642
sel_scaf	947	28	992877642
sel_scaf	948	32	992877642
sel_scaf	949	27	992877642
sel_scaf	950	35	992877642
sel_scaf	951	29	992877642
sel_scaf	952	30	992877642
sel_scaf	953	36	992877642
sel_scaf	954	22	992877642
sel_scaf	955	32	992877642
sel_scaf	956	32	992877642
sel_scaf	957	30	992877642
sel_scaf	958	25	992877642
sel_scaf	959	29	992877642
sel_scaf	960	26	992877642
sel_scaf	961	26	992877642
sel_scaf	962	32	992877642
sel_scaf	963	24	992877642
sel_scaf	964	29	992877642
sel_scaf	965	21	992877642
sel_scaf	966	38	992877642
sel_scaf	967	34	992877642
sel_scaf	968	25	992877642
sel_scaf	969	31	992877642
sel_scaf	970	31	992877642
sel_scaf	971	33	992877642
sel_scaf	972	23	992877642
sel_scaf	973	17	992877642
sel_scaf	974	25	992877642
sel_scaf	975	23	992877642
sel_scaf	976	22	992877642
sel_scaf	977	38	992877642
sel_scaf	978	19	992877642
sel_scaf	979	29	992877642
sel_scaf	980	28	992877642
sel_scaf	981	24	992877642
sel_scaf	982	29	992877642
sel_scaf	983	29	992877642
sel_scaf	984	26	992877642
sel_scaf	985	24	992877642
sel_scaf	986	29	992877642
sel_scaf	987	19	992877642
sel_scaf	988	50	992877642
sel_scaf	989	39	992877642
sel_scaf	990	19	992877642
sel_scaf	991	23	992877642
sel_scaf	992	26	992877642
sel_scaf	993	24	992877642
sel_scaf	994	14	992877642
sel_scaf	995	19	992877642
sel_scaf	996	15	992877642
sel_scaf	997	22	992877642
sel_scaf	998	27	992877642
sel_scaf	999	23	992877642
sel_scaf	1000	28	992877642
sel_scaf	1001	21	992877642
sel_scaf	1002	26	992877642
sel_scaf	1003	26	992877642
sel_scaf	1004	19	992877642
sel_scaf	1005	19	992877642
sel_scaf	1006	16	992877642
sel_scaf	1007	21	992877642
sel_scaf	1008	29	992877642
sel_scaf	1009	22	992877642
sel_scaf	1010	20	992877642
sel_scaf	1011	31	992877642
sel_scaf	1012	20	992877642
sel_scaf	1013	15	992877642
sel_scaf	1014	24	992877642
sel_scaf	1015	21	992877642
sel_scaf	1016	9	992877642
sel_scaf	1017	20	992877642
sel_scaf	1018	21	992877642
sel_scaf	1019	14	992877642
sel_scaf	1020	28	992877642
sel_scaf	1021	18	992877642
sel_scaf	1022	16	992877642
sel_scaf	1023	31	992877642
sel_scaf	1024	28	992877642
sel_scaf	1025	23	992877642
sel_scaf	1026	26	992877642
sel_scaf	1027	24	992877642
sel_scaf	1028	17	992877642
sel_scaf	1029	25	992877642
sel_scaf	1030	27	992877642
sel_scaf	1031	18	992877642
sel_scaf	1032	21	992877642
sel_scaf	1033	27	992877642
sel_scaf	1034	32	992877642
sel_scaf	1035	26	992877642
sel_scaf	1036	16	992877642
sel_scaf	1037	29	992877642
sel_scaf	1038	41	992877642
sel_scaf	1039	36	992877642
sel_scaf	1040	26	992877642
sel_scaf	1041	15	992877642
sel_scaf	1042	20	992877642
sel_scaf	1043	25	992877642
sel_scaf	1044	15	992877642
sel_scaf	1045	29	992877642
sel_scaf	1046	31	992877642
sel_scaf	1047	25	992877642
sel_scaf	1048	18	992877642
sel_scaf	1049	21	992877642
sel_scaf	1050	27	992877642
sel_scaf	1051	26	992877642
sel_scaf	1052	34	992877642
sel_scaf	1053	24	992877642
sel_scaf	1054	23	992877642
sel_scaf	1055	22	992877642
sel_scaf	1056	22	992877642
sel_scaf	1057	27	992877642
sel_scaf	1058	13	992877642
sel_scaf	1059	17	992877642
sel_scaf	1060	22	992877642
sel_scaf	1061	19	992877642
sel_scaf	1062	26	992877642
sel_scaf	1063	29	992877642
sel_scaf	1064	26	992877642
sel_scaf	1065	18	992877642
sel_scaf	1066	23	992877642
sel_scaf	1067	26	992877642
sel_scaf	1068	28	992877642
sel_scaf	1069	19	992877642
sel_scaf	1070	13	992877642
sel_scaf	1071	18	992877642
sel_scaf	1072	16	992877642
sel_scaf	1073	11	992877642
sel_scaf	1074	16	992877642
sel_scaf	1075	19	992877642
sel_scaf	1076	16	992877642
sel_scaf	1077	21	992877642
sel_scaf	1078	23	992877642
sel_scaf	1079	35	992877642
sel_scaf	1080	21	992877642
sel_scaf	1081	23	992877642
sel_scaf	1082	16	992877642
sel_scaf	1083	20	992877642
sel_scaf	1084	19	992877642
sel_scaf	1085	21	992877642
sel_scaf	1086	29	992877642
sel_scaf	1087	20	992877642
sel_scaf	1088	25	992877642
sel_scaf	1089	23	992877642
sel_scaf	1090	15	992877642
sel_scaf	1091	21	992877642
sel_scaf	1092	20	992877642
sel_scaf	1093	24	992877642
sel_scaf	1094	26	992877642
sel_scaf	1095	19	992877642
sel_scaf	1096	25	992877642
sel_scaf	1097	13	992877642
sel_scaf	1098	22	992877642
sel_scaf	1099	15	992877642
sel_scaf	1100	14	992877642
sel_scaf	1101	21	992877642
sel_scaf	1102	25	992877642
sel_scaf	1103	8	992877642
sel_scaf	1104	18	992877642
sel_scaf	1105	14	992877642
sel_scaf	1106	17	992877642
sel_scaf	1107	16	992877642
sel_scaf	1108	18	992877642
sel_scaf	1109	10	992877642
sel_scaf	1110	18	992877642
sel_scaf	1111	13	992877642
sel_scaf	1112	21	992877642
sel_scaf	1113	13	992877642
sel_scaf	1114	9	992877642
sel_scaf	1115	18	992877642
sel_scaf	1116	23	992877642
sel_scaf	1117	10	992877642
sel_scaf	1118	10	992877642
sel_scaf	1119	16	992877642
sel_scaf	1120	16	992877642
sel_scaf	1121	8	992877642
sel_scaf	1122	16	992877642
sel_scaf	1123	19	992877642
sel_scaf	1124	18	992877642
sel_scaf	1125	20	992877642
sel_scaf	1126	18	992877642
sel_scaf	1127	16	992877642
sel_scaf	1128	15	992877642
sel_scaf	1129	10	992877642
sel_scaf	1130	16	992877642
sel_scaf	1131	15	992877642
sel_scaf	1132	22	992877642
sel_scaf	1133	12	992877642
sel_scaf	1134	19	992877642
sel_scaf	1135	18	992877642
sel_scaf	1136	22	992877642
sel_scaf	1137	6	992877642
sel_scaf	1138	13	992877642
sel_scaf	1139	13	992877642
sel_scaf	1140	15	992877642
sel_scaf	1141	19	992877642
sel_scaf	1142	16	992877642
sel_scaf	1143	21	992877642
sel_scaf	1144	26	992877642
sel_scaf	1145	16	992877642
sel_scaf	1146	14	992877642
sel_scaf	1147	14	992877642
sel_scaf	1148	16	992877642
sel_scaf	1149	17	992877642
sel_scaf	1150	10	992877642
sel_scaf	1151	17	992877642
sel_scaf	1152	16	992877642
sel_scaf	1153	13	992877642
sel_scaf	1154	8	992877642
sel_scaf	1155	17	992877642
sel_scaf	1156	11	992877642
sel_scaf	1157	21	992877642
sel_scaf	1158	15	992877642
sel_scaf	1159	17	992877642
sel_scaf	1160	16	992877642
sel_scaf	1161	16	992877642
sel_scaf	1162	11	992877642
sel_scaf	1163	13	992877642
sel_scaf	1164	14	992877642
sel_scaf	1165	9	992877642
sel_scaf	1166	11	992877642
sel_scaf	1167	17	992877642
sel_scaf	1168	9	992877642
sel_scaf	1169	12	992877642
sel_scaf	1170	9	992877642
sel_scaf	1171	18	992877642
sel_scaf	1172	15	992877642
sel_scaf	1173	9	992877642
sel_scaf	1174	11	992877642
sel_scaf	1175	13	992877642
sel_scaf	1176	6	992877642
sel_scaf	1177	10	992877642
sel_scaf	1178	13	992877642
sel_scaf	1179	17	992877642
sel_scaf	1180	13	992877642
sel_scaf	1181	7	992877642
sel_scaf	1182	15	992877642
sel_scaf	1183	19	992877642
sel_scaf	1184	14	992877642
sel_scaf	1185	16	992877642
sel_scaf	1186	15	992877642
sel_scaf	1187	11	992877642
sel_scaf	1188	13	992877642
sel_scaf	1189	15	992877642
sel_scaf	1190	6	992877642
sel_scaf	1191	8	992877642
sel_scaf	1192	13	992877642
sel_scaf	1193	12	992877642
sel_scaf	1194	14	992877642
sel_scaf	1195	18	992877642
sel_scaf	1196	9	992877642
sel_scaf	1197	12	992877642
sel_scaf	1198	10	992877642
sel_scaf	1199	4	992877642
sel_scaf	1200	8	992877642
sel_scaf	1201	20	992877642
sel_scaf	1202	16	992877642
sel_scaf	1203	7	992877642
sel_scaf	1204	6	992877642
sel_scaf	1205	11	992877642
sel_scaf	1206	17	992877642
sel_scaf	1207	11	992877642
sel_scaf	1208	17	992877642
sel_scaf	1209	13	992877642
sel_scaf	1210	7	992877642
sel_scaf	1211	13	992877642
sel_scaf	1212	16	992877642
sel_scaf	1213	14	992877642
sel_scaf	1214	12	992877642
sel_scaf	1215	4	992877642
sel_scaf	1216	13	992877642
sel_scaf	1217	22	992877642
sel_scaf	1218	12	992877642
sel_scaf	1219	19	992877642
sel_scaf	1220	14	992877642
sel_scaf	1221	16	992877642
sel_scaf	1222	8	992877642
sel_scaf	1223	10	992877642
sel_scaf	1224	13	992877642
sel_scaf	1225	11	992877642
sel_scaf	1226	14	992877642
sel_scaf	1227	14	992877642
sel_scaf	1228	8	992877642
sel_scaf	1229	13	992877642
sel_scaf	1230	12	992877642
sel_scaf	1231	13	992877642
sel_scaf	1232	11	992877642
sel_scaf	1233	18	992877642
sel_scaf	1234	7	992877642
sel_scaf	1235	12	992877642
sel_scaf	1236	16	992877642
sel_scaf	1237	22	992877642
sel_scaf	1238	14	992877642
sel_scaf	1239	20	992877642
sel_scaf	1240	15	992877642
sel_scaf	1241	14	992877642
sel_scaf	1242	24	992877642
sel_scaf	1243	36	992877642
sel_scaf	1244	16	992877642
sel_scaf	1245	16	992877642
sel_scaf	1246	8	992877642
sel_scaf	1247	16	992877642
sel_scaf	1248	17	992877642
sel_scaf	1249	15	992877642
sel_scaf	1250	17	992877642
sel_scaf	1251	13	992877642
sel_scaf	1252	16	992877642
sel_scaf	1253	15	992877642
sel_scaf	1254	12	992877642
sel_scaf	1255	16	992877642
sel_scaf	1256	6	992877642
sel_scaf	1257	13	992877642
sel_scaf	1258	13	992877642
sel_scaf	1259	18	992877642
sel_scaf	1260	18	992877642
sel_scaf	1261	11	992877642
sel_scaf	1262	16	992877642
sel_scaf	1263	14	992877642
sel_scaf	1264	11	992877642
sel_scaf	1265	8	992877642
sel_scaf	1266	8	992877642
sel_scaf	1267	12	992877642
sel_scaf	1268	18	992877642
sel_scaf	1269	4	992877642
sel_scaf	1270	11	992877642
sel_scaf	1271	11	992877642
sel_scaf	1272	14	992877642
sel_scaf	1273	13	992877642
sel_scaf	1274	12	992877642
sel_scaf	1275	17	992877642
sel_scaf	1276	11	992877642
sel_scaf	1277	12	992877642
sel_scaf	1278	13	992877642
sel_scaf	1279	14	992877642
sel_scaf	1280	14	992877642
sel_scaf	1281	8	992877642
sel_scaf	1282	13	992877642
sel_scaf	1283	6	992877642
sel_scaf	1284	12	992877642
sel_scaf	1285	3	992877642
sel_scaf	1286	9	992877642
sel_scaf	1287	16	992877642
sel_scaf	1288	15	992877642
sel_scaf	1289	9	992877642
sel_scaf	1290	10	992877642
sel_scaf	1291	13	992877642
sel_scaf	1292	14	992877642
sel_scaf	1293	13	992877642
sel_scaf	1294	7	992877642
sel_scaf	1295	15	992877642
sel_scaf	1296	11	992877642
sel_scaf	1297	15	992877642
sel_scaf	1298	16	992877642
sel_scaf	1299	15	992877642
sel_scaf	1300	11	992877642
sel_scaf	1301	21	992877642
sel_scaf	1302	20	992877642
sel_scaf	1303	19	992877642
sel_scaf	1304	11	992877642
sel_scaf	1305	8	992877642
sel_scaf	1306	17	992877642
sel_scaf	1307	15	992877642
sel_scaf	1308	12	992877642
sel_scaf	1309	13	992877642
sel_scaf	1310	13	992877642
sel_scaf	1311	10	992877642
sel_scaf	1312	16	992877642
sel_scaf	1313	14	992877642
sel_scaf	1314	15	992877642
sel_scaf	1315	20	992877642
sel_scaf	1316	11	992877642
sel_scaf	1317	15	992877642
sel_scaf	1318	11	992877642
sel_scaf	1319	10	992877642
sel_scaf	1320	15	992877642
sel_scaf	1321	13	992877642
sel_scaf	1322	18	992877642
sel_scaf	1323	14	992877642
sel_scaf	1324	13	992877642
sel_scaf	1325	13	992877642
sel_scaf	1326	11	992877642
sel_scaf	1327	16	992877642
sel_scaf	1328	17	992877642
sel_scaf	1329	17	992877642
sel_scaf	1330	26	992877642
sel_scaf	1331	7	992877642
sel_scaf	1332	23	992877642
sel_scaf	1333	13	992877642
sel_scaf	1334	10	992877642
sel_scaf	1335	20	992877642
sel_scaf	1336	10	992877642
sel_scaf	1337	16	992877642
sel_scaf	1338	19	992877642
sel_scaf	1339	15	992877642
sel_scaf	1340	19	992877642
sel_scaf	1341	23	992877642
sel_scaf	1342	20	992877642
sel_scaf	1343	8	992877642
sel_scaf	1344	15	992877642
sel_scaf	1345	19	992877642
sel_scaf	1346	14	992877642
sel_scaf	1347	11	992877642
sel_scaf	1348	16	992877642
sel_scaf	1349	17	992877642
sel_scaf	1350	14	992877642
sel_scaf	1351	13	992877642
sel_scaf	1352	19	992877642
sel_scaf	1353	12	992877642
sel_scaf	1354	11	992877642
sel_scaf	1355	14	992877642
sel_scaf	1356	8	992877642
sel_scaf	1357	10	992877642
sel_scaf	1358	14	992877642
sel_scaf	1359	10	992877642
sel_scaf	1360	17	992877642
sel_scaf	1361	12	992877642
sel_scaf	1362	13	992877642
sel_scaf	1363	13	992877642
sel_scaf	1364	16	992877642
sel_scaf	1365	12	992877642
sel_scaf	1366	18	992877642
sel_scaf	1367	15	992877642
sel_scaf	1368	6	992877642
sel_scaf	1369	6	992877642
sel_scaf	1370	12	992877642
sel_scaf	1371	15	992877642
sel_scaf	1372	12	992877642
sel_scaf	1373	18	992877642
sel_scaf	1374	15	992877642
sel_scaf	1375	7	992877642
sel_scaf	1376	7	992877642
sel_scaf	1377	14	992877642
sel_scaf	1378	5	992877642
sel_scaf	1379	11	992877642
sel_scaf	1380	6	992877642
sel_scaf	1381	18	992877642
sel_scaf	1382	20	992877642
sel_scaf	1383	16	992877642
sel_scaf	1384	6	992877642
sel_scaf	1385	6	992877642
sel_scaf	1386	11	992877642
sel_scaf	1387	18	992877642
sel_scaf	1388	7	992877642
sel_scaf	1389	8	992877642
sel_scaf	1390	21	992877642
sel_scaf	1391	15	992877642
sel_scaf	1392	10	992877642
sel_scaf	1393	17	992877642
sel_scaf	1394	13	992877642
sel_scaf	1395	13	992877642
sel_scaf	1396	9	992877642
sel_scaf	1397	12	992877642
sel_scaf	1398	6	992877642
sel_scaf	1399	16	992877642
sel_scaf	1400	10	992877642
sel_scaf	1401	10	992877642
sel_scaf	1402	11	992877642
sel_scaf	1403	10	992877642
sel_scaf	1404	15	992877642
sel_scaf	1405	12	992877642
sel_scaf	1406	13	992877642
sel_scaf	1407	8	992877642
sel_scaf	1408	13	992877642
sel_scaf	1409	13	992877642
sel_scaf	1410	12	992877642
sel_scaf	1411	9	992877642
sel_scaf	1412	11	992877642
sel_scaf	1413	13	992877642
sel_scaf	1414	20	992877642
sel_scaf	1415	13	992877642
sel_scaf	1416	10	992877642
sel_scaf	1417	14	992877642
sel_scaf	1418	14	992877642
sel_scaf	1419	17	992877642
sel_scaf	1420	22	992877642
sel_scaf	1421	20	992877642
sel_scaf	1422	11	992877642
sel_scaf	1423	6	992877642
sel_scaf	1424	6	992877642
sel_scaf	1425	17	992877642
sel_scaf	1426	12	992877642
sel_scaf	1427	12	992877642
sel_scaf	1428	14	992877642
sel_scaf	1429	9	992877642
sel_scaf	1430	11	992877642
sel_scaf	1431	9	992877642
sel_scaf	1432	4	992877642
sel_scaf	1433	6	992877642
sel_scaf	1434	12	992877642
sel_scaf	1435	13	992877642
sel_scaf	1436	11	992877642
sel_scaf	1437	7	992877642
sel_scaf	1438	9	992877642
sel_scaf	1439	15	992877642
sel_scaf	1440	11	992877642
sel_scaf	1441	13	992877642
sel_scaf	1442	15	992877642
sel_scaf	1443	8	992877642
sel_scaf	1444	14	992877642
sel_scaf	1445	9	992877642
sel_scaf	1446	21	992877642
sel_scaf	1447	20	992877642
sel_scaf	1448	11	992877642
sel_scaf	1449	16	992877642
sel_scaf	1450	9	992877642
sel_scaf	1451	17	992877642
sel_scaf	1452	13	992877642
sel_scaf	1453	15	992877642
sel_scaf	1454	10	992877642
sel_scaf	1455	13	992877642
sel_scaf	1456	12	992877642
sel_scaf	1457	17	992877642
sel_scaf	1458	23	992877642
sel_scaf	1459	8	992877642
sel_scaf	1460	18	992877642
sel_scaf	1461	12	992877642
sel_scaf	1462	12	992877642
sel_scaf	1463	8	992877642
sel_scaf	1464	10	992877642
sel_scaf	1465	8	992877642
sel_scaf	1466	7	992877642
sel_scaf	1467	14	992877642
sel_scaf	1468	8	992877642
sel_scaf	1469	8	992877642
sel_scaf	1470	14	992877642
sel_scaf	1471	8	992877642
sel_scaf	1472	10	992877642
sel_scaf	1473	8	992877642
sel_scaf	1474	17	992877642
sel_scaf	1475	14	992877642
sel_scaf	1476	13	992877642
sel_scaf	1477	17	992877642
sel_scaf	1478	16	992877642
sel_scaf	1479	14	992877642
sel_scaf	1480	19	992877642
sel_scaf	1481	17	992877642
sel_scaf	1482	14	992877642
sel_scaf	1483	7	992877642
sel_scaf	1484	12	992877642
sel_scaf	1485	8	992877642
sel_scaf	1486	11	992877642
sel_scaf	1487	8	992877642
sel_scaf	1488	12	992877642
sel_scaf	1489	10	992877642
sel_scaf	1490	12	992877642
sel_scaf	1491	15	992877642
sel_scaf	1492	14	992877642
sel_scaf	1493	11	992877642
sel_scaf	1494	12	992877642
sel_scaf	1495	8	992877642
sel_scaf	1496	12	992877642
sel_scaf	1497	13	992877642
sel_scaf	1498	7	992877642
sel_scaf	1499	8	992877642
sel_scaf	1500	17	992877642
sel_scaf	1501	6	992877642
sel_scaf	1502	5	992877642
sel_scaf	1503	14	992877642
sel_scaf	1504	11	992877642
sel_scaf	1505	5	992877642
sel_scaf	1506	9	992877642
sel_scaf	1507	10	992877642
sel_scaf	1508	6	992877642
sel_scaf	1509	11	992877642
sel_scaf	1510	6	992877642
sel_scaf	1511	13	992877642
sel_scaf	1512	13	992877642
sel_scaf	1513	16	992877642
sel_scaf	1514	8	992877642
sel_scaf	1515	11	992877642
sel_scaf	1516	9	992877642
sel_scaf	1517	8	992877642
sel_scaf	1518	4	992877642
sel_scaf	1519	9	992877642
sel_scaf	1520	17	992877642
sel_scaf	1521	8	992877642
sel_scaf	1522	10	992877642
sel_scaf	1523	7	992877642
sel_scaf	1524	9	992877642
sel_scaf	1525	4	992877642
sel_scaf	1526	9	992877642
sel_scaf	1527	9	992877642
sel_scaf	1528	15	992877642
sel_scaf	1529	9	992877642
sel_scaf	1530	16	992877642
sel_scaf	1531	4	992877642
sel_scaf	1532	9	992877642
sel_scaf	1533	17	992877642
sel_scaf	1534	12	992877642
sel_scaf	1535	9	992877642
sel_scaf	1536	9	992877642
sel_scaf	1537	14	992877642
sel_scaf	1538	8	992877642
sel_scaf	1539	6	992877642
sel_scaf	1540	11	992877642
sel_scaf	1541	9	992877642
sel_scaf	1542	12	992877642
sel_scaf	1543	8	992877642
sel_scaf	1544	10	992877642
sel_scaf	1545	6	992877642
sel_scaf	1546	13	992877642
sel_scaf	1547	16	992877642
sel_scaf	1548	9	992877642
sel_scaf	1549	6	992877642
sel_scaf	1550	16	992877642
sel_scaf	1551	7	992877642
sel_scaf	1552	13	992877642
sel_scaf	1553	10	992877642
sel_scaf	1554	9	992877642
sel_scaf	1555	8	992877642
sel_scaf	1556	10	992877642
sel_scaf	1557	6	992877642
sel_scaf	1558	7	992877642
sel_scaf	1559	9	992877642
sel_scaf	1560	11	992877642
sel_scaf	1561	12	992877642
sel_scaf	1562	9	992877642
sel_scaf	1563	7	992877642
sel_scaf	1564	6	992877642
sel_scaf	1565	6	992877642
sel_scaf	1566	8	992877642
sel_scaf	1567	9	992877642
sel_scaf	1568	8	992877642
sel_scaf	1569	6	992877642
sel_scaf	1570	5	992877642
sel_scaf	1571	10	992877642
sel_scaf	1572	6	992877642
sel_scaf	1573	6	992877642
sel_scaf	1574	13	992877642
sel_scaf	1575	12	992877642
sel_scaf	1576	5	992877642
sel_scaf	1577	7	992877642
sel_scaf	1578	4	992877642
sel_scaf	1579	4	992877642
sel_scaf	1580	8	992877642
sel_scaf	1581	5	992877642
sel_scaf	1582	9	992877642
sel_scaf	1583	6	992877642
sel_scaf	1584	10	992877642
sel_scaf	1585	5	992877642
sel_scaf	1586	13	992877642
sel_scaf	1587	8	992877642
sel_scaf	1588	5	992877642
sel_scaf	1589	10	992877642
sel_scaf	1590	1	992877642
sel_scaf	1591	7	992877642
sel_scaf	1592	6	992877642
sel_scaf	1593	8	992877642
sel_scaf	1594	6	992877642
sel_scaf	1595	7	992877642
sel_scaf	1596	5	992877642
sel_scaf	1597	5	992877642
sel_scaf	1598	6	992877642
sel_scaf	1599	7	992877642
sel_scaf	1600	10	992877642
sel_scaf	1601	10	992877642
sel_scaf	1602	5	992877642
sel_scaf	1603	11	992877642
sel_scaf	1604	5	992877642
sel_scaf	1605	5	992877642
sel_scaf	1606	9	992877642
sel_scaf	1607	15	992877642
sel_scaf	1608	5	992877642
sel_scaf	1609	10	992877642
sel_scaf	1610	5	992877642
sel_scaf	1611	7	992877642
sel_scaf	1612	9	992877642
sel_scaf	1613	4	992877642
sel_scaf	1614	5	992877642
sel_scaf	1615	4	992877642
sel_scaf	1616	6	992877642
sel_scaf	1617	11	992877642
sel_scaf	1618	9	992877642
sel_scaf	1619	7	992877642
sel_scaf	1620	3	992877642
sel_scaf	1621	4	992877642
sel_scaf	1622	5	992877642
sel_scaf	1623	15	992877642
sel_scaf	1624	6	992877642
sel_scaf	1625	4	992877642
sel_scaf	1626	6	992877642
sel_scaf	1627	7	992877642
sel_scaf	1628	10	992877642
sel_scaf	1629	6	992877642
sel_scaf	1630	4	992877642
sel_scaf	1631	8	992877642
sel_scaf	1632	10	992877642
sel_scaf	1633	7	992877642
sel_scaf	1634	5	992877642
sel_scaf	1635	4	992877642
sel_scaf	1636	8	992877642
sel_scaf	1637	12	992877642
sel_scaf	1638	13	992877642
sel_scaf	1639	4	992877642
sel_scaf	1640	4	992877642
sel_scaf	1641	10	992877642
sel_scaf	1642	1	992877642
sel_scaf	1643	10	992877642
sel_scaf	1644	10	992877642
sel_scaf	1645	7	992877642
sel_scaf	1646	9	992877642
sel_scaf	1647	11	992877642
sel_scaf	1648	6	992877642
sel_scaf	1649	9	992877642
sel_scaf	1650	4	992877642
sel_scaf	1651	13	992877642
sel_scaf	1652	8	992877642
sel_scaf	1653	5	992877642
sel_scaf	1654	6	992877642
sel_scaf	1655	13	992877642
sel_scaf	1656	9	992877642
sel_scaf	1657	4	992877642
sel_scaf	1658	9	992877642
sel_scaf	1659	9	992877642
sel_scaf	1660	7	992877642
sel_scaf	1661	9	992877642
sel_scaf	1662	13	992877642
sel_scaf	1663	9	992877642
sel_scaf	1664	12	992877642
sel_scaf	1665	6	992877642
sel_scaf	1666	14	992877642
sel_scaf	1667	6	992877642
sel_scaf	1668	7	992877642
sel_scaf	1669	16	992877642
sel_scaf	1670	9	992877642
sel_scaf	1671	7	992877642
sel_scaf	1672	14	992877642
sel_scaf	1673	7	992877642
sel_scaf	1674	7	992877642
sel_scaf	1675	5	992877642
sel_scaf	1676	6	992877642
sel_scaf	1677	13	992877642
sel_scaf	1678	10	992877642
sel_scaf	1679	9	992877642
sel_scaf	1680	7	992877642
sel_scaf	1681	7	992877642
sel_scaf	1682	11	992877642
sel_scaf	1683	10	992877642
sel_scaf	1684	8	992877642
sel_scaf	1685	8	992877642
sel_scaf	1686	5	992877642
sel_scaf	1687	8	992877642
sel_scaf	1688	12	992877642
sel_scaf	1689	9	992877642
sel_scaf	1690	9	992877642
sel_scaf	1691	10	992877642
sel_scaf	1692	7	992877642
sel_scaf	1693	10	992877642
sel_scaf	1694	8	992877642
sel_scaf	1695	9	992877642
sel_scaf	1696	5	992877642
sel_scaf	1697	6	992877642
sel_scaf	1698	4	992877642
sel_scaf	1699	3	992877642
sel_scaf	1700	5	992877642
sel_scaf	1701	5	992877642
sel_scaf	1702	7	992877642
sel_scaf	1703	5	992877642
sel_scaf	1704	6	992877642
sel_scaf	1705	7	992877642
sel_scaf	1706	11	992877642
sel_scaf	1707	6	992877642
sel_scaf	1708	2	992877642
sel_scaf	1709	7	992877642
sel_scaf	1710	8	992877642
sel_scaf	1711	7	992877642
sel_scaf	1712	8	992877642
sel_scaf	1713	7	992877642
sel_scaf	1714	7	992877642
sel_scaf	1715	9	992877642
sel_scaf	1716	4	992877642
sel_scaf	1717	9	992877642
sel_scaf	1718	5	992877642
sel_scaf	1719	8	992877642
sel_scaf	1720	6	992877642
sel_scaf	1721	7	992877642
sel_scaf	1722	3	992877642
sel_scaf	1723	8	992877642
sel_scaf	1724	6	992877642
sel_scaf	1725	10	992877642
sel_scaf	1726	3	992877642
sel_scaf	1727	8	992877642
sel_scaf	1728	10	992877642
sel_scaf	1729	6	992877642
sel_scaf	1730	6	992877642
sel_scaf	1731	9	992877642
sel_scaf	1732	8	992877642
sel_scaf	1733	8	992877642
sel_scaf	1734	4	992877642
sel_scaf	1735	1	992877642
sel_scaf	1736	8	992877642
sel_scaf	1737	5	992877642
sel_scaf	1738	8	992877642
sel_scaf	1739	5	992877642
sel_scaf	1740	7	992877642
sel_scaf	1741	9	992877642
sel_scaf	1742	7	992877642
sel_scaf	1743	4	992877642
sel_scaf	1744	6	992877642
sel_scaf	1745	11	992877642
sel_scaf	1746	8	992877642
sel_scaf	1747	6	992877642
sel_scaf	1748	8	992877642
sel_scaf	1749	10	992877642
sel_scaf	1750	6	992877642
sel_scaf	1751	3	992877642
sel_scaf	1752	5	992877642
sel_scaf	1753	4	992877642
sel_scaf	1754	3	992877642
sel_scaf	1755	11	992877642
sel_scaf	1756	4	992877642
sel_scaf	1757	2	992877642
sel_scaf	1758	8	992877642
sel_scaf	1759	6	992877642
sel_scaf	1760	11	992877642
sel_scaf	1761	9	992877642
sel_scaf	1762	6	992877642
sel_scaf	1763	7	992877642
sel_scaf	1764	8	992877642
sel_scaf	1765	9	992877642
sel_scaf	1766	4	992877642
sel_scaf	1767	7	992877642
sel_scaf	1768	10	992877642
sel_scaf	1769	7	992877642
sel_scaf	1770	3	992877642
sel_scaf	1771	6	992877642
sel_scaf	1772	7	992877642
sel_scaf	1773	9	992877642
sel_scaf	1774	5	992877642
sel_scaf	1775	6	992877642
sel_scaf	1776	5	992877642
sel_scaf	1777	5	992877642
sel_scaf	1778	10	992877642
sel_scaf	1779	5	992877642
sel_scaf	1780	4	992877642
sel_scaf	1781	5	992877642
sel_scaf	1782	4	992877642
sel_scaf	1783	5	992877642
sel_scaf	1784	4	992877642
sel_scaf	1785	11	992877642
sel_scaf	1786	17	992877642
sel_scaf	1787	6	992877642
sel_scaf	1788	6	992877642
sel_scaf	1789	14	992877642
sel_scaf	1790	7	992877642
sel_scaf	1791	12	992877642
sel_scaf	1792	13	992877642
sel_scaf	1793	8	992877642
sel_scaf	1794	3	992877642
sel_scaf	1795	8	992877642
sel_scaf	1796	9	992877642
sel_scaf	1797	8	992877642
sel_scaf	1798	10	992877642
sel_scaf	1799	5	992877642
sel_scaf	1800	6	992877642
sel_scaf	1801	6	992877642
sel_scaf	1802	5	992877642
sel_scaf	1803	9	992877642
sel_scaf	1804	5	992877642
sel_scaf	1805	4	992877642
sel_scaf	1806	8	992877642
sel_scaf	1807	3	992877642
sel_scaf	1808	3	992877642
sel_scaf	1809	5	992877642
sel_scaf	1810	10	992877642
sel_scaf	1811	7	992877642
sel_scaf	1812	3	992877642
sel_scaf	1813	5	992877642
sel_scaf	1814	10	992877642
sel_scaf	1815	5	992877642
sel_scaf	1816	5	992877642
sel_scaf	1817	4	992877642
sel_scaf	1818	2	992877642
sel_scaf	1819	4	992877642
sel_scaf	1820	10	992877642
sel_scaf	1821	5	992877642
sel_scaf	1822	5	992877642
sel_scaf	1823	8	992877642
sel_scaf	1824	4	992877642
sel_scaf	1825	5	992877642
sel_scaf	1826	8	992877642
sel_scaf	1827	1	992877642
sel_scaf	1828	9	992877642
sel_scaf	1829	5	992877642
sel_scaf	1830	6	992877642
sel_scaf	1831	6	992877642
sel_scaf	1833	2	992877642
sel_scaf	1834	1	992877642
sel_scaf	1835	6	992877642
sel_scaf	1836	5	992877642
sel_scaf	1837	4	992877642
sel_scaf	1838	5	992877642
sel_scaf	1839	4	992877642
sel_scaf	1840	5	992877642
sel_scaf	1841	7	992877642
sel_scaf	1842	3	992877642
sel_scaf	1843	2	992877642
sel_scaf	1844	5	992877642
sel_scaf	1845	3	992877642
sel_scaf	1846	3	992877642
sel_scaf	1847	5	992877642
sel_scaf	1848	5	992877642
sel_scaf	1849	4	992877642
sel_scaf	1850	5	992877642
sel_scaf	1851	4	992877642
sel_scaf	1852	6	992877642
sel_scaf	1853	5	992877642
sel_scaf	1854	4	992877642
sel_scaf	1855	3	992877642
sel_scaf	1856	6	992877642
sel_scaf	1857	9	992877642
sel_scaf	1858	6	992877642
sel_scaf	1859	5	992877642
sel_scaf	1860	7	992877642
sel_scaf	1861	7	992877642
sel_scaf	1862	3	992877642
sel_scaf	1863	5	992877642
sel_scaf	1864	9	992877642
sel_scaf	1865	6	992877642
sel_scaf	1866	9	992877642
sel_scaf	1867	6	992877642
sel_scaf	1868	5	992877642
sel_scaf	1869	6	992877642
sel_scaf	1870	4	992877642
sel_scaf	1871	9	992877642
sel_scaf	1872	4	992877642
sel_scaf	1873	3	992877642
sel_scaf	1874	4	992877642
sel_scaf	1875	5	992877642
sel_scaf	1876	9	992877642
sel_scaf	1877	7	992877642
sel_scaf	1878	4	992877642
sel_scaf	1879	2	992877642
sel_scaf	1880	7	992877642
sel_scaf	1881	8	992877642
sel_scaf	1882	6	992877642
sel_scaf	1883	7	992877642
sel_scaf	1884	10	992877642
sel_scaf	1885	6	992877642
sel_scaf	1886	9	992877642
sel_scaf	1887	5	992877642
sel_scaf	1888	8	992877642
sel_scaf	1889	8	992877642
sel_scaf	1890	4	992877642
sel_scaf	1891	10	992877642
sel_scaf	1892	8	992877642
sel_scaf	1893	5	992877642
sel_scaf	1894	5	992877642
sel_scaf	1895	8	992877642
sel_scaf	1896	3	992877642
sel_scaf	1897	10	992877642
sel_scaf	1898	12	992877642
sel_scaf	1899	7	992877642
sel_scaf	1900	5	992877642
sel_scaf	1901	5	992877642
sel_scaf	1902	8	992877642
sel_scaf	1903	4	992877642
sel_scaf	1904	6	992877642
sel_scaf	1905	8	992877642
sel_scaf	1906	9	992877642
sel_scaf	1907	6	992877642
sel_scaf	1908	5	992877642
sel_scaf	1909	7	992877642
sel_scaf	1910	5	992877642
sel_scaf	1911	2	992877642
sel_scaf	1912	3	992877642
sel_scaf	1913	9	992877642
sel_scaf	1914	3	992877642
sel_scaf	1915	6	992877642
sel_scaf	1916	5	992877642
sel_scaf	1917	1	992877642
sel_scaf	1918	5	992877642
sel_scaf	1919	2	992877642
sel_scaf	1920	2	992877642
sel_scaf	1921	3	992877642
sel_scaf	1922	7	992877642
sel_scaf	1923	2	992877642
sel_scaf	1924	7	992877642
sel_scaf	1925	1	992877642
sel_scaf	1926	6	992877642
sel_scaf	1927	7	992877642
sel_scaf	1928	5	992877642
sel_scaf	1929	4	992877642
sel_scaf	1930	7	992877642
sel_scaf	1931	5	992877642
sel_scaf	1932	7	992877642
sel_scaf	1933	4	992877642
sel_scaf	1934	7	992877642
sel_scaf	1935	4	992877642
sel_scaf	1936	5	992877642
sel_scaf	1937	4	992877642
sel_scaf	1938	3	992877642
sel_scaf	1939	7	992877642
sel_scaf	1940	5	992877642
sel_scaf	1941	5	992877642
sel_scaf	1942	3	992877642
sel_scaf	1943	7	992877642
sel_scaf	1944	2	992877642
sel_scaf	1945	3	992877642
sel_scaf	1946	5	992877642
sel_scaf	1947	8	992877642
sel_scaf	1948	3	992877642
sel_scaf	1949	2	992877642
sel_scaf	1950	5	992877642
sel_scaf	1951	4	992877642
sel_scaf	1952	2	992877642
sel_scaf	1953	5	992877642
sel_scaf	1954	3	992877642
sel_scaf	1955	6	992877642
sel_scaf	1956	6	992877642
sel_scaf	1957	3	992877642
sel_scaf	1958	2	992877642
sel_scaf	1959	9	992877642
sel_scaf	1960	2	992877642
sel_scaf	1961	7	992877642
sel_scaf	1962	9	992877642
sel_scaf	1963	5	992877642
sel_scaf	1964	3	992877642
sel_scaf	1965	1	992877642
sel_scaf	1966	4	992877642
sel_scaf	1967	3	992877642
sel_scaf	1968	1	992877642
sel_scaf	1969	2	992877642
sel_scaf	1970	4	992877642
sel_scaf	1971	2	992877642
sel_scaf	1972	3	992877642
sel_scaf	1973	3	992877642
sel_scaf	1974	4	992877642
sel_scaf	1975	5	992877642
sel_scaf	1976	3	992877642
sel_scaf	1977	2	992877642
sel_scaf	1978	2	992877642
sel_scaf	1979	3	992877642
sel_scaf	1980	5	992877642
sel_scaf	1981	3	992877642
sel_scaf	1982	2	992877642
sel_scaf	1983	3	992877642
sel_scaf	1984	1	992877642
sel_scaf	1985	4	992877642
sel_scaf	1986	4	992877642
sel_scaf	1987	4	992877642
sel_scaf	1988	4	992877642
sel_scaf	1989	2	992877642
sel_scaf	1990	5	992877642
sel_scaf	1991	4	992877642
sel_scaf	1992	5	992877642
sel_scaf	1993	2	992877642
sel_scaf	1994	3	992877642
sel_scaf	1995	4	992877642
sel_scaf	1996	7	992877642
sel_scaf	1997	3	992877642
sel_scaf	1998	2	992877642
sel_scaf	1999	2	992877642
sel_scaf	2000	8	992877642
sel_scaf	2001	1	992877642
sel_scaf	2002	1	992877642
sel_scaf	2004	6	992877642
sel_scaf	2005	9	992877642
sel_scaf	2006	4	992877642
sel_scaf	2007	2	992877642
sel_scaf	2008	11	992877642
sel_scaf	2009	3	992877642
sel_scaf	2010	8	992877642
sel_scaf	2011	7	992877642
sel_scaf	2012	3	992877642
sel_scaf	2013	2	992877642
sel_scaf	2014	4	992877642
sel_scaf	2015	4	992877642
sel_scaf	2016	3	992877642
sel_scaf	2017	4	992877642
sel_scaf	2018	6	992877642
sel_scaf	2019	3	992877642
sel_scaf	2020	7	992877642
sel_scaf	2021	7	992877642
sel_scaf	2022	5	992877642
sel_scaf	2023	10	992877642
sel_scaf	2024	5	992877642
sel_scaf	2025	12	992877642
sel_scaf	2026	9	992877642
sel_scaf	2027	12	992877642
sel_scaf	2028	3	992877642
sel_scaf	2029	5	992877642
sel_scaf	2030	3	992877642
sel_scaf	2031	5	992877642
sel_scaf	2032	4	992877642
sel_scaf	2033	3	992877642
sel_scaf	2034	4	992877642
sel_scaf	2035	5	992877642
sel_scaf	2036	5	992877642
sel_scaf	2037	4	992877642
sel_scaf	2038	5	992877642
sel_scaf	2039	7	992877642
sel_scaf	2040	7	992877642
sel_scaf	2041	5	992877642
sel_scaf	2042	5	992877642
sel_scaf	2043	4	992877642
sel_scaf	2044	7	992877642
sel_scaf	2045	6	992877642
sel_scaf	2046	4	992877642
sel_scaf	2047	5	992877642
sel_scaf	2048	4	992877642
sel_scaf	2049	7	992877642
sel_scaf	2050	8	992877642
sel_scaf	2051	5	992877642
sel_scaf	2052	7	992877642
sel_scaf	2053	4	992877642
sel_scaf	2054	2	992877642
sel_scaf	2055	5	992877642
sel_scaf	2056	1	992877642
sel_scaf	2057	4	992877642
sel_scaf	2058	6	992877642
sel_scaf	2059	5	992877642
sel_scaf	2060	6	992877642
sel_scaf	2061	1	992877642
sel_scaf	2062	1	992877642
sel_scaf	2063	4	992877642
sel_scaf	2064	2	992877642
sel_scaf	2065	4	992877642
sel_scaf	2066	6	992877642
sel_scaf	2067	5	992877642
sel_scaf	2068	4	992877642
sel_scaf	2069	5	992877642
sel_scaf	2070	4	992877642
sel_scaf	2071	5	992877642
sel_scaf	2072	4	992877642
sel_scaf	2073	2	992877642
sel_scaf	2074	5	992877642
sel_scaf	2075	8	992877642
sel_scaf	2076	5	992877642
sel_scaf	2077	6	992877642
sel_scaf	2078	3	992877642
sel_scaf	2079	6	992877642
sel_scaf	2080	6	992877642
sel_scaf	2081	2	992877642
sel_scaf	2082	7	992877642
sel_scaf	2083	3	992877642
sel_scaf	2084	5	992877642
sel_scaf	2085	4	992877642
sel_scaf	2086	3	992877642
sel_scaf	2087	4	992877642
sel_scaf	2088	3	992877642
sel_scaf	2089	6	992877642
sel_scaf	2090	8	992877642
sel_scaf	2091	6	992877642
sel_scaf	2092	4	992877642
sel_scaf	2093	3	992877642
sel_scaf	2094	3	992877642
sel_scaf	2095	8	992877642
sel_scaf	2096	3	992877642
sel_scaf	2097	3	992877642
sel_scaf	2098	8	992877642
sel_scaf	2099	5	992877642
sel_scaf	2100	7	992877642
sel_scaf	2101	4	992877642
sel_scaf	2102	3	992877642
sel_scaf	2103	5	992877642
sel_scaf	2104	5	992877642
sel_scaf	2105	2	992877642
sel_scaf	2106	3	992877642
sel_scaf	2107	2	992877642
sel_scaf	2108	2	992877642
sel_scaf	2109	3	992877642
sel_scaf	2110	6	992877642
sel_scaf	2111	7	992877642
sel_scaf	2112	9	992877642
sel_scaf	2113	5	992877642
sel_scaf	2114	5	992877642
sel_scaf	2115	9	992877642
sel_scaf	2116	11	992877642
sel_scaf	2117	15	992877642
sel_scaf	2118	13	992877642
sel_scaf	2119	6	992877642
sel_scaf	2120	6	992877642
sel_scaf	2121	9	992877642
sel_scaf	2122	6	992877642
sel_scaf	2123	1	992877642
sel_scaf	2124	4	992877642
sel_scaf	2125	6	992877642
sel_scaf	2126	2	992877642
sel_scaf	2127	3	992877642
sel_scaf	2128	2	992877642
sel_scaf	2129	3	992877642
sel_scaf	2130	2	992877642
sel_scaf	2131	4	992877642
sel_scaf	2132	4	992877642
sel_scaf	2133	2	992877642
sel_scaf	2136	2	992877642
sel_scaf	2137	4	992877642
sel_scaf	2139	6	992877642
sel_scaf	2140	4	992877642
sel_scaf	2141	3	992877642
sel_scaf	2142	2	992877642
sel_scaf	2143	2	992877642
sel_scaf	2144	3	992877642
sel_scaf	2145	3	992877642
sel_scaf	2146	4	992877642
sel_scaf	2147	5	992877642
sel_scaf	2148	5	992877642
sel_scaf	2149	3	992877642
sel_scaf	2150	5	992877642
sel_scaf	2151	4	992877642
sel_scaf	2152	3	992877642
sel_scaf	2153	2	992877642
sel_scaf	2154	7	992877642
sel_scaf	2155	3	992877642
sel_scaf	2156	4	992877642
sel_scaf	2157	3	992877642
sel_scaf	2158	5	992877642
sel_scaf	2159	8	992877642
sel_scaf	2160	4	992877642
sel_scaf	2161	5	992877642
sel_scaf	2162	4	992877642
sel_scaf	2163	4	992877642
sel_scaf	2164	9	992877642
sel_scaf	2165	4	992877642
sel_scaf	2166	3	992877642
sel_scaf	2167	3	992877642
sel_scaf	2168	2	992877642
sel_scaf	2169	3	992877642
sel_scaf	2170	4	992877642
sel_scaf	2171	2	992877642
sel_scaf	2172	4	992877642
sel_scaf	2173	6	992877642
sel_scaf	2174	1	992877642
sel_scaf	2175	4	992877642
sel_scaf	2176	9	992877642
sel_scaf	2177	5	992877642
sel_scaf	2178	4	992877642
sel_scaf	2179	4	992877642
sel_scaf	2180	3	992877642
sel_scaf	2181	4	992877642
sel_scaf	2182	8	992877642
sel_scaf	2183	4	992877642
sel_scaf	2184	8	992877642
sel_scaf	2185	6	992877642
sel_scaf	2186	7	992877642
sel_scaf	2187	6	992877642
sel_scaf	2188	4	992877642
sel_scaf	2189	3	992877642
sel_scaf	2190	7	992877642
sel_scaf	2191	12	992877642
sel_scaf	2192	3	992877642
sel_scaf	2193	4	992877642
sel_scaf	2194	4	992877642
sel_scaf	2195	7	992877642
sel_scaf	2196	4	992877642
sel_scaf	2197	5	992877642
sel_scaf	2198	8	992877642
sel_scaf	2199	7	992877642
sel_scaf	2200	7	992877642
sel_scaf	2201	7	992877642
sel_scaf	2202	7	992877642
sel_scaf	2203	6	992877642
sel_scaf	2204	4	992877642
sel_scaf	2205	11	992877642
sel_scaf	2206	10	992877642
sel_scaf	2207	2	992877642
sel_scaf	2208	7	992877642
sel_scaf	2209	6	992877642
sel_scaf	2210	7	992877642
sel_scaf	2211	5	992877642
sel_scaf	2212	6	992877642
sel_scaf	2213	4	992877642
sel_scaf	2214	7	992877642
sel_scaf	2215	2	992877642
sel_scaf	2216	5	992877642
sel_scaf	2217	5	992877642
sel_scaf	2218	6	992877642
sel_scaf	2219	2	992877642
sel_scaf	2220	2	992877642
sel_scaf	2221	2	992877642
sel_scaf	2222	7	992877642
sel_scaf	2223	6	992877642
sel_scaf	2224	7	992877642
sel_scaf	2225	6	992877642
sel_scaf	2226	5	992877642
sel_scaf	2228	7	992877642
sel_scaf	2229	4	992877642
sel_scaf	2230	4	992877642
sel_scaf	2231	8	992877642
sel_scaf	2232	4	992877642
sel_scaf	2233	1	992877642
sel_scaf	2234	3	992877642
sel_scaf	2235	2	992877642
sel_scaf	2236	4	992877642
sel_scaf	2237	11	992877642
sel_scaf	2238	3	992877642
sel_scaf	2239	4	992877642
sel_scaf	2240	6	992877642
sel_scaf	2241	3	992877642
sel_scaf	2242	7	992877642
sel_scaf	2243	1	992877642
sel_scaf	2244	3	992877642
sel_scaf	2245	5	992877642
sel_scaf	2246	5	992877642
sel_scaf	2247	10	992877642
sel_scaf	2248	9	992877642
sel_scaf	2249	11	992877642
sel_scaf	2250	6	992877642
sel_scaf	2251	3	992877642
sel_scaf	2252	6	992877642
sel_scaf	2253	8	992877642
sel_scaf	2254	2	992877642
sel_scaf	2255	1	992877642
sel_scaf	2256	7	992877642
sel_scaf	2257	4	992877642
sel_scaf	2258	10	992877642
sel_scaf	2259	6	992877642
sel_scaf	2260	5	992877642
sel_scaf	2261	8	992877642
sel_scaf	2262	19	992877642
sel_scaf	2263	15	992877642
sel_scaf	2264	3	992877642
sel_scaf	2265	3	992877642
sel_scaf	2266	3	992877642
sel_scaf	2267	5	992877642
sel_scaf	2268	9	992877642
sel_scaf	2269	3	992877642
sel_scaf	2270	7	992877642
sel_scaf	2271	4	992877642
sel_scaf	2272	4	992877642
sel_scaf	2273	2	992877642
sel_scaf	2274	6	992877642
sel_scaf	2275	1	992877642
sel_scaf	2276	3	992877642
sel_scaf	2277	1	992877642
sel_scaf	2278	2	992877642
sel_scaf	2279	4	992877642
sel_scaf	2280	4	992877642
sel_scaf	2281	2	992877642
sel_scaf	2282	6	992877642
sel_scaf	2283	9	992877642
sel_scaf	2284	6	992877642
sel_scaf	2285	7	992877642
sel_scaf	2286	3	992877642
sel_scaf	2287	7	992877642
sel_scaf	2288	5	992877642
sel_scaf	2289	5	992877642
sel_scaf	2290	4	992877642
sel_scaf	2291	7	992877642
sel_scaf	2292	9	992877642
sel_scaf	2293	4	992877642
sel_scaf	2294	8	992877642
sel_scaf	2295	8	992877642
sel_scaf	2296	3	992877642
sel_scaf	2297	4	992877642
sel_scaf	2298	1	992877642
sel_scaf	2299	10	992877642
sel_scaf	2300	8	992877642
sel_scaf	2301	5	992877642
sel_scaf	2302	3	992877642
sel_scaf	2303	4	992877642
sel_scaf	2304	6	992877642
sel_scaf	2305	3	992877642
sel_scaf	2306	2	992877642
sel_scaf	2307	11	992877642
sel_scaf	2308	6	992877642
sel_scaf	2309	1	992877642
sel_scaf	2310	5	992877642
sel_scaf	2311	6	992877642
sel_scaf	2312	5	992877642
sel_scaf	2313	7	992877642
sel_scaf	2314	2	992877642
sel_scaf	2315	1	992877642
sel_scaf	2316	4	992877642
sel_scaf	2317	5	992877642
sel_scaf	2318	2	992877642
sel_scaf	2319	5	992877642
sel_scaf	2320	4	992877642
sel_scaf	2321	7	992877642
sel_scaf	2322	1	992877642
sel_scaf	2324	7	992877642
sel_scaf	2325	7	992877642
sel_scaf	2326	4	992877642
sel_scaf	2327	5	992877642
sel_scaf	2328	3	992877642
sel_scaf	2329	4	992877642
sel_scaf	2330	6	992877642
sel_scaf	2331	7	992877642
sel_scaf	2332	4	992877642
sel_scaf	2333	2	992877642
sel_scaf	2334	3	992877642
sel_scaf	2335	8	992877642
sel_scaf	2336	1	992877642
sel_scaf	2337	3	992877642
sel_scaf	2338	7	992877642
sel_scaf	2339	2	992877642
sel_scaf	2340	5	992877642
sel_scaf	2341	3	992877642
sel_scaf	2342	4	992877642
sel_scaf	2343	3	992877642
sel_scaf	2344	6	992877642
sel_scaf	2345	4	992877642
sel_scaf	2346	2	992877642
sel_scaf	2347	6	992877642
sel_scaf	2348	3	992877642
sel_scaf	2349	9	992877642
sel_scaf	2350	2	992877642
sel_scaf	2351	5	992877642
sel_scaf	2352	3	992877642
sel_scaf	2354	6	992877642
sel_scaf	2355	2	992877642
sel_scaf	2356	5	992877642
sel_scaf	2357	1	992877642
sel_scaf	2358	7	992877642
sel_scaf	2359	9	992877642
sel_scaf	2360	6	992877642
sel_scaf	2361	4	992877642
sel_scaf	2362	2	992877642
sel_scaf	2363	2	992877642
sel_scaf	2364	3	992877642
sel_scaf	2365	8	992877642
sel_scaf	2366	6	992877642
sel_scaf	2367	4	992877642
sel_scaf	2368	3	992877642
sel_scaf	2369	8	992877642
sel_scaf	2370	4	992877642
sel_scaf	2371	7	992877642
sel_scaf	2372	2	992877642
sel_scaf	2373	7	992877642
sel_scaf	2374	2	992877642
sel_scaf	2375	1	992877642
sel_scaf	2376	3	992877642
sel_scaf	2377	4	992877642
sel_scaf	2378	2	992877642
sel_scaf	2379	1	992877642
sel_scaf	2380	4	992877642
sel_scaf	2381	1	992877642
sel_scaf	2382	2	992877642
sel_scaf	2383	4	992877642
sel_scaf	2384	3	992877642
sel_scaf	2385	5	992877642
sel_scaf	2386	1	992877642
sel_scaf	2387	3	992877642
sel_scaf	2388	4	992877642
sel_scaf	2389	3	992877642
sel_scaf	2390	4	992877642
sel_scaf	2391	5	992877642
sel_scaf	2392	2	992877642
sel_scaf	2393	2	992877642
sel_scaf	2394	1	992877642
sel_scaf	2395	3	992877642
sel_scaf	2396	3	992877642
sel_scaf	2397	3	992877642
sel_scaf	2398	6	992877642
sel_scaf	2399	1	992877642
sel_scaf	2400	6	992877642
sel_scaf	2401	6	992877642
sel_scaf	2402	2	992877642
sel_scaf	2403	6	992877642
sel_scaf	2405	2	992877642
sel_scaf	2406	4	992877642
sel_scaf	2407	5	992877642
sel_scaf	2408	5	992877642
sel_scaf	2409	4	992877642
sel_scaf	2410	3	992877642
sel_scaf	2411	3	992877642
sel_scaf	2412	2	992877642
sel_scaf	2413	4	992877642
sel_scaf	2414	5	992877642
sel_scaf	2415	1	992877642
sel_scaf	2416	2	992877642
sel_scaf	2417	3	992877642
sel_scaf	2418	3	992877642
sel_scaf	2419	5	992877642
sel_scaf	2420	1	992877642
sel_scaf	2422	1	992877642
sel_scaf	2423	4	992877642
sel_scaf	2425	4	992877642
sel_scaf	2426	4	992877642
sel_scaf	2427	3	992877642
sel_scaf	2428	2	992877642
sel_scaf	2429	1	992877642
sel_scaf	2430	2	992877642
sel_scaf	2431	1	992877642
sel_scaf	2432	4	992877642
sel_scaf	2433	7	992877642
sel_scaf	2434	1	992877642
sel_scaf	2436	4	992877642
sel_scaf	2437	4	992877642
sel_scaf	2438	2	992877642
sel_scaf	2439	4	992877642
sel_scaf	2440	2	992877642
sel_scaf	2441	2	992877642
sel_scaf	2442	3	992877642
sel_scaf	2443	2	992877642
sel_scaf	2444	3	992877642
sel_scaf	2445	2	992877642
sel_scaf	2446	6	992877642
sel_scaf	2447	4	992877642
sel_scaf	2448	3	992877642
sel_scaf	2449	4	992877642
sel_scaf	2450	2	992877642
sel_scaf	2451	2	992877642
sel_scaf	2452	2	992877642
sel_scaf	2453	2	992877642
sel_scaf	2454	3	992877642
sel_scaf	2455	4	992877642
sel_scaf	2456	2	992877642
sel_scaf	2457	3	992877642
sel_scaf	2458	2	992877642
sel_scaf	2459	2	992877642
sel_scaf	2460	2	992877642
sel_scaf	2461	3	992877642
sel_scaf	2462	2	992877642
sel_scaf	2463	4	992877642
sel_scaf	2464	2	992877642
sel_scaf	2465	3	992877642
sel_scaf	2466	4	992877642
sel_scaf	2467	3	992877642
sel_scaf	2468	6	992877642
sel_scaf	2469	2	992877642
sel_scaf	2470	6	992877642
sel_scaf	2471	4	992877642
sel_scaf	2472	3	992877642
sel_scaf	2473	4	992877642
sel_scaf	2474	4	992877642
sel_scaf	2475	3	992877642
sel_scaf	2476	1	992877642
sel_scaf	2477	5	992877642
sel_scaf	2478	4	992877642
sel_scaf	2479	2	992877642
sel_scaf	2481	4	992877642
sel_scaf	2482	2	992877642
sel_scaf	2483	5	992877642
sel_scaf	2486	4	992877642
sel_scaf	2487	3	992877642
sel_scaf	2489	10	992877642
sel_scaf	2490	4	992877642
sel_scaf	2491	1	992877642
sel_scaf	2492	3	992877642
sel_scaf	2493	5	992877642
sel_scaf	2494	3	992877642
sel_scaf	2495	4	992877642
sel_scaf	2496	2	992877642
sel_scaf	2497	4	992877642
sel_scaf	2498	6	992877642
sel_scaf	2499	6	992877642
sel_scaf	2500	3	992877642
sel_scaf	2501	2	992877642
sel_scaf	2502	2	992877642
sel_scaf	2503	5	992877642
sel_scaf	2504	4	992877642
sel_scaf	2505	6	992877642
sel_scaf	2506	9	992877642
sel_scaf	2507	8	992877642
sel_scaf	2508	3	992877642
sel_scaf	2509	6	992877642
sel_scaf	2510	8	992877642
sel_scaf	2511	5	992877642
sel_scaf	2512	3	992877642
sel_scaf	2513	1	992877642
sel_scaf	2514	6	992877642
sel_scaf	2515	3	992877642
sel_scaf	2516	5	992877642
sel_scaf	2517	6	992877642
sel_scaf	2518	5	992877642
sel_scaf	2519	4	992877642
sel_scaf	2520	4	992877642
sel_scaf	2521	6	992877642
sel_scaf	2522	9	992877642
sel_scaf	2523	2	992877642
sel_scaf	2524	2	992877642
sel_scaf	2525	8	992877642
sel_scaf	2526	4	992877642
sel_scaf	2527	3	992877642
sel_scaf	2528	5	992877642
sel_scaf	2529	6	992877642
sel_scaf	2530	4	992877642
sel_scaf	2531	3	992877642
sel_scaf	2532	9	992877642
sel_scaf	2533	3	992877642
sel_scaf	2534	2	992877642
sel_scaf	2535	5	992877642
sel_scaf	2536	2	992877642
sel_scaf	2537	4	992877642
sel_scaf	2538	4	992877642
sel_scaf	2539	2	992877642
sel_scaf	2540	9	992877642
sel_scaf	2541	1	992877642
sel_scaf	2542	3	992877642
sel_scaf	2543	2	992877642
sel_scaf	2544	2	992877642
sel_scaf	2545	1	992877642
sel_scaf	2546	3	992877642
sel_scaf	2547	8	992877642
sel_scaf	2548	4	992877642
sel_scaf	2549	8	992877642
sel_scaf	2550	7	992877642
sel_scaf	2551	10	992877642
sel_scaf	2552	4	992877642
sel_scaf	2553	9	992877642
sel_scaf	2554	3	992877642
sel_scaf	2555	3	992877642
sel_scaf	2556	7	992877642
sel_scaf	2557	5	992877642
sel_scaf	2558	4	992877642
sel_scaf	2559	4	992877642
sel_scaf	2560	5	992877642
sel_scaf	2561	3	992877642
sel_scaf	2562	2	992877642
sel_scaf	2563	5	992877642
sel_scaf	2564	4	992877642
sel_scaf	2565	5	992877642
sel_scaf	2566	9	992877642
sel_scaf	2567	4	992877642
sel_scaf	2568	2	992877642
sel_scaf	2569	4	992877642
sel_scaf	2570	3	992877642
sel_scaf	2571	3	992877642
sel_scaf	2572	3	992877642
sel_scaf	2573	2	992877642
sel_scaf	2574	5	992877642
sel_scaf	2575	4	992877642
sel_scaf	2576	5	992877642
sel_scaf	2577	4	992877642
sel_scaf	2578	2	992877642
sel_scaf	2579	1	992877642
sel_scaf	2580	3	992877642
sel_scaf	2582	2	992877642
sel_scaf	2583	2	992877642
sel_scaf	2584	2	992877642
sel_scaf	2585	1	992877642
sel_scaf	2586	3	992877642
sel_scaf	2587	2	992877642
sel_scaf	2588	1	992877642
sel_scaf	2589	5	992877642
sel_scaf	2590	4	992877642
sel_scaf	2591	3	992877642
sel_scaf	2592	4	992877642
sel_scaf	2594	2	992877642
sel_scaf	2596	1	992877642
sel_scaf	2597	4	992877642
sel_scaf	2598	3	992877642
sel_scaf	2600	1	992877642
sel_scaf	2601	3	992877642
sel_scaf	2602	2	992877642
sel_scaf	2603	2	992877642
sel_scaf	2604	2	992877642
sel_scaf	2605	3	992877642
sel_scaf	2606	2	992877642
sel_scaf	2607	1	992877642
sel_scaf	2608	2	992877642
sel_scaf	2609	2	992877642
sel_scaf	2610	1	992877642
sel_scaf	2611	4	992877642
sel_scaf	2612	1	992877642
sel_scaf	2615	2	992877642
sel_scaf	2616	3	992877642
sel_scaf	2617	1	992877642
sel_scaf	2618	3	992877642
sel_scaf	2619	1	992877642
sel_scaf	2620	1	992877642
sel_scaf	2621	1	992877642
sel_scaf	2622	4	992877642
sel_scaf	2625	1	992877642
sel_scaf	2626	3	992877642
sel_scaf	2627	1	992877642
sel_scaf	2628	3	992877642
sel_scaf	2629	1	992877642
sel_scaf	2630	1	992877642
sel_scaf	2631	2	992877642
sel_scaf	2632	2	992877642
sel_scaf	2633	1	992877642
sel_scaf	2634	1	992877642
sel_scaf	2638	4	992877642
sel_scaf	2639	1	992877642
sel_scaf	2641	4	992877642
sel_scaf	2642	1	992877642
sel_scaf	2643	2	992877642
sel_scaf	2645	1	992877642
sel_scaf	2646	1	992877642
sel_scaf	2647	3	992877642
sel_scaf	2648	1	992877642
sel_scaf	2649	1	992877642
sel_scaf	2650	3	992877642
sel_scaf	2651	2	992877642
sel_scaf	2653	3	992877642
sel_scaf	2655	1	992877642
sel_scaf	2656	2	992877642
sel_scaf	2657	2	992877642
sel_scaf	2658	2	992877642
sel_scaf	2661	2	992877642
sel_scaf	2662	2	992877642
sel_scaf	2663	2	992877642
sel_scaf	2664	3	992877642
sel_scaf	2665	1	992877642
sel_scaf	2666	3	992877642
sel_scaf	2668	2	992877642
sel_scaf	2669	3	992877642
sel_scaf	2670	2	992877642
sel_scaf	2672	2	992877642
sel_scaf	2673	1	992877642
sel_scaf	2674	2	992877642
sel_scaf	2675	4	992877642
sel_scaf	2676	3	992877642
sel_scaf	2677	1	992877642
sel_scaf	2678	2	992877642
sel_scaf	2679	2	992877642
sel_scaf	2680	1	992877642
sel_scaf	2681	1	992877642
sel_scaf	2682	1	992877642
sel_scaf	2683	1	992877642
sel_scaf	2685	2	992877642
sel_scaf	2686	2	992877642
sel_scaf	2688	2	992877642
sel_scaf	2689	1	992877642
sel_scaf	2691	3	992877642
sel_scaf	2693	1	992877642
sel_scaf	2695	1	992877642
sel_scaf	2700	3	992877642
sel_scaf	2702	1	992877642
sel_scaf	2703	4	992877642
sel_scaf	2704	1	992877642
sel_scaf	2705	3	992877642
sel_scaf	2706	3	992877642
sel_scaf	2709	2	992877642
sel_scaf	2711	2	992877642
sel_scaf	2712	1	992877642
sel_scaf	2713	3	992877642
sel_scaf	2714	2	992877642
sel_scaf	2715	1	992877642
sel_scaf	2716	2	992877642
sel_scaf	2717	2	992877642
sel_scaf	2718	2	992877642
sel_scaf	2719	2	992877642
sel_scaf	2720	1	992877642
sel_scaf	2723	1	992877642
sel_scaf	2724	1	992877642
sel_scaf	2725	3	992877642
sel_scaf	2726	2	992877642
sel_scaf	2728	1	992877642
sel_scaf	2729	2	992877642
sel_scaf	2730	2	992877642
sel_scaf	2733	1	992877642
sel_scaf	2736	1	992877642
sel_scaf	2737	2	992877642
sel_scaf	2739	2	992877642
sel_scaf	2740	3	992877642
sel_scaf	2744	2	992877642
sel_scaf	2745	1	992877642
sel_scaf	2746	2	992877642
sel_scaf	2747	2	992877642
sel_scaf	2748	1	992877642
sel_scaf	2749	3	992877642
sel_scaf	2751	2	992877642
sel_scaf	2755	2	992877642
sel_scaf	2756	1	992877642
sel_scaf	2759	2	992877642
sel_scaf	2760	1	992877642
sel_scaf	2761	2	992877642
sel_scaf	2762	2	992877642
sel_scaf	2764	1	992877642
sel_scaf	2765	1	992877642
sel_scaf	2767	2	992877642
sel_scaf	2768	1	992877642
sel_scaf	2769	1	992877642
sel_scaf	2770	1	992877642
sel_scaf	2771	2	992877642
sel_scaf	2772	1	992877642
sel_scaf	2774	1	992877642
sel_scaf	2775	3	992877642
sel_scaf	2776	1	992877642
sel_scaf	2779	2	992877642
sel_scaf	2780	3	992877642
sel_scaf	2781	1	992877642
sel_scaf	2782	1	992877642
sel_scaf	2783	1	992877642
sel_scaf	2784	1	992877642
sel_scaf	2788	1	992877642
sel_scaf	2789	1	992877642
sel_scaf	2790	2	992877642
sel_scaf	2791	3	992877642
sel_scaf	2792	1	992877642
sel_scaf	2793	1	992877642
sel_scaf	2795	1	992877642
sel_scaf	2796	2	992877642
sel_scaf	2797	2	992877642
sel_scaf	2799	2	992877642
sel_scaf	2803	1	992877642
sel_scaf	2806	2	992877642
sel_scaf	2807	3	992877642
sel_scaf	2808	2	992877642
sel_scaf	2810	2	992877642
sel_scaf	2811	1	992877642
sel_scaf	2812	2	992877642
sel_scaf	2813	1	992877642
sel_scaf	2815	1	992877642
sel_scaf	2816	1	992877642
sel_scaf	2818	1	992877642
sel_scaf	2819	2	992877642
sel_scaf	2823	1	992877642
sel_scaf	2824	2	992877642
sel_scaf	2825	1	992877642
sel_scaf	2826	2	992877642
sel_scaf	2828	1	992877642
sel_scaf	2831	3	992877642
sel_scaf	2833	1	992877642
sel_scaf	2834	1	992877642
sel_scaf	2835	2	992877642
sel_scaf	2836	1	992877642
sel_scaf	2837	1	992877642
sel_scaf	2838	2	992877642
sel_scaf	2839	1	992877642
sel_scaf	2840	1	992877642
sel_scaf	2842	1	992877642
sel_scaf	2844	2	992877642
sel_scaf	2846	4	992877642
sel_scaf	2847	2	992877642
sel_scaf	2849	2	992877642
sel_scaf	2851	1	992877642
sel_scaf	2852	1	992877642
sel_scaf	2853	2	992877642
sel_scaf	2854	2	992877642
sel_scaf	2856	3	992877642
sel_scaf	2857	1	992877642
sel_scaf	2858	2	992877642
sel_scaf	2862	3	992877642
sel_scaf	2865	1	992877642
sel_scaf	2868	3	992877642
sel_scaf	2871	1	992877642
sel_scaf	2872	2	992877642
sel_scaf	2873	1	992877642
sel_scaf	2877	2	992877642
sel_scaf	2878	1	992877642
sel_scaf	2879	4	992877642
sel_scaf	2881	2	992877642
sel_scaf	2882	1	992877642
sel_scaf	2883	3	992877642
sel_scaf	2884	1	992877642
sel_scaf	2886	3	992877642
sel_scaf	2887	1	992877642
sel_scaf	2888	2	992877642
sel_scaf	2889	2	992877642
sel_scaf	2890	2	992877642
sel_scaf	2891	2	992877642
sel_scaf	2892	3	992877642
sel_scaf	2893	3	992877642
sel_scaf	2894	2	992877642
sel_scaf	2896	1	992877642
sel_scaf	2897	1	992877642
sel_scaf	2898	2	992877642
sel_scaf	2901	3	992877642
sel_scaf	2902	1	992877642
sel_scaf	2903	2	992877642
sel_scaf	2904	1	992877642
sel_scaf	2905	2	992877642
sel_scaf	2906	1	992877642
sel_scaf	2907	3	992877642
sel_scaf	2908	1	992877642
sel_scaf	2910	2	992877642
sel_scaf	2911	2	992877642
sel_scaf	2912	1	992877642
sel_scaf	2913	2	992877642
sel_scaf	2914	3	992877642
sel_scaf	2915	1	992877642
sel_scaf	2916	1	992877642
sel_scaf	2917	2	992877642
sel_scaf	2918	2	992877642
sel_scaf	2919	1	992877642
sel_scaf	2920	1	992877642
sel_scaf	2921	3	992877642
sel_scaf	2922	3	992877642
sel_scaf	2923	3	992877642
sel_scaf	2924	3	992877642
sel_scaf	2925	2	992877642
sel_scaf	2926	1	992877642
sel_scaf	2928	1	992877642
sel_scaf	2929	1	992877642
sel_scaf	2930	2	992877642
sel_scaf	2933	1	992877642
sel_scaf	2934	1	992877642
sel_scaf	2935	1	992877642
sel_scaf	2936	1	992877642
sel_scaf	2937	1	992877642
sel_scaf	2938	1	992877642
sel_scaf	2942	5	992877642
sel_scaf	2943	2	992877642
sel_scaf	2944	1	992877642
sel_scaf	2945	1	992877642
sel_scaf	2946	2	992877642
sel_scaf	2948	2	992877642
sel_scaf	2949	1	992877642
sel_scaf	2952	1	992877642
sel_scaf	2953	1	992877642
sel_scaf	2958	2	992877642
sel_scaf	2959	2	992877642
sel_scaf	2962	1	992877642
sel_scaf	2964	4	992877642
sel_scaf	2965	1	992877642
sel_scaf	2966	3	992877642
sel_scaf	2968	1	992877642
sel_scaf	2971	1	992877642
sel_scaf	2972	4	992877642
sel_scaf	2973	1	992877642
sel_scaf	2975	1	992877642
sel_scaf	2976	4	992877642
sel_scaf	2977	1	992877642
sel_scaf	2978	2	992877642
sel_scaf	2979	3	992877642
sel_scaf	2982	1	992877642
sel_scaf	2983	1	992877642
sel_scaf	2984	3	992877642
sel_scaf	2985	2	992877642
sel_scaf	2987	1	992877642
sel_scaf	2988	2	992877642
sel_scaf	2990	2	992877642
sel_scaf	2991	3	992877642
sel_scaf	2992	2	992877642
sel_scaf	2994	1	992877642
sel_scaf	2996	3	992877642
sel_scaf	2997	1	992877642
sel_scaf	2998	2	992877642
sel_scaf	3002	2	992877642
sel_scaf	3003	1	992877642
sel_scaf	3005	2	992877642
sel_scaf	3006	1	992877642
sel_scaf	3007	1	992877642
sel_scaf	3008	3	992877642
sel_scaf	3009	1	992877642
sel_scaf	3011	1	992877642
sel_scaf	3013	1	992877642
sel_scaf	3014	3	992877642
sel_scaf	3015	2	992877642
sel_scaf	3017	2	992877642
sel_scaf	3019	2	992877642
sel_scaf	3020	1	992877642
sel_scaf	3021	1	992877642
sel_scaf	3022	1	992877642
sel_scaf	3024	1	992877642
sel_scaf	3026	2	992877642
sel_scaf	3028	5	992877642
sel_scaf	3029	2	992877642
sel_scaf	3030	1	992877642
sel_scaf	3032	5	992877642
sel_scaf	3033	2	992877642
sel_scaf	3034	1	992877642
sel_scaf	3036	1	992877642
sel_scaf	3039	1	992877642
sel_scaf	3041	1	992877642
sel_scaf	3042	1	992877642
sel_scaf	3043	1	992877642
sel_scaf	3045	2	992877642
sel_scaf	3046	3	992877642
sel_scaf	3047	2	992877642
sel_scaf	3048	1	992877642
sel_scaf	3049	2	992877642
sel_scaf	3050	1	992877642
sel_scaf	3052	2	992877642
sel_scaf	3054	2	992877642
sel_scaf	3055	2	992877642
sel_scaf	3056	1	992877642
sel_scaf	3057	1	992877642
sel_scaf	3058	2	992877642
sel_scaf	3062	2	992877642
sel_scaf	3064	1	992877642
sel_scaf	3066	1	992877642
sel_scaf	3067	1	992877642
sel_scaf	3070	1	992877642
sel_scaf	3073	3	992877642
sel_scaf	3075	1	992877642
sel_scaf	3079	2	992877642
sel_scaf	3080	2	992877642
sel_scaf	3081	1	992877642
sel_scaf	3082	1	992877642
sel_scaf	3083	1	992877642
sel_scaf	3084	1	992877642
sel_scaf	3085	1	992877642
sel_scaf	3086	2	992877642
sel_scaf	3087	2	992877642
sel_scaf	3088	4	992877642
sel_scaf	3089	2	992877642
sel_scaf	3090	1	992877642
sel_scaf	3092	1	992877642
sel_scaf	3095	3	992877642
sel_scaf	3096	1	992877642
sel_scaf	3097	3	992877642
sel_scaf	3099	1	992877642
sel_scaf	3100	2	992877642
sel_scaf	3101	2	992877642
sel_scaf	3102	1	992877642
sel_scaf	3103	5	992877642
sel_scaf	3104	2	992877642
sel_scaf	3105	2	992877642
sel_scaf	3107	1	992877642
sel_scaf	3108	1	992877642
sel_scaf	3109	2	992877642
sel_scaf	3110	1	992877642
sel_scaf	3111	2	992877642
sel_scaf	3112	1	992877642
sel_scaf	3113	2	992877642
sel_scaf	3115	2	992877642
sel_scaf	3116	1	992877642
sel_scaf	3117	1	992877642
sel_scaf	3119	2	992877642
sel_scaf	3120	1	992877642
sel_scaf	3121	1	992877642
sel_scaf	3123	4	992877642
sel_scaf	3124	3	992877642
sel_scaf	3127	2	992877642
sel_scaf	3128	2	992877642
sel_scaf	3129	1	992877642
sel_scaf	3132	2	992877642
sel_scaf	3134	2	992877642
sel_scaf	3136	4	992877642
sel_scaf	3138	4	992877642
sel_scaf	3139	4	992877642
sel_scaf	3140	1	992877642
sel_scaf	3141	1	992877642
sel_scaf	3143	1	992877642
sel_scaf	3144	2	992877642
sel_scaf	3148	1	992877642
sel_scaf	3149	1	992877642
sel_scaf	3150	1	992877642
sel_scaf	3151	2	992877642
sel_scaf	3152	1	992877642
sel_scaf	3153	2	992877642
sel_scaf	3156	1	992877642
sel_scaf	3159	1	992877642
sel_scaf	3160	4	992877642
sel_scaf	3161	1	992877642
sel_scaf	3162	1	992877642
sel_scaf	3164	1	992877642
sel_scaf	3166	1	992877642
sel_scaf	3167	2	992877642
sel_scaf	3168	2	992877642
sel_scaf	3169	2	992877642
sel_scaf	3170	1	992877642
sel_scaf	3172	4	992877642
sel_scaf	3173	1	992877642
sel_scaf	3174	1	992877642
sel_scaf	3175	3	992877642
sel_scaf	3178	1	992877642
sel_scaf	3179	1	992877642
sel_scaf	3180	1	992877642
sel_scaf	3181	1	992877642
sel_scaf	3182	1	992877642
sel_scaf	3184	3	992877642
sel_scaf	3185	2	992877642
sel_scaf	3187	1	992877642
sel_scaf	3188	1	992877642
sel_scaf	3190	1	992877642
sel_scaf	3191	1	992877642
sel_scaf	3192	1	992877642
sel_scaf	3193	1	992877642
sel_scaf	3194	1	992877642
sel_scaf	3195	1	992877642
sel_scaf	3197	2	992877642
sel_scaf	3198	1	992877642
sel_scaf	3200	1	992877642
sel_scaf	3203	1	992877642
sel_scaf	3204	1	992877642
sel_scaf	3208	1	992877642
sel_scaf	3209	2	992877642
sel_scaf	3210	1	992877642
sel_scaf	3212	2	992877642
sel_scaf	3213	2	992877642
sel_scaf	3214	2	992877642
sel_scaf	3216	1	992877642
sel_scaf	3217	1	992877642
sel_scaf	3223	1	992877642
sel_scaf	3224	1	992877642
sel_scaf	3226	1	992877642
sel_scaf	3227	2	992877642
sel_scaf	3231	1	992877642
sel_scaf	3232	1	992877642
sel_scaf	3234	1	992877642
sel_scaf	3236	1	992877642
sel_scaf	3237	12	992877642
sel_scaf	3238	3	992877642
sel_scaf	3239	1	992877642
sel_scaf	3242	1	992877642
sel_scaf	3248	1	992877642
sel_scaf	3251	1	992877642
sel_scaf	3253	1	992877642
sel_scaf	3259	1	992877642
sel_scaf	3262	2	992877642
sel_scaf	3266	2	992877642
sel_scaf	3269	1	992877642
sel_scaf	3272	1	992877642
sel_scaf	3274	2	992877642
sel_scaf	3275	1	992877642
sel_scaf	3276	1	992877642
sel_scaf	3281	1	992877642
sel_scaf	3282	1	992877642
sel_scaf	3285	1	992877642
sel_scaf	3297	1	992877642
sel_scaf	3298	1	992877642
sel_scaf	3302	1	992877642
sel_scaf	3304	3	992877642
sel_scaf	3305	1	992877642
sel_scaf	3306	1	992877642
sel_scaf	3308	3	992877642
sel_scaf	3309	3	992877642
sel_scaf	3317	2	992877642
sel_scaf	3319	1	992877642
sel_scaf	3320	1	992877642
sel_scaf	3322	1	992877642
sel_scaf	3323	1	992877642
sel_scaf	3325	1	992877642
sel_scaf	3326	1	992877642
sel_scaf	3329	1	992877642
sel_scaf	3330	1	992877642
sel_scaf	3332	1	992877642
sel_scaf	3333	1	992877642
sel_scaf	3336	1	992877642
sel_scaf	3338	2	992877642
sel_scaf	3341	1	992877642
sel_scaf	3344	1	992877642
sel_scaf	3349	1	992877642
sel_scaf	3350	1	992877642
sel_scaf	3351	1	992877642
sel_scaf	3355	1	992877642
sel_scaf	3356	1	992877642
sel_scaf	3359	2	992877642
sel_scaf	3360	2	992877642
sel_scaf	3361	3	992877642
sel_scaf	3364	2	992877642
sel_scaf	3366	1	992877642
sel_scaf	3368	1	992877642
sel_scaf	3371	1	992877642
sel_scaf	3372	1	992877642
sel_scaf	3373	3	992877642
sel_scaf	3374	1	992877642
sel_scaf	3376	2	992877642
sel_scaf	3381	1	992877642
sel_scaf	3383	2	992877642
sel_scaf	3384	1	992877642
sel_scaf	3386	1	992877642
sel_scaf	3387	1	992877642
sel_scaf	3390	1	992877642
sel_scaf	3394	2	992877642
sel_scaf	3395	1	992877642
sel_scaf	3396	1	992877642
sel_scaf	3397	1	992877642
sel_scaf	3398	1	992877642
sel_scaf	3400	2	992877642
sel_scaf	3401	1	992877642
sel_scaf	3403	1	992877642
sel_scaf	3407	1	992877642
sel_scaf	3408	1	992877642
sel_scaf	3409	1	992877642
sel_scaf	3410	1	992877642
sel_scaf	3412	1	992877642
sel_scaf	3413	1	992877642
sel_scaf	3414	1	992877642
sel_scaf	3415	1	992877642
sel_scaf	3416	1	992877642
sel_scaf	3418	1	992877642
sel_scaf	3419	1	992877642
sel_scaf	3420	1	992877642
sel_scaf	3421	1	992877642
sel_scaf	3425	1	992877642
sel_scaf	3434	1	992877642
sel_scaf	3437	1	992877642
sel_scaf	3439	2	992877642
sel_scaf	3441	1	992877642
sel_scaf	3445	1	992877642
sel_scaf	3461	1	992877642
sel_scaf	3466	1	992877642
sel_scaf	3469	2	992877642
sel_scaf	3470	2	992877642
sel_scaf	3477	1	992877642
sel_scaf	3479	1	992877642
sel_scaf	3488	1	992877642
sel_scaf	3491	1	992877642
sel_scaf	3493	1	992877642
sel_scaf	3501	2	992877642
sel_scaf	3503	1	992877642
sel_scaf	3512	1	992877642
sel_scaf	3513	1	992877642
sel_scaf	3514	1	992877642
sel_scaf	3520	1	992877642
sel_scaf	3521	2	992877642
sel_scaf	3522	1	992877642
sel_scaf	3525	1	992877642
sel_scaf	3536	2	992877642
sel_scaf	3542	3	992877642
sel_scaf	3543	1	992877642
sel_scaf	3544	3	992877642
sel_scaf	3556	1	992877642
sel_scaf	3557	1	992877642
sel_scaf	3558	1	992877642
sel_scaf	3564	1	992877642
sel_scaf	3565	1	992877642
sel_scaf	3572	1	992877642
sel_scaf	3579	1	992877642
sel_scaf	3581	1	992877642
sel_scaf	3582	1	992877642
sel_scaf	3584	3	992877642
sel_scaf	3586	1	992877642
sel_scaf	3595	1	992877642
sel_scaf	3597	1	992877642
sel_scaf	3604	1	992877642
sel_scaf	3606	1	992877642
sel_scaf	3612	1	992877642
sel_scaf	3614	1	992877642
sel_scaf	3620	1	992877642
sel_scaf	3623	1	992877642
sel_scaf	3627	1	992877642
sel_scaf	3632	1	992877642
sel_scaf	3634	1	992877642
sel_scaf	3639	1	992877642
sel_scaf	3646	1	992877642
sel_scaf	3659	1	992877642
sel_scaf	3660	1	992877642
sel_scaf	3661	1	992877642
sel_scaf	3662	1	992877642
sel_scaf	3666	1	992877642
sel_scaf	3667	2	992877642
sel_scaf	3670	3	992877642
sel_scaf	3672	1	992877642
sel_scaf	3674	1	992877642
sel_scaf	3677	1	992877642
sel_scaf	3678	1	992877642
sel_scaf	3679	1	992877642
sel_scaf	3680	1	992877642
sel_scaf	3681	2	992877642
sel_scaf	3682	1	992877642
sel_scaf	3690	1	992877642
sel_scaf	3691	1	992877642
sel_scaf	3692	2	992877642
sel_scaf	3693	2	992877642
sel_scaf	3694	1	992877642
sel_scaf	3699	1	992877642
sel_scaf	3701	1	992877642
sel_scaf	3702	2	992877642
sel_scaf	3703	1	992877642
sel_scaf	3708	1	992877642
sel_scaf	3710	1	992877642
sel_scaf	3717	1	992877642
sel_scaf	3718	1	992877642
sel_scaf	3722	1	992877642
sel_scaf	3725	1	992877642
sel_scaf	3730	1	992877642
sel_scaf	3731	2	992877642
sel_scaf	3734	2	992877642
sel_scaf	3735	1	992877642
sel_scaf	3736	1	992877642
sel_scaf	3738	1	992877642
sel_scaf	3739	1	992877642
sel_scaf	3744	1	992877642
sel_scaf	3748	1	992877642
sel_scaf	3752	1	992877642
sel_scaf	3765	1	992877642
sel_scaf	3766	1	992877642
sel_scaf	3772	2	992877642
sel_scaf	3773	1	992877642
sel_scaf	3774	1	992877642
sel_scaf	3778	1	992877642
sel_scaf	3782	1	992877642
sel_scaf	3786	1	992877642
sel_scaf	3788	1	992877642
sel_scaf	3803	1	992877642
sel_scaf	3804	2	992877642
sel_scaf	3806	1	992877642
sel_scaf	3811	2	992877642
sel_scaf	3819	1	992877642
sel_scaf	3824	1	992877642
sel_scaf	3827	1	992877642
sel_scaf	3828	1	992877642
sel_scaf	3829	1	992877642
sel_scaf	3830	1	992877642
sel_scaf	3831	2	992877642
sel_scaf	3833	1	992877642
sel_scaf	3834	1	992877642
sel_scaf	3835	2	992877642
sel_scaf	3836	1	992877642
sel_scaf	3838	1	992877642
sel_scaf	3839	1	992877642
sel_scaf	3845	1	992877642
sel_scaf	3846	1	992877642
sel_scaf	3850	1	992877642
sel_scaf	3853	1	992877642
sel_scaf	3855	1	992877642
sel_scaf	3858	1	992877642
sel_scaf	3867	1	992877642
sel_scaf	3868	1	992877642
sel_scaf	3869	2	992877642
sel_scaf	3871	1	992877642
sel_scaf	3872	1	992877642
sel_scaf	3874	1	992877642
sel_scaf	3875	1	992877642
sel_scaf	3876	3	992877642
sel_scaf	3884	2	992877642
sel_scaf	3885	1	992877642
sel_scaf	3886	2	992877642
sel_scaf	3888	1	992877642
sel_scaf	3893	1	992877642
sel_scaf	3895	1	992877642
sel_scaf	3900	1	992877642
sel_scaf	3901	1	992877642
sel_scaf	3903	1	992877642
sel_scaf	3904	2	992877642
sel_scaf	3906	1	992877642
sel_scaf	3910	1	992877642
sel_scaf	3923	1	992877642
sel_scaf	3924	1	992877642
sel_scaf	3926	1	992877642
sel_scaf	3928	1	992877642
sel_scaf	3929	1	992877642
sel_scaf	3933	1	992877642
sel_scaf	3936	2	992877642
sel_scaf	3938	1	992877642
sel_scaf	3939	1	992877642
sel_scaf	3940	1	992877642
sel_scaf	3941	1	992877642
sel_scaf	3945	2	992877642
sel_scaf	3948	1	992877642
sel_scaf	3949	1	992877642
sel_scaf	3952	1	992877642
sel_scaf	3954	3	992877642
sel_scaf	3960	1	992877642
sel_scaf	3962	1	992877642
sel_scaf	3967	1	992877642
sel_scaf	3968	1	992877642
sel_scaf	3970	1	992877642
sel_scaf	3972	1	992877642
sel_scaf	3974	1	992877642
sel_scaf	3975	2	992877642
sel_scaf	3977	3	992877642
sel_scaf	3979	1	992877642
sel_scaf	3983	1	992877642
sel_scaf	3991	1	992877642
sel_scaf	3994	1	992877642
sel_scaf	3998	1	992877642
sel_scaf	4003	1	992877642
sel_scaf	4006	1	992877642
sel_scaf	4007	1	992877642
sel_scaf	4011	1	992877642
sel_scaf	4014	1	992877642
sel_scaf	4016	1	992877642
sel_scaf	4017	1	992877642
sel_scaf	4022	1	992877642
sel_scaf	4023	1	992877642
sel_scaf	4028	2	992877642
sel_scaf	4031	1	992877642
sel_scaf	4037	1	992877642
sel_scaf	4043	2	992877642
sel_scaf	4045	1	992877642
sel_scaf	4055	1	992877642
sel_scaf	4057	1	992877642
sel_scaf	4061	1	992877642
sel_scaf	4063	1	992877642
sel_scaf	4066	1	992877642
sel_scaf	4068	1	992877642
sel_scaf	4075	1	992877642
sel_scaf	4080	1	992877642
sel_scaf	4087	1	992877642
sel_scaf	4088	1	992877642
sel_scaf	4089	1	992877642
sel_scaf	4091	1	992877642
sel_scaf	4095	1	992877642
sel_scaf	4102	2	992877642
sel_scaf	4110	1	992877642
sel_scaf	4111	3	992877642
sel_scaf	4115	2	992877642
sel_scaf	4117	2	992877642
sel_scaf	4121	1	992877642
sel_scaf	4123	1	992877642
sel_scaf	4124	1	992877642
sel_scaf	4127	1	992877642
sel_scaf	4128	1	992877642
sel_scaf	4131	4	992877642
sel_scaf	4133	1	992877642
sel_scaf	4135	1	992877642
sel_scaf	4139	1	992877642
sel_scaf	4145	2	992877642
sel_scaf	4147	1	992877642
sel_scaf	4153	1	992877642
sel_scaf	4155	2	992877642
sel_scaf	4159	1	992877642
sel_scaf	4161	2	992877642
sel_scaf	4162	1	992877642
sel_scaf	4163	1	992877642
sel_scaf	4171	1	992877642
sel_scaf	4174	1	992877642
sel_scaf	4182	1	992877642
sel_scaf	4185	2	992877642
sel_scaf	4187	1	992877642
sel_scaf	4189	1	992877642
sel_scaf	4190	1	992877642
sel_scaf	4191	1	992877642
sel_scaf	4192	1	992877642
sel_scaf	4193	1	992877642
sel_scaf	4196	1	992877642
sel_scaf	4197	2	992877642
sel_scaf	4198	1	992877642
sel_scaf	4200	1	992877642
sel_scaf	4201	1	992877642
sel_scaf	4202	1	992877642
sel_scaf	4204	1	992877642
sel_scaf	4206	2	992877642
sel_scaf	4209	1	992877642
sel_scaf	4212	2	992877642
sel_scaf	4213	1	992877642
sel_scaf	4218	1	992877642
sel_scaf	4220	1	992877642
sel_scaf	4227	1	992877642
sel_scaf	4233	1	992877642
sel_scaf	4234	1	992877642
sel_scaf	4242	1	992877642
sel_scaf	4243	1	992877642
sel_scaf	4252	1	992877642
sel_scaf	4270	1	992877642
sel_scaf	4273	1	992877642
sel_scaf	4280	3	992877642
sel_scaf	4289	1	992877642
sel_scaf	4291	1	992877642
sel_scaf	4297	1	992877642
sel_scaf	4301	3	992877642
sel_scaf	4308	1	992877642
sel_scaf	4312	1	992877642
sel_scaf	4316	1	992877642
sel_scaf	4325	2	992877642
sel_scaf	4329	1	992877642
sel_scaf	4331	1	992877642
sel_scaf	4332	1	992877642
sel_scaf	4335	1	992877642
sel_scaf	4337	1	992877642
sel_scaf	4352	1	992877642
sel_scaf	4356	1	992877642
sel_scaf	4360	1	992877642
sel_scaf	4367	1	992877642
sel_scaf	4371	2	992877642
sel_scaf	4388	2	992877642
sel_scaf	4389	1	992877642
sel_scaf	4396	1	992877642
sel_scaf	4401	1	992877642
sel_scaf	4405	1	992877642
sel_scaf	4411	1	992877642
sel_scaf	4413	1	992877642
sel_scaf	4414	1	992877642
sel_scaf	4415	1	992877642
sel_scaf	4418	1	992877642
sel_scaf	4423	1	992877642
sel_scaf	4428	1	992877642
sel_scaf	4431	1	992877642
sel_scaf	4433	1	992877642
sel_scaf	4434	1	992877642
sel_scaf	4449	1	992877642
sel_scaf	4450	1	992877642
sel_scaf	4456	1	992877642
sel_scaf	4458	2	992877642
sel_scaf	4462	1	992877642
sel_scaf	4464	1	992877642
sel_scaf	4466	1	992877642
sel_scaf	4469	1	992877642
sel_scaf	4472	1	992877642
sel_scaf	4486	1	992877642
sel_scaf	4491	2	992877642
sel_scaf	4492	1	992877642
sel_scaf	4493	1	992877642
sel_scaf	4502	1	992877642
sel_scaf	4506	1	992877642
sel_scaf	4514	1	992877642
sel_scaf	4518	1	992877642
sel_scaf	4519	1	992877642
sel_scaf	4521	1	992877642
sel_scaf	4529	1	992877642
sel_scaf	4530	1	992877642
sel_scaf	4537	1	992877642
sel_scaf	4547	2	992877642
sel_scaf	4552	1	992877642
sel_scaf	4555	1	992877642
sel_scaf	4561	1	992877642
sel_scaf	4563	1	992877642
sel_scaf	4571	2	992877642
sel_scaf	4574	1	992877642
sel_scaf	4575	1	992877642
sel_scaf	4582	1	992877642
sel_scaf	4583	1	992877642
sel_scaf	4586	1	992877642
sel_scaf	4589	2	992877642
sel_scaf	4593	1	992877642
sel_scaf	4594	1	992877642
sel_scaf	4597	1	992877642
sel_scaf	4598	1	992877642
sel_scaf	4603	1	992877642
sel_scaf	4611	1	992877642
sel_scaf	4615	1	992877642
sel_scaf	4627	1	992877642
sel_scaf	4630	1	992877642
sel_scaf	4635	1	992877642
sel_scaf	4647	1	992877642
sel_scaf	4651	1	992877642
sel_scaf	4658	1	992877642
sel_scaf	4665	1	992877642
sel_scaf	4668	1	992877642
sel_scaf	4672	1	992877642
sel_scaf	4673	2	992877642
sel_scaf	4679	1	992877642
sel_scaf	4692	1	992877642
sel_scaf	4699	1	992877642
sel_scaf	4705	1	992877642
sel_scaf	4709	1	992877642
sel_scaf	4712	1	992877642
sel_scaf	4724	1	992877642
sel_scaf	4726	1	992877642
sel_scaf	4727	1	992877642
sel_scaf	4732	1	992877642
sel_scaf	4739	1	992877642
sel_scaf	4752	1	992877642
sel_scaf	4758	1	992877642
sel_scaf	4765	1	992877642
sel_scaf	4767	1	992877642
sel_scaf	4784	1	992877642
sel_scaf	4785	1	992877642
sel_scaf	4789	1	992877642
sel_scaf	4792	1	992877642
sel_scaf	4795	1	992877642
sel_scaf	4799	1	992877642
sel_scaf	4809	1	992877642
sel_scaf	4822	1	992877642
sel_scaf	4828	2	992877642
sel_scaf	4830	1	992877642
sel_scaf	4831	2	992877642
sel_scaf	4834	1	992877642
sel_scaf	4836	2	992877642
sel_scaf	4867	1	992877642
sel_scaf	4877	1	992877642
sel_scaf	4883	1	992877642
sel_scaf	4899	1	992877642
sel_scaf	4905	1	992877642
sel_scaf	4908	1	992877642
sel_scaf	4909	1	992877642
sel_scaf	4911	1	992877642
sel_scaf	4918	1	992877642
sel_scaf	4919	1	992877642
sel_scaf	4921	1	992877642
sel_scaf	4922	1	992877642
sel_scaf	4930	1	992877642
sel_scaf	4933	2	992877642
sel_scaf	4940	2	992877642
sel_scaf	4942	1	992877642
sel_scaf	4944	1	992877642
sel_scaf	4958	1	992877642
sel_scaf	4967	2	992877642
sel_scaf	4982	1	992877642
sel_scaf	4983	1	992877642
sel_scaf	5011	1	992877642
sel_scaf	5015	1	992877642
sel_scaf	5020	1	992877642
sel_scaf	5021	1	992877642
sel_scaf	5024	1	992877642
sel_scaf	5026	1	992877642
sel_scaf	5039	1	992877642
sel_scaf	5043	1	992877642
sel_scaf	5044	1	992877642
sel_scaf	5051	1	992877642
sel_scaf	5052	1	992877642
sel_scaf	5053	1	992877642
sel_scaf	5065	1	992877642
sel_scaf	5075	1	992877642
sel_scaf	5077	2	992877642
sel_scaf	5080	1	992877642
sel_scaf	5101	1	992877642
sel_scaf	5104	1	992877642
sel_scaf	5115	1	992877642
sel_scaf	5116	1	992877642
sel_scaf	5117	1	992877642
sel_scaf	5130	1	992877642
sel_scaf	5138	2	992877642
sel_scaf	5146	1	992877642
sel_scaf	5167	1	992877642
sel_scaf	5169	1	992877642
sel_scaf	5172	1	992877642
sel_scaf	5174	1	992877642
sel_scaf	5201	1	992877642
sel_scaf	5202	1	992877642
sel_scaf	5209	1	992877642
sel_scaf	5224	1	992877642
sel_scaf	5234	1	992877642
sel_scaf	5237	1	992877642
sel_scaf	5239	1	992877642
sel_scaf	5242	1	992877642
sel_scaf	5263	1	992877642
sel_scaf	5274	1	992877642
sel_scaf	5277	1	992877642
sel_scaf	5281	1	992877642
sel_scaf	5286	1	992877642
sel_scaf	5288	1	992877642
sel_scaf	5304	1	992877642
sel_scaf	5324	1	992877642
sel_scaf	5343	1	992877642
sel_scaf	5348	1	992877642
sel_scaf	5350	1	992877642
sel_scaf	5352	1	992877642
sel_scaf	5370	1	992877642
sel_scaf	5378	1	992877642
sel_scaf	5380	1	992877642
sel_scaf	5401	1	992877642
sel_scaf	5410	1	992877642
sel_scaf	5417	1	992877642
sel_scaf	5418	1	992877642
sel_scaf	5421	1	992877642
sel_scaf	5430	1	992877642
sel_scaf	5435	1	992877642
sel_scaf	5438	1	992877642
sel_scaf	5448	1	992877642
sel_scaf	5453	1	992877642
sel_scaf	5462	2	992877642
sel_scaf	5463	1	992877642
sel_scaf	5464	1	992877642
sel_scaf	5473	1	992877642
sel_scaf	5475	1	992877642
sel_scaf	5488	1	992877642
sel_scaf	5490	1	992877642
sel_scaf	5492	2	992877642
sel_scaf	5497	2	992877642
sel_scaf	5512	1	992877642
sel_scaf	5522	1	992877642
sel_scaf	5528	1	992877642
sel_scaf	5532	1	992877642
sel_scaf	5540	1	992877642
sel_scaf	5546	1	992877642
sel_scaf	5547	1	992877642
sel_scaf	5548	1	992877642
sel_scaf	5549	1	992877642
sel_scaf	5552	2	992877642
sel_scaf	5561	1	992877642
sel_scaf	5562	2	992877642
sel_scaf	5563	1	992877642
sel_scaf	5564	1	992877642
sel_scaf	5569	1	992877642
sel_scaf	5572	1	992877642
sel_scaf	5575	1	992877642
sel_scaf	5576	2	992877642
sel_scaf	5582	1	992877642
sel_scaf	5583	1	992877642
sel_scaf	5590	1	992877642
sel_scaf	5602	1	992877642
sel_scaf	5611	1	992877642
sel_scaf	5613	1	992877642
sel_scaf	5617	2	992877642
sel_scaf	5626	1	992877642
sel_scaf	5634	1	992877642
sel_scaf	5642	1	992877642
sel_scaf	5671	1	992877642
sel_scaf	5683	1	992877642
sel_scaf	5696	1	992877642
sel_scaf	5700	1	992877642
sel_scaf	5705	1	992877642
sel_scaf	5720	1	992877642
sel_scaf	5729	1	992877642
sel_scaf	5731	1	992877642
sel_scaf	5734	1	992877642
sel_scaf	5743	1	992877642
sel_scaf	5744	1	992877642
sel_scaf	5746	1	992877642
sel_scaf	5749	1	992877642
sel_scaf	5751	1	992877642
sel_scaf	5779	1	992877642
sel_scaf	5780	1	992877642
sel_scaf	5790	1	992877642
sel_scaf	5799	1	992877642
sel_scaf	5818	1	992877642
sel_scaf	5831	1	992877642
sel_scaf	5864	1	992877642
sel_scaf	5894	1	992877642
sel_scaf	5955	1	992877642
sel_scaf	5963	1	992877642
sel_scaf	5981	1	992877642
sel_scaf	6006	1	992877642
sel_scaf	6017	1	992877642
sel_scaf	6054	1	992877642
sel_scaf	6057	1	992877642
sel_scaf	6061	1	992877642
sel_scaf	6112	1	992877642
sel_scaf	6128	1	992877642
sel_scaf	6130	1	992877642
sel_scaf	6198	1	992877642
sel_scaf	6210	1	992877642
sel_scaf	6254	1	992877642
sel_scaf	6270	1	992877642
sel_scaf	6280	1	992877642
sel_scaf	6317	1	992877642
sel_scaf	6327	1	992877642
sel_scaf	6330	1	992877642
sel_scaf	6350	1	992877642
sel_scaf	6389	1	992877642
sel_scaf	6437	1	992877642
sel_scaf	6444	1	992877642
sel_scaf	6447	1	992877642
sel_scaf	6460	1	992877642
sel_scaf	6475	1	992877642
sel_scaf	6488	1	992877642
sel_scaf	6491	1	992877642
sel_scaf	6511	1	992877642
sel_scaf	6544	1	992877642
sel_scaf	6585	1	992877642
sel_scaf	6590	1	992877642
sel_scaf	6632	1	992877642
sel_scaf	6639	1	992877642
sel_scaf	6663	1	992877642
sel_scaf	6683	1	992877642
sel_scaf	6704	1	992877642
sel_scaf	6711	1	992877642
sel_scaf	6729	1	992877642
sel_scaf	6744	1	992877642
sel_scaf	6754	1	992877642
sel_scaf	6757	1	992877642
sel_scaf	6765	1	992877642
sel_scaf	6780	1	992877642
sel_scaf	6784	1	992877642
sel_scaf	6789	1	992877642
sel_scaf	6791	1	992877642
sel_scaf	6795	1	992877642
sel_scaf	6798	1	992877642
sel_scaf	6821	1	992877642
sel_scaf	6831	1	992877642
sel_scaf	6845	1	992877642
sel_scaf	6979	1	992877642
sel_scaf	6997	1	992877642
sel_scaf	7099	1	992877642
sel_scaf	7199	1	992877642
sel_scaf	7222	1	992877642
sel_scaf	7332	1	992877642
sel_scaf	7471	1	992877642
sel_scaf	7583	1	992877642
sel_scaf	7733	1	992877642
sel_scaf	7800	1	992877642
sel_scaf	7884	1	992877642
sel_scaf	7944	1	992877642
sel_scaf	7997	1	992877642
sel_scaf	8157	1	992877642
sel_scaf	8180	1	992877642
sel_scaf	8195	1	992877642
sel_scaf	8264	1	992877642
sel_scaf	8306	1	992877642
sel_scaf	8432	1	992877642
sel_scaf	8468	1	992877642
sel_scaf	8539	1	992877642
sel_scaf	8581	1	992877642
sel_scaf	8608	1	992877642
sel_scaf	8674	1	992877642
sel_scaf	8701	1	992877642
sel_scaf	8707	1	992877642
sel_scaf	8735	1	992877642
sel_scaf	8740	1	992877642
sel_scaf	8761	1	992877642
sel_scaf	8763	1	992877642
sel_scaf	8770	1	992877642
sel_scaf	8773	1	992877642
sel_scaf	8774	1	992877642
sel_scaf	8780	1	992877642
sel_scaf	8787	1	992877642
sel_scaf	8811	1	992877642
sel_scaf	8828	1	992877642
sel_scaf	8843	1	992877642
sel_scaf	8852	1	992877642
sel_scaf	8855	1	992877642
sel_scaf	8865	1	992877642
sel_scaf	8867	1	992877642
sel_scaf	8871	1	992877642
sel_scaf	8887	1	992877642
sel_scaf	8892	1	992877642
sel_scaf	8894	1	992877642
sel_scaf	8902	1	992877642
sel_scaf	8929	1	992877642
sel_scaf	8931	1	992877642
sel_scaf	8971	1	992877642
sel_scaf	8997	1	992877642
sel_scaf	9010	1	992877642
sel_scaf	9011	1	992877642
sel_scaf	9014	1	992877642
sel_scaf	9021	1	992877642
sel_scaf	9034	1	992877642
sel_scaf	9043	1	992877642
sel_scaf	9050	1	992877642
sel_scaf	9051	1	992877642
sel_scaf	9052	1	992877642
sel_scaf	9053	1	992877642
sel_scaf	9060	1	992877642
sel_scaf	9062	1	992877642
sel_scaf	9063	1	992877642
sel_scaf	9069	1	992877642
sel_scaf	9075	1	992877642
sel_scaf	9079	1	992877642
sel_scaf	9082	1	992877642
sel_scaf	9086	1	992877642
sel_scaf	9089	1	992877642
sel_scaf	9092	1	992877642
