feature	depth	Nsites	totalNsites
sel_scaf	0	75424415	992877642
sel_scaf	1	9927501	992877642
sel_scaf	2	10319141	992877642
sel_scaf	3	11870742	992877642
sel_scaf	4	14388092	992877642
sel_scaf	5	17959566	992877642
sel_scaf	6	22731351	992877642
sel_scaf	7	28808287	992877642
sel_scaf	8	36045131	992877642
sel_scaf	9	44051680	992877642
sel_scaf	10	52355341	992877642
sel_scaf	11	59979330	992877642
sel_scaf	12	66082617	992877642
sel_scaf	13	69884022	992877642
sel_scaf	14	70919938	992877642
sel_scaf	15	68977794	992877642
sel_scaf	16	64384378	992877642
sel_scaf	17	57724727	992877642
sel_scaf	18	49719633	992877642
sel_scaf	19	41166365	992877642
sel_scaf	20	32862090	992877642
sel_scaf	21	25288406	992877642
sel_scaf	22	18822015	992877642
sel_scaf	23	13552004	992877642
sel_scaf	24	9468080	992877642
sel_scaf	25	6435674	992877642
sel_scaf	26	4255849	992877642
sel_scaf	27	2763287	992877642
sel_scaf	28	1768515	992877642
sel_scaf	29	1131931	992877642
sel_scaf	30	730490	992877642
sel_scaf	31	482747	992877642
sel_scaf	32	333910	992877642
sel_scaf	33	241552	992877642
sel_scaf	34	187128	992877642
sel_scaf	35	150909	992877642
sel_scaf	36	126815	992877642
sel_scaf	37	108142	992877642
sel_scaf	38	95058	992877642
sel_scaf	39	83519	992877642
sel_scaf	40	74009	992877642
sel_scaf	41	67160	992877642
sel_scaf	42	60514	992877642
sel_scaf	43	55470	992877642
sel_scaf	44	50489	992877642
sel_scaf	45	45005	992877642
sel_scaf	46	41105	992877642
sel_scaf	47	37137	992877642
sel_scaf	48	34815	992877642
sel_scaf	49	32622	992877642
sel_scaf	50	29832	992877642
sel_scaf	51	27359	992877642
sel_scaf	52	26363	992877642
sel_scaf	53	24420	992877642
sel_scaf	54	23074	992877642
sel_scaf	55	21487	992877642
sel_scaf	56	19661	992877642
sel_scaf	57	18531	992877642
sel_scaf	58	17231	992877642
sel_scaf	59	15821	992877642
sel_scaf	60	15125	992877642
sel_scaf	61	14079	992877642
sel_scaf	62	13322	992877642
sel_scaf	63	12224	992877642
sel_scaf	64	11943	992877642
sel_scaf	65	10967	992877642
sel_scaf	66	10530	992877642
sel_scaf	67	10330	992877642
sel_scaf	68	9523	992877642
sel_scaf	69	9302	992877642
sel_scaf	70	8803	992877642
sel_scaf	71	8309	992877642
sel_scaf	72	7722	992877642
sel_scaf	73	7598	992877642
sel_scaf	74	7265	992877642
sel_scaf	75	7146	992877642
sel_scaf	76	6921	992877642
sel_scaf	77	6884	992877642
sel_scaf	78	6567	992877642
sel_scaf	79	6371	992877642
sel_scaf	80	6143	992877642
sel_scaf	81	5720	992877642
sel_scaf	82	5954	992877642
sel_scaf	83	5726	992877642
sel_scaf	84	5754	992877642
sel_scaf	85	5503	992877642
sel_scaf	86	5132	992877642
sel_scaf	87	4904	992877642
sel_scaf	88	4736	992877642
sel_scaf	89	4643	992877642
sel_scaf	90	4830	992877642
sel_scaf	91	4491	992877642
sel_scaf	92	4436	992877642
sel_scaf	93	4288	992877642
sel_scaf	94	4111	992877642
sel_scaf	95	4033	992877642
sel_scaf	96	3937	992877642
sel_scaf	97	3758	992877642
sel_scaf	98	3817	992877642
sel_scaf	99	3902	992877642
sel_scaf	100	3577	992877642
sel_scaf	101	3518	992877642
sel_scaf	102	3424	992877642
sel_scaf	103	3156	992877642
sel_scaf	104	3135	992877642
sel_scaf	105	3264	992877642
sel_scaf	106	3282	992877642
sel_scaf	107	3146	992877642
sel_scaf	108	3089	992877642
sel_scaf	109	2853	992877642
sel_scaf	110	2830	992877642
sel_scaf	111	2784	992877642
sel_scaf	112	2698	992877642
sel_scaf	113	2765	992877642
sel_scaf	114	2634	992877642
sel_scaf	115	2691	992877642
sel_scaf	116	2553	992877642
sel_scaf	117	2592	992877642
sel_scaf	118	2595	992877642
sel_scaf	119	2371	992877642
sel_scaf	120	2496	992877642
sel_scaf	121	2432	992877642
sel_scaf	122	2206	992877642
sel_scaf	123	2197	992877642
sel_scaf	124	2068	992877642
sel_scaf	125	2082	992877642
sel_scaf	126	2086	992877642
sel_scaf	127	2024	992877642
sel_scaf	128	1904	992877642
sel_scaf	129	2011	992877642
sel_scaf	130	2089	992877642
sel_scaf	131	1915	992877642
sel_scaf	132	1739	992877642
sel_scaf	133	1812	992877642
sel_scaf	134	1805	992877642
sel_scaf	135	1802	992877642
sel_scaf	136	1631	992877642
sel_scaf	137	1614	992877642
sel_scaf	138	1552	992877642
sel_scaf	139	1531	992877642
sel_scaf	140	1502	992877642
sel_scaf	141	1510	992877642
sel_scaf	142	1583	992877642
sel_scaf	143	1484	992877642
sel_scaf	144	1409	992877642
sel_scaf	145	1459	992877642
sel_scaf	146	1368	992877642
sel_scaf	147	1488	992877642
sel_scaf	148	1471	992877642
sel_scaf	149	1371	992877642
sel_scaf	150	1389	992877642
sel_scaf	151	1302	992877642
sel_scaf	152	1327	992877642
sel_scaf	153	1387	992877642
sel_scaf	154	1301	992877642
sel_scaf	155	1248	992877642
sel_scaf	156	1269	992877642
sel_scaf	157	1271	992877642
sel_scaf	158	1279	992877642
sel_scaf	159	1245	992877642
sel_scaf	160	1162	992877642
sel_scaf	161	1205	992877642
sel_scaf	162	1196	992877642
sel_scaf	163	1113	992877642
sel_scaf	164	1077	992877642
sel_scaf	165	966	992877642
sel_scaf	166	982	992877642
sel_scaf	167	932	992877642
sel_scaf	168	1016	992877642
sel_scaf	169	1036	992877642
sel_scaf	170	968	992877642
sel_scaf	171	904	992877642
sel_scaf	172	905	992877642
sel_scaf	173	937	992877642
sel_scaf	174	968	992877642
sel_scaf	175	958	992877642
sel_scaf	176	805	992877642
sel_scaf	177	801	992877642
sel_scaf	178	795	992877642
sel_scaf	179	755	992877642
sel_scaf	180	751	992877642
sel_scaf	181	724	992877642
sel_scaf	182	837	992877642
sel_scaf	183	724	992877642
sel_scaf	184	711	992877642
sel_scaf	185	704	992877642
sel_scaf	186	732	992877642
sel_scaf	187	700	992877642
sel_scaf	188	787	992877642
sel_scaf	189	700	992877642
sel_scaf	190	675	992877642
sel_scaf	191	604	992877642
sel_scaf	192	703	992877642
sel_scaf	193	646	992877642
sel_scaf	194	603	992877642
sel_scaf	195	572	992877642
sel_scaf	196	570	992877642
sel_scaf	197	543	992877642
sel_scaf	198	581	992877642
sel_scaf	199	550	992877642
sel_scaf	200	583	992877642
sel_scaf	201	499	992877642
sel_scaf	202	502	992877642
sel_scaf	203	485	992877642
sel_scaf	204	493	992877642
sel_scaf	205	601	992877642
sel_scaf	206	550	992877642
sel_scaf	207	504	992877642
sel_scaf	208	498	992877642
sel_scaf	209	486	992877642
sel_scaf	210	515	992877642
sel_scaf	211	496	992877642
sel_scaf	212	607	992877642
sel_scaf	213	534	992877642
sel_scaf	214	582	992877642
sel_scaf	215	502	992877642
sel_scaf	216	469	992877642
sel_scaf	217	424	992877642
sel_scaf	218	467	992877642
sel_scaf	219	453	992877642
sel_scaf	220	446	992877642
sel_scaf	221	465	992877642
sel_scaf	222	449	992877642
sel_scaf	223	454	992877642
sel_scaf	224	510	992877642
sel_scaf	225	434	992877642
sel_scaf	226	450	992877642
sel_scaf	227	450	992877642
sel_scaf	228	487	992877642
sel_scaf	229	406	992877642
sel_scaf	230	364	992877642
sel_scaf	231	407	992877642
sel_scaf	232	396	992877642
sel_scaf	233	365	992877642
sel_scaf	234	380	992877642
sel_scaf	235	338	992877642
sel_scaf	236	381	992877642
sel_scaf	237	337	992877642
sel_scaf	238	374	992877642
sel_scaf	239	409	992877642
sel_scaf	240	458	992877642
sel_scaf	241	425	992877642
sel_scaf	242	413	992877642
sel_scaf	243	420	992877642
sel_scaf	244	446	992877642
sel_scaf	245	432	992877642
sel_scaf	246	372	992877642
sel_scaf	247	392	992877642
sel_scaf	248	351	992877642
sel_scaf	249	400	992877642
sel_scaf	250	537	992877642
sel_scaf	251	414	992877642
sel_scaf	252	421	992877642
sel_scaf	253	412	992877642
sel_scaf	254	457	992877642
sel_scaf	255	399	992877642
sel_scaf	256	332	992877642
sel_scaf	257	368	992877642
sel_scaf	258	340	992877642
sel_scaf	259	361	992877642
sel_scaf	260	395	992877642
sel_scaf	261	410	992877642
sel_scaf	262	355	992877642
sel_scaf	263	363	992877642
sel_scaf	264	326	992877642
sel_scaf	265	273	992877642
sel_scaf	266	287	992877642
sel_scaf	267	297	992877642
sel_scaf	268	304	992877642
sel_scaf	269	306	992877642
sel_scaf	270	287	992877642
sel_scaf	271	335	992877642
sel_scaf	272	392	992877642
sel_scaf	273	300	992877642
sel_scaf	274	299	992877642
sel_scaf	275	251	992877642
sel_scaf	276	244	992877642
sel_scaf	277	306	992877642
sel_scaf	278	278	992877642
sel_scaf	279	287	992877642
sel_scaf	280	276	992877642
sel_scaf	281	232	992877642
sel_scaf	282	267	992877642
sel_scaf	283	301	992877642
sel_scaf	284	278	992877642
sel_scaf	285	244	992877642
sel_scaf	286	257	992877642
sel_scaf	287	256	992877642
sel_scaf	288	267	992877642
sel_scaf	289	233	992877642
sel_scaf	290	252	992877642
sel_scaf	291	225	992877642
sel_scaf	292	252	992877642
sel_scaf	293	237	992877642
sel_scaf	294	211	992877642
sel_scaf	295	260	992877642
sel_scaf	296	264	992877642
sel_scaf	297	261	992877642
sel_scaf	298	222	992877642
sel_scaf	299	256	992877642
sel_scaf	300	242	992877642
sel_scaf	301	184	992877642
sel_scaf	302	244	992877642
sel_scaf	303	238	992877642
sel_scaf	304	236	992877642
sel_scaf	305	207	992877642
sel_scaf	306	231	992877642
sel_scaf	307	190	992877642
sel_scaf	308	232	992877642
sel_scaf	309	267	992877642
sel_scaf	310	242	992877642
sel_scaf	311	240	992877642
sel_scaf	312	253	992877642
sel_scaf	313	276	992877642
sel_scaf	314	338	992877642
sel_scaf	315	252	992877642
sel_scaf	316	247	992877642
sel_scaf	317	222	992877642
sel_scaf	318	214	992877642
sel_scaf	319	212	992877642
sel_scaf	320	188	992877642
sel_scaf	321	190	992877642
sel_scaf	322	172	992877642
sel_scaf	323	162	992877642
sel_scaf	324	187	992877642
sel_scaf	325	173	992877642
sel_scaf	326	156	992877642
sel_scaf	327	174	992877642
sel_scaf	328	189	992877642
sel_scaf	329	185	992877642
sel_scaf	330	176	992877642
sel_scaf	331	167	992877642
sel_scaf	332	170	992877642
sel_scaf	333	149	992877642
sel_scaf	334	184	992877642
sel_scaf	335	159	992877642
sel_scaf	336	177	992877642
sel_scaf	337	152	992877642
sel_scaf	338	192	992877642
sel_scaf	339	160	992877642
sel_scaf	340	151	992877642
sel_scaf	341	159	992877642
sel_scaf	342	178	992877642
sel_scaf	343	159	992877642
sel_scaf	344	163	992877642
sel_scaf	345	176	992877642
sel_scaf	346	190	992877642
sel_scaf	347	165	992877642
sel_scaf	348	163	992877642
sel_scaf	349	163	992877642
sel_scaf	350	189	992877642
sel_scaf	351	169	992877642
sel_scaf	352	162	992877642
sel_scaf	353	157	992877642
sel_scaf	354	176	992877642
sel_scaf	355	170	992877642
sel_scaf	356	173	992877642
sel_scaf	357	208	992877642
sel_scaf	358	174	992877642
sel_scaf	359	174	992877642
sel_scaf	360	155	992877642
sel_scaf	361	171	992877642
sel_scaf	362	180	992877642
sel_scaf	363	154	992877642
sel_scaf	364	145	992877642
sel_scaf	365	143	992877642
sel_scaf	366	149	992877642
sel_scaf	367	184	992877642
sel_scaf	368	176	992877642
sel_scaf	369	145	992877642
sel_scaf	370	127	992877642
sel_scaf	371	196	992877642
sel_scaf	372	153	992877642
sel_scaf	373	123	992877642
sel_scaf	374	153	992877642
sel_scaf	375	126	992877642
sel_scaf	376	131	992877642
sel_scaf	377	159	992877642
sel_scaf	378	181	992877642
sel_scaf	379	140	992877642
sel_scaf	380	167	992877642
sel_scaf	381	177	992877642
sel_scaf	382	179	992877642
sel_scaf	383	153	992877642
sel_scaf	384	145	992877642
sel_scaf	385	146	992877642
sel_scaf	386	120	992877642
sel_scaf	387	131	992877642
sel_scaf	388	146	992877642
sel_scaf	389	178	992877642
sel_scaf	390	140	992877642
sel_scaf	391	150	992877642
sel_scaf	392	177	992877642
sel_scaf	393	151	992877642
sel_scaf	394	145	992877642
sel_scaf	395	160	992877642
sel_scaf	396	157	992877642
sel_scaf	397	161	992877642
sel_scaf	398	158	992877642
sel_scaf	399	145	992877642
sel_scaf	400	163	992877642
sel_scaf	401	141	992877642
sel_scaf	402	174	992877642
sel_scaf	403	162	992877642
sel_scaf	404	145	992877642
sel_scaf	405	175	992877642
sel_scaf	406	144	992877642
sel_scaf	407	149	992877642
sel_scaf	408	159	992877642
sel_scaf	409	118	992877642
sel_scaf	410	161	992877642
sel_scaf	411	156	992877642
sel_scaf	412	136	992877642
sel_scaf	413	152	992877642
sel_scaf	414	138	992877642
sel_scaf	415	125	992877642
sel_scaf	416	138	992877642
sel_scaf	417	135	992877642
sel_scaf	418	147	992877642
sel_scaf	419	125	992877642
sel_scaf	420	158	992877642
sel_scaf	421	172	992877642
sel_scaf	422	153	992877642
sel_scaf	423	135	992877642
sel_scaf	424	111	992877642
sel_scaf	425	111	992877642
sel_scaf	426	109	992877642
sel_scaf	427	100	992877642
sel_scaf	428	107	992877642
sel_scaf	429	134	992877642
sel_scaf	430	129	992877642
sel_scaf	431	126	992877642
sel_scaf	432	105	992877642
sel_scaf	433	82	992877642
sel_scaf	434	94	992877642
sel_scaf	435	110	992877642
sel_scaf	436	99	992877642
sel_scaf	437	127	992877642
sel_scaf	438	95	992877642
sel_scaf	439	143	992877642
sel_scaf	440	130	992877642
sel_scaf	441	138	992877642
sel_scaf	442	163	992877642
sel_scaf	443	115	992877642
sel_scaf	444	121	992877642
sel_scaf	445	94	992877642
sel_scaf	446	122	992877642
sel_scaf	447	116	992877642
sel_scaf	448	123	992877642
sel_scaf	449	129	992877642
sel_scaf	450	104	992877642
sel_scaf	451	107	992877642
sel_scaf	452	113	992877642
sel_scaf	453	113	992877642
sel_scaf	454	119	992877642
sel_scaf	455	107	992877642
sel_scaf	456	107	992877642
sel_scaf	457	105	992877642
sel_scaf	458	82	992877642
sel_scaf	459	131	992877642
sel_scaf	460	120	992877642
sel_scaf	461	74	992877642
sel_scaf	462	77	992877642
sel_scaf	463	82	992877642
sel_scaf	464	93	992877642
sel_scaf	465	89	992877642
sel_scaf	466	90	992877642
sel_scaf	467	118	992877642
sel_scaf	468	121	992877642
sel_scaf	469	89	992877642
sel_scaf	470	88	992877642
sel_scaf	471	101	992877642
sel_scaf	472	66	992877642
sel_scaf	473	90	992877642
sel_scaf	474	80	992877642
sel_scaf	475	79	992877642
sel_scaf	476	78	992877642
sel_scaf	477	97	992877642
sel_scaf	478	78	992877642
sel_scaf	479	86	992877642
sel_scaf	480	92	992877642
sel_scaf	481	95	992877642
sel_scaf	482	128	992877642
sel_scaf	483	86	992877642
sel_scaf	484	101	992877642
sel_scaf	485	87	992877642
sel_scaf	486	75	992877642
sel_scaf	487	88	992877642
sel_scaf	488	81	992877642
sel_scaf	489	88	992877642
sel_scaf	490	89	992877642
sel_scaf	491	84	992877642
sel_scaf	492	94	992877642
sel_scaf	493	82	992877642
sel_scaf	494	94	992877642
sel_scaf	495	73	992877642
sel_scaf	496	90	992877642
sel_scaf	497	102	992877642
sel_scaf	498	108	992877642
sel_scaf	499	79	992877642
sel_scaf	500	88	992877642
sel_scaf	501	90	992877642
sel_scaf	502	107	992877642
sel_scaf	503	101	992877642
sel_scaf	504	83	992877642
sel_scaf	505	97	992877642
sel_scaf	506	80	992877642
sel_scaf	507	102	992877642
sel_scaf	508	90	992877642
sel_scaf	509	89	992877642
sel_scaf	510	99	992877642
sel_scaf	511	93	992877642
sel_scaf	512	106	992877642
sel_scaf	513	108	992877642
sel_scaf	514	120	992877642
sel_scaf	515	100	992877642
sel_scaf	516	91	992877642
sel_scaf	517	107	992877642
sel_scaf	518	75	992877642
sel_scaf	519	103	992877642
sel_scaf	520	91	992877642
sel_scaf	521	82	992877642
sel_scaf	522	89	992877642
sel_scaf	523	95	992877642
sel_scaf	524	91	992877642
sel_scaf	525	109	992877642
sel_scaf	526	93	992877642
sel_scaf	527	134	992877642
sel_scaf	528	82	992877642
sel_scaf	529	102	992877642
sel_scaf	530	69	992877642
sel_scaf	531	106	992877642
sel_scaf	532	70	992877642
sel_scaf	533	97	992877642
sel_scaf	534	80	992877642
sel_scaf	535	89	992877642
sel_scaf	536	79	992877642
sel_scaf	537	86	992877642
sel_scaf	538	84	992877642
sel_scaf	539	80	992877642
sel_scaf	540	81	992877642
sel_scaf	541	90	992877642
sel_scaf	542	70	992877642
sel_scaf	543	106	992877642
sel_scaf	544	77	992877642
sel_scaf	545	76	992877642
sel_scaf	546	71	992877642
sel_scaf	547	68	992877642
sel_scaf	548	81	992877642
sel_scaf	549	79	992877642
sel_scaf	550	73	992877642
sel_scaf	551	69	992877642
sel_scaf	552	99	992877642
sel_scaf	553	90	992877642
sel_scaf	554	88	992877642
sel_scaf	555	77	992877642
sel_scaf	556	69	992877642
sel_scaf	557	77	992877642
sel_scaf	558	70	992877642
sel_scaf	559	65	992877642
sel_scaf	560	48	992877642
sel_scaf	561	86	992877642
sel_scaf	562	55	992877642
sel_scaf	563	67	992877642
sel_scaf	564	68	992877642
sel_scaf	565	57	992877642
sel_scaf	566	67	992877642
sel_scaf	567	72	992877642
sel_scaf	568	54	992877642
sel_scaf	569	46	992877642
sel_scaf	570	68	992877642
sel_scaf	571	69	992877642
sel_scaf	572	63	992877642
sel_scaf	573	68	992877642
sel_scaf	574	75	992877642
sel_scaf	575	73	992877642
sel_scaf	576	39	992877642
sel_scaf	577	71	992877642
sel_scaf	578	66	992877642
sel_scaf	579	60	992877642
sel_scaf	580	60	992877642
sel_scaf	581	89	992877642
sel_scaf	582	92	992877642
sel_scaf	583	64	992877642
sel_scaf	584	62	992877642
sel_scaf	585	67	992877642
sel_scaf	586	59	992877642
sel_scaf	587	85	992877642
sel_scaf	588	52	992877642
sel_scaf	589	62	992877642
sel_scaf	590	69	992877642
sel_scaf	591	72	992877642
sel_scaf	592	64	992877642
sel_scaf	593	48	992877642
sel_scaf	594	64	992877642
sel_scaf	595	56	992877642
sel_scaf	596	42	992877642
sel_scaf	597	49	992877642
sel_scaf	598	61	992877642
sel_scaf	599	65	992877642
sel_scaf	600	51	992877642
sel_scaf	601	63	992877642
sel_scaf	602	75	992877642
sel_scaf	603	56	992877642
sel_scaf	604	65	992877642
sel_scaf	605	53	992877642
sel_scaf	606	70	992877642
sel_scaf	607	69	992877642
sel_scaf	608	68	992877642
sel_scaf	609	73	992877642
sel_scaf	610	86	992877642
sel_scaf	611	50	992877642
sel_scaf	612	50	992877642
sel_scaf	613	51	992877642
sel_scaf	614	61	992877642
sel_scaf	615	50	992877642
sel_scaf	616	49	992877642
sel_scaf	617	38	992877642
sel_scaf	618	44	992877642
sel_scaf	619	46	992877642
sel_scaf	620	52	992877642
sel_scaf	621	44	992877642
sel_scaf	622	56	992877642
sel_scaf	623	59	992877642
sel_scaf	624	59	992877642
sel_scaf	625	48	992877642
sel_scaf	626	50	992877642
sel_scaf	627	62	992877642
sel_scaf	628	52	992877642
sel_scaf	629	65	992877642
sel_scaf	630	65	992877642
sel_scaf	631	72	992877642
sel_scaf	632	76	992877642
sel_scaf	633	75	992877642
sel_scaf	634	56	992877642
sel_scaf	635	50	992877642
sel_scaf	636	51	992877642
sel_scaf	637	41	992877642
sel_scaf	638	62	992877642
sel_scaf	639	52	992877642
sel_scaf	640	48	992877642
sel_scaf	641	60	992877642
sel_scaf	642	64	992877642
sel_scaf	643	45	992877642
sel_scaf	644	48	992877642
sel_scaf	645	57	992877642
sel_scaf	646	47	992877642
sel_scaf	647	40	992877642
sel_scaf	648	44	992877642
sel_scaf	649	51	992877642
sel_scaf	650	50	992877642
sel_scaf	651	62	992877642
sel_scaf	652	50	992877642
sel_scaf	653	68	992877642
sel_scaf	654	63	992877642
sel_scaf	655	41	992877642
sel_scaf	656	59	992877642
sel_scaf	657	49	992877642
sel_scaf	658	41	992877642
sel_scaf	659	46	992877642
sel_scaf	660	38	992877642
sel_scaf	661	43	992877642
sel_scaf	662	34	992877642
sel_scaf	663	37	992877642
sel_scaf	664	39	992877642
sel_scaf	665	36	992877642
sel_scaf	666	35	992877642
sel_scaf	667	30	992877642
sel_scaf	668	43	992877642
sel_scaf	669	33	992877642
sel_scaf	670	32	992877642
sel_scaf	671	38	992877642
sel_scaf	672	37	992877642
sel_scaf	673	40	992877642
sel_scaf	674	50	992877642
sel_scaf	675	43	992877642
sel_scaf	676	40	992877642
sel_scaf	677	43	992877642
sel_scaf	678	38	992877642
sel_scaf	679	45	992877642
sel_scaf	680	47	992877642
sel_scaf	681	28	992877642
sel_scaf	682	43	992877642
sel_scaf	683	28	992877642
sel_scaf	684	33	992877642
sel_scaf	685	35	992877642
sel_scaf	686	37	992877642
sel_scaf	687	28	992877642
sel_scaf	688	45	992877642
sel_scaf	689	48	992877642
sel_scaf	690	39	992877642
sel_scaf	691	31	992877642
sel_scaf	692	36	992877642
sel_scaf	693	32	992877642
sel_scaf	694	48	992877642
sel_scaf	695	48	992877642
sel_scaf	696	48	992877642
sel_scaf	697	76	992877642
sel_scaf	698	42	992877642
sel_scaf	699	39	992877642
sel_scaf	700	34	992877642
sel_scaf	701	40	992877642
sel_scaf	702	34	992877642
sel_scaf	703	38	992877642
sel_scaf	704	35	992877642
sel_scaf	705	47	992877642
sel_scaf	706	37	992877642
sel_scaf	707	37	992877642
sel_scaf	708	41	992877642
sel_scaf	709	32	992877642
sel_scaf	710	32	992877642
sel_scaf	711	34	992877642
sel_scaf	712	34	992877642
sel_scaf	713	28	992877642
sel_scaf	714	35	992877642
sel_scaf	715	33	992877642
sel_scaf	716	27	992877642
sel_scaf	717	42	992877642
sel_scaf	718	35	992877642
sel_scaf	719	38	992877642
sel_scaf	720	40	992877642
sel_scaf	721	35	992877642
sel_scaf	722	53	992877642
sel_scaf	723	32	992877642
sel_scaf	724	33	992877642
sel_scaf	725	41	992877642
sel_scaf	726	49	992877642
sel_scaf	727	35	992877642
sel_scaf	728	38	992877642
sel_scaf	729	42	992877642
sel_scaf	730	46	992877642
sel_scaf	731	40	992877642
sel_scaf	732	30	992877642
sel_scaf	733	39	992877642
sel_scaf	734	36	992877642
sel_scaf	735	36	992877642
sel_scaf	736	38	992877642
sel_scaf	737	43	992877642
sel_scaf	738	37	992877642
sel_scaf	739	44	992877642
sel_scaf	740	36	992877642
sel_scaf	741	32	992877642
sel_scaf	742	41	992877642
sel_scaf	743	22	992877642
sel_scaf	744	36	992877642
sel_scaf	745	39	992877642
sel_scaf	746	29	992877642
sel_scaf	747	32	992877642
sel_scaf	748	32	992877642
sel_scaf	749	43	992877642
sel_scaf	750	27	992877642
sel_scaf	751	37	992877642
sel_scaf	752	32	992877642
sel_scaf	753	35	992877642
sel_scaf	754	39	992877642
sel_scaf	755	22	992877642
sel_scaf	756	28	992877642
sel_scaf	757	32	992877642
sel_scaf	758	32	992877642
sel_scaf	759	37	992877642
sel_scaf	760	29	992877642
sel_scaf	761	27	992877642
sel_scaf	762	28	992877642
sel_scaf	763	27	992877642
sel_scaf	764	38	992877642
sel_scaf	765	26	992877642
sel_scaf	766	27	992877642
sel_scaf	767	28	992877642
sel_scaf	768	44	992877642
sel_scaf	769	37	992877642
sel_scaf	770	44	992877642
sel_scaf	771	26	992877642
sel_scaf	772	26	992877642
sel_scaf	773	27	992877642
sel_scaf	774	18	992877642
sel_scaf	775	23	992877642
sel_scaf	776	32	992877642
sel_scaf	777	33	992877642
sel_scaf	778	38	992877642
sel_scaf	779	30	992877642
sel_scaf	780	42	992877642
sel_scaf	781	37	992877642
sel_scaf	782	31	992877642
sel_scaf	783	31	992877642
sel_scaf	784	23	992877642
sel_scaf	785	26	992877642
sel_scaf	786	29	992877642
sel_scaf	787	28	992877642
sel_scaf	788	23	992877642
sel_scaf	789	30	992877642
sel_scaf	790	38	992877642
sel_scaf	791	38	992877642
sel_scaf	792	26	992877642
sel_scaf	793	27	992877642
sel_scaf	794	33	992877642
sel_scaf	795	36	992877642
sel_scaf	796	33	992877642
sel_scaf	797	32	992877642
sel_scaf	798	36	992877642
sel_scaf	799	26	992877642
sel_scaf	800	31	992877642
sel_scaf	801	29	992877642
sel_scaf	802	47	992877642
sel_scaf	803	35	992877642
sel_scaf	804	35	992877642
sel_scaf	805	29	992877642
sel_scaf	806	30	992877642
sel_scaf	807	38	992877642
sel_scaf	808	26	992877642
sel_scaf	809	22	992877642
sel_scaf	810	39	992877642
sel_scaf	811	26	992877642
sel_scaf	812	29	992877642
sel_scaf	813	36	992877642
sel_scaf	814	38	992877642
sel_scaf	815	30	992877642
sel_scaf	816	40	992877642
sel_scaf	817	38	992877642
sel_scaf	818	47	992877642
sel_scaf	819	45	992877642
sel_scaf	820	33	992877642
sel_scaf	821	26	992877642
sel_scaf	822	30	992877642
sel_scaf	823	30	992877642
sel_scaf	824	37	992877642
sel_scaf	825	40	992877642
sel_scaf	826	39	992877642
sel_scaf	827	30	992877642
sel_scaf	828	31	992877642
sel_scaf	829	26	992877642
sel_scaf	830	35	992877642
sel_scaf	831	42	992877642
sel_scaf	832	34	992877642
sel_scaf	833	31	992877642
sel_scaf	834	25	992877642
sel_scaf	835	25	992877642
sel_scaf	836	33	992877642
sel_scaf	837	24	992877642
sel_scaf	838	36	992877642
sel_scaf	839	22	992877642
sel_scaf	840	21	992877642
sel_scaf	841	30	992877642
sel_scaf	842	37	992877642
sel_scaf	843	32	992877642
sel_scaf	844	27	992877642
sel_scaf	845	35	992877642
sel_scaf	846	38	992877642
sel_scaf	847	31	992877642
sel_scaf	848	22	992877642
sel_scaf	849	31	992877642
sel_scaf	850	31	992877642
sel_scaf	851	32	992877642
sel_scaf	852	28	992877642
sel_scaf	853	38	992877642
sel_scaf	854	27	992877642
sel_scaf	855	34	992877642
sel_scaf	856	21	992877642
sel_scaf	857	31	992877642
sel_scaf	858	17	992877642
sel_scaf	859	25	992877642
sel_scaf	860	35	992877642
sel_scaf	861	28	992877642
sel_scaf	862	23	992877642
sel_scaf	863	20	992877642
sel_scaf	864	32	992877642
sel_scaf	865	28	992877642
sel_scaf	866	31	992877642
sel_scaf	867	29	992877642
sel_scaf	868	31	992877642
sel_scaf	869	49	992877642
sel_scaf	870	39	992877642
sel_scaf	871	39	992877642
sel_scaf	872	49	992877642
sel_scaf	873	34	992877642
sel_scaf	874	32	992877642
sel_scaf	875	30	992877642
sel_scaf	876	44	992877642
sel_scaf	877	36	992877642
sel_scaf	878	33	992877642
sel_scaf	879	24	992877642
sel_scaf	880	27	992877642
sel_scaf	881	38	992877642
sel_scaf	882	22	992877642
sel_scaf	883	36	992877642
sel_scaf	884	28	992877642
sel_scaf	885	48	992877642
sel_scaf	886	34	992877642
sel_scaf	887	25	992877642
sel_scaf	888	47	992877642
sel_scaf	889	34	992877642
sel_scaf	890	26	992877642
sel_scaf	891	16	992877642
sel_scaf	892	25	992877642
sel_scaf	893	25	992877642
sel_scaf	894	21	992877642
sel_scaf	895	22	992877642
sel_scaf	896	25	992877642
sel_scaf	897	40	992877642
sel_scaf	898	35	992877642
sel_scaf	899	33	992877642
sel_scaf	900	36	992877642
sel_scaf	901	30	992877642
sel_scaf	902	20	992877642
sel_scaf	903	26	992877642
sel_scaf	904	28	992877642
sel_scaf	905	23	992877642
sel_scaf	906	24	992877642
sel_scaf	907	16	992877642
sel_scaf	908	27	992877642
sel_scaf	909	20	992877642
sel_scaf	910	32	992877642
sel_scaf	911	38	992877642
sel_scaf	912	21	992877642
sel_scaf	913	32	992877642
sel_scaf	914	26	992877642
sel_scaf	915	22	992877642
sel_scaf	916	17	992877642
sel_scaf	917	28	992877642
sel_scaf	918	21	992877642
sel_scaf	919	26	992877642
sel_scaf	920	25	992877642
sel_scaf	921	28	992877642
sel_scaf	922	34	992877642
sel_scaf	923	26	992877642
sel_scaf	924	30	992877642
sel_scaf	925	27	992877642
sel_scaf	926	24	992877642
sel_scaf	927	33	992877642
sel_scaf	928	31	992877642
sel_scaf	929	31	992877642
sel_scaf	930	27	992877642
sel_scaf	931	46	992877642
sel_scaf	932	23	992877642
sel_scaf	933	13	992877642
sel_scaf	934	23	992877642
sel_scaf	935	26	992877642
sel_scaf	936	37	992877642
sel_scaf	937	29	992877642
sel_scaf	938	30	992877642
sel_scaf	939	26	992877642
sel_scaf	940	26	992877642
sel_scaf	941	33	992877642
sel_scaf	942	34	992877642
sel_scaf	943	32	992877642
sel_scaf	944	34	992877642
sel_scaf	945	24	992877642
sel_scaf	946	18	992877642
sel_scaf	947	22	992877642
sel_scaf	948	25	992877642
sel_scaf	949	24	992877642
sel_scaf	950	26	992877642
sel_scaf	951	22	992877642
sel_scaf	952	23	992877642
sel_scaf	953	22	992877642
sel_scaf	954	30	992877642
sel_scaf	955	28	992877642
sel_scaf	956	17	992877642
sel_scaf	957	18	992877642
sel_scaf	958	17	992877642
sel_scaf	959	21	992877642
sel_scaf	960	24	992877642
sel_scaf	961	18	992877642
sel_scaf	962	17	992877642
sel_scaf	963	23	992877642
sel_scaf	964	29	992877642
sel_scaf	965	23	992877642
sel_scaf	966	22	992877642
sel_scaf	967	20	992877642
sel_scaf	968	19	992877642
sel_scaf	969	26	992877642
sel_scaf	970	19	992877642
sel_scaf	971	21	992877642
sel_scaf	972	28	992877642
sel_scaf	973	23	992877642
sel_scaf	974	16	992877642
sel_scaf	975	32	992877642
sel_scaf	976	27	992877642
sel_scaf	977	21	992877642
sel_scaf	978	25	992877642
sel_scaf	979	22	992877642
sel_scaf	980	29	992877642
sel_scaf	981	31	992877642
sel_scaf	982	28	992877642
sel_scaf	983	17	992877642
sel_scaf	984	21	992877642
sel_scaf	985	26	992877642
sel_scaf	986	31	992877642
sel_scaf	987	31	992877642
sel_scaf	988	26	992877642
sel_scaf	989	25	992877642
sel_scaf	990	30	992877642
sel_scaf	991	24	992877642
sel_scaf	992	16	992877642
sel_scaf	993	30	992877642
sel_scaf	994	35	992877642
sel_scaf	995	37	992877642
sel_scaf	996	14	992877642
sel_scaf	997	21	992877642
sel_scaf	998	21	992877642
sel_scaf	999	23	992877642
sel_scaf	1000	35	992877642
sel_scaf	1001	26	992877642
sel_scaf	1002	24	992877642
sel_scaf	1003	23	992877642
sel_scaf	1004	19	992877642
sel_scaf	1005	27	992877642
sel_scaf	1006	23	992877642
sel_scaf	1007	23	992877642
sel_scaf	1008	31	992877642
sel_scaf	1009	25	992877642
sel_scaf	1010	16	992877642
sel_scaf	1011	16	992877642
sel_scaf	1012	23	992877642
sel_scaf	1013	26	992877642
sel_scaf	1014	31	992877642
sel_scaf	1015	29	992877642
sel_scaf	1016	23	992877642
sel_scaf	1017	19	992877642
sel_scaf	1018	23	992877642
sel_scaf	1019	20	992877642
sel_scaf	1020	19	992877642
sel_scaf	1021	24	992877642
sel_scaf	1022	29	992877642
sel_scaf	1023	18	992877642
sel_scaf	1024	21	992877642
sel_scaf	1025	20	992877642
sel_scaf	1026	21	992877642
sel_scaf	1027	13	992877642
sel_scaf	1028	23	992877642
sel_scaf	1029	17	992877642
sel_scaf	1030	11	992877642
sel_scaf	1031	23	992877642
sel_scaf	1032	16	992877642
sel_scaf	1033	12	992877642
sel_scaf	1034	24	992877642
sel_scaf	1035	18	992877642
sel_scaf	1036	15	992877642
sel_scaf	1037	26	992877642
sel_scaf	1038	26	992877642
sel_scaf	1039	21	992877642
sel_scaf	1040	18	992877642
sel_scaf	1041	20	992877642
sel_scaf	1042	22	992877642
sel_scaf	1043	21	992877642
sel_scaf	1044	11	992877642
sel_scaf	1045	18	992877642
sel_scaf	1046	15	992877642
sel_scaf	1047	15	992877642
sel_scaf	1048	21	992877642
sel_scaf	1049	14	992877642
sel_scaf	1050	32	992877642
sel_scaf	1051	16	992877642
sel_scaf	1052	11	992877642
sel_scaf	1053	20	992877642
sel_scaf	1054	12	992877642
sel_scaf	1055	11	992877642
sel_scaf	1056	17	992877642
sel_scaf	1057	17	992877642
sel_scaf	1058	13	992877642
sel_scaf	1059	17	992877642
sel_scaf	1060	22	992877642
sel_scaf	1061	18	992877642
sel_scaf	1062	20	992877642
sel_scaf	1063	22	992877642
sel_scaf	1064	19	992877642
sel_scaf	1065	23	992877642
sel_scaf	1066	20	992877642
sel_scaf	1067	17	992877642
sel_scaf	1068	19	992877642
sel_scaf	1069	26	992877642
sel_scaf	1070	25	992877642
sel_scaf	1071	22	992877642
sel_scaf	1072	20	992877642
sel_scaf	1073	26	992877642
sel_scaf	1074	23	992877642
sel_scaf	1075	20	992877642
sel_scaf	1076	26	992877642
sel_scaf	1077	20	992877642
sel_scaf	1078	18	992877642
sel_scaf	1079	17	992877642
sel_scaf	1080	19	992877642
sel_scaf	1081	23	992877642
sel_scaf	1082	22	992877642
sel_scaf	1083	33	992877642
sel_scaf	1084	19	992877642
sel_scaf	1085	13	992877642
sel_scaf	1086	15	992877642
sel_scaf	1087	25	992877642
sel_scaf	1088	21	992877642
sel_scaf	1089	21	992877642
sel_scaf	1090	22	992877642
sel_scaf	1091	25	992877642
sel_scaf	1092	33	992877642
sel_scaf	1093	25	992877642
sel_scaf	1094	27	992877642
sel_scaf	1095	26	992877642
sel_scaf	1096	26	992877642
sel_scaf	1097	20	992877642
sel_scaf	1098	27	992877642
sel_scaf	1099	24	992877642
sel_scaf	1100	27	992877642
sel_scaf	1101	21	992877642
sel_scaf	1102	25	992877642
sel_scaf	1103	27	992877642
sel_scaf	1104	26	992877642
sel_scaf	1105	21	992877642
sel_scaf	1106	30	992877642
sel_scaf	1107	23	992877642
sel_scaf	1108	34	992877642
sel_scaf	1109	32	992877642
sel_scaf	1110	25	992877642
sel_scaf	1111	22	992877642
sel_scaf	1112	27	992877642
sel_scaf	1113	25	992877642
sel_scaf	1114	21	992877642
sel_scaf	1115	17	992877642
sel_scaf	1116	25	992877642
sel_scaf	1117	16	992877642
sel_scaf	1118	19	992877642
sel_scaf	1119	21	992877642
sel_scaf	1120	30	992877642
sel_scaf	1121	25	992877642
sel_scaf	1122	18	992877642
sel_scaf	1123	25	992877642
sel_scaf	1124	27	992877642
sel_scaf	1125	20	992877642
sel_scaf	1126	26	992877642
sel_scaf	1127	22	992877642
sel_scaf	1128	23	992877642
sel_scaf	1129	17	992877642
sel_scaf	1130	22	992877642
sel_scaf	1131	29	992877642
sel_scaf	1132	21	992877642
sel_scaf	1133	33	992877642
sel_scaf	1134	22	992877642
sel_scaf	1135	21	992877642
sel_scaf	1136	18	992877642
sel_scaf	1137	17	992877642
sel_scaf	1138	23	992877642
sel_scaf	1139	20	992877642
sel_scaf	1140	9	992877642
sel_scaf	1141	12	992877642
sel_scaf	1142	10	992877642
sel_scaf	1143	8	992877642
sel_scaf	1144	14	992877642
sel_scaf	1145	15	992877642
sel_scaf	1146	19	992877642
sel_scaf	1147	19	992877642
sel_scaf	1148	29	992877642
sel_scaf	1149	25	992877642
sel_scaf	1150	18	992877642
sel_scaf	1151	10	992877642
sel_scaf	1152	15	992877642
sel_scaf	1153	22	992877642
sel_scaf	1154	18	992877642
sel_scaf	1155	16	992877642
sel_scaf	1156	10	992877642
sel_scaf	1157	14	992877642
sel_scaf	1158	18	992877642
sel_scaf	1159	17	992877642
sel_scaf	1160	17	992877642
sel_scaf	1161	21	992877642
sel_scaf	1162	17	992877642
sel_scaf	1163	14	992877642
sel_scaf	1164	23	992877642
sel_scaf	1165	13	992877642
sel_scaf	1166	18	992877642
sel_scaf	1167	23	992877642
sel_scaf	1168	15	992877642
sel_scaf	1169	11	992877642
sel_scaf	1170	21	992877642
sel_scaf	1171	17	992877642
sel_scaf	1172	17	992877642
sel_scaf	1173	20	992877642
sel_scaf	1174	15	992877642
sel_scaf	1175	20	992877642
sel_scaf	1176	22	992877642
sel_scaf	1177	16	992877642
sel_scaf	1178	15	992877642
sel_scaf	1179	24	992877642
sel_scaf	1180	26	992877642
sel_scaf	1181	17	992877642
sel_scaf	1182	14	992877642
sel_scaf	1183	15	992877642
sel_scaf	1184	11	992877642
sel_scaf	1185	12	992877642
sel_scaf	1186	15	992877642
sel_scaf	1187	12	992877642
sel_scaf	1188	17	992877642
sel_scaf	1189	13	992877642
sel_scaf	1190	11	992877642
sel_scaf	1191	9	992877642
sel_scaf	1192	12	992877642
sel_scaf	1193	16	992877642
sel_scaf	1194	13	992877642
sel_scaf	1195	9	992877642
sel_scaf	1196	17	992877642
sel_scaf	1197	10	992877642
sel_scaf	1198	13	992877642
sel_scaf	1199	20	992877642
sel_scaf	1200	8	992877642
sel_scaf	1201	15	992877642
sel_scaf	1202	15	992877642
sel_scaf	1203	16	992877642
sel_scaf	1204	18	992877642
sel_scaf	1205	13	992877642
sel_scaf	1206	11	992877642
sel_scaf	1207	11	992877642
sel_scaf	1208	14	992877642
sel_scaf	1209	16	992877642
sel_scaf	1210	11	992877642
sel_scaf	1211	10	992877642
sel_scaf	1212	10	992877642
sel_scaf	1213	9	992877642
sel_scaf	1214	12	992877642
sel_scaf	1215	12	992877642
sel_scaf	1216	9	992877642
sel_scaf	1217	12	992877642
sel_scaf	1218	16	992877642
sel_scaf	1219	15	992877642
sel_scaf	1220	16	992877642
sel_scaf	1221	15	992877642
sel_scaf	1222	18	992877642
sel_scaf	1223	11	992877642
sel_scaf	1224	14	992877642
sel_scaf	1225	8	992877642
sel_scaf	1226	15	992877642
sel_scaf	1227	9	992877642
sel_scaf	1228	19	992877642
sel_scaf	1229	11	992877642
sel_scaf	1230	23	992877642
sel_scaf	1231	11	992877642
sel_scaf	1232	12	992877642
sel_scaf	1233	17	992877642
sel_scaf	1234	14	992877642
sel_scaf	1235	6	992877642
sel_scaf	1236	15	992877642
sel_scaf	1237	11	992877642
sel_scaf	1238	16	992877642
sel_scaf	1239	12	992877642
sel_scaf	1240	7	992877642
sel_scaf	1241	10	992877642
sel_scaf	1242	21	992877642
sel_scaf	1243	19	992877642
sel_scaf	1244	10	992877642
sel_scaf	1245	17	992877642
sel_scaf	1246	16	992877642
sel_scaf	1247	10	992877642
sel_scaf	1248	8	992877642
sel_scaf	1249	15	992877642
sel_scaf	1250	10	992877642
sel_scaf	1251	14	992877642
sel_scaf	1252	6	992877642
sel_scaf	1253	14	992877642
sel_scaf	1254	8	992877642
sel_scaf	1255	12	992877642
sel_scaf	1256	11	992877642
sel_scaf	1257	8	992877642
sel_scaf	1258	9	992877642
sel_scaf	1259	8	992877642
sel_scaf	1260	12	992877642
sel_scaf	1261	10	992877642
sel_scaf	1262	13	992877642
sel_scaf	1263	13	992877642
sel_scaf	1264	9	992877642
sel_scaf	1265	12	992877642
sel_scaf	1266	7	992877642
sel_scaf	1267	13	992877642
sel_scaf	1268	16	992877642
sel_scaf	1269	16	992877642
sel_scaf	1270	6	992877642
sel_scaf	1271	12	992877642
sel_scaf	1272	10	992877642
sel_scaf	1273	10	992877642
sel_scaf	1274	7	992877642
sel_scaf	1275	10	992877642
sel_scaf	1276	16	992877642
sel_scaf	1277	16	992877642
sel_scaf	1278	24	992877642
sel_scaf	1279	14	992877642
sel_scaf	1280	18	992877642
sel_scaf	1281	10	992877642
sel_scaf	1282	8	992877642
sel_scaf	1283	12	992877642
sel_scaf	1284	12	992877642
sel_scaf	1285	10	992877642
sel_scaf	1286	9	992877642
sel_scaf	1287	7	992877642
sel_scaf	1288	21	992877642
sel_scaf	1289	6	992877642
sel_scaf	1290	6	992877642
sel_scaf	1291	5	992877642
sel_scaf	1292	6	992877642
sel_scaf	1293	12	992877642
sel_scaf	1294	10	992877642
sel_scaf	1295	15	992877642
sel_scaf	1296	14	992877642
sel_scaf	1297	11	992877642
sel_scaf	1298	11	992877642
sel_scaf	1299	15	992877642
sel_scaf	1300	13	992877642
sel_scaf	1301	12	992877642
sel_scaf	1302	12	992877642
sel_scaf	1303	5	992877642
sel_scaf	1304	11	992877642
sel_scaf	1305	8	992877642
sel_scaf	1306	6	992877642
sel_scaf	1307	10	992877642
sel_scaf	1308	10	992877642
sel_scaf	1309	7	992877642
sel_scaf	1310	8	992877642
sel_scaf	1311	8	992877642
sel_scaf	1312	13	992877642
sel_scaf	1313	7	992877642
sel_scaf	1314	10	992877642
sel_scaf	1315	5	992877642
sel_scaf	1316	10	992877642
sel_scaf	1317	6	992877642
sel_scaf	1318	7	992877642
sel_scaf	1319	11	992877642
sel_scaf	1320	12	992877642
sel_scaf	1321	12	992877642
sel_scaf	1322	12	992877642
sel_scaf	1323	8	992877642
sel_scaf	1324	15	992877642
sel_scaf	1325	10	992877642
sel_scaf	1326	12	992877642
sel_scaf	1327	9	992877642
sel_scaf	1328	9	992877642
sel_scaf	1329	8	992877642
sel_scaf	1330	8	992877642
sel_scaf	1331	21	992877642
sel_scaf	1332	8	992877642
sel_scaf	1333	4	992877642
sel_scaf	1334	18	992877642
sel_scaf	1335	9	992877642
sel_scaf	1336	7	992877642
sel_scaf	1337	9	992877642
sel_scaf	1338	11	992877642
sel_scaf	1339	11	992877642
sel_scaf	1340	7	992877642
sel_scaf	1341	4	992877642
sel_scaf	1342	4	992877642
sel_scaf	1343	6	992877642
sel_scaf	1344	11	992877642
sel_scaf	1345	13	992877642
sel_scaf	1346	8	992877642
sel_scaf	1347	14	992877642
sel_scaf	1348	6	992877642
sel_scaf	1349	12	992877642
sel_scaf	1350	7	992877642
sel_scaf	1351	11	992877642
sel_scaf	1352	9	992877642
sel_scaf	1353	8	992877642
sel_scaf	1354	11	992877642
sel_scaf	1355	12	992877642
sel_scaf	1356	10	992877642
sel_scaf	1357	24	992877642
sel_scaf	1358	23	992877642
sel_scaf	1359	7	992877642
sel_scaf	1360	20	992877642
sel_scaf	1361	8	992877642
sel_scaf	1362	9	992877642
sel_scaf	1363	9	992877642
sel_scaf	1364	7	992877642
sel_scaf	1365	7	992877642
sel_scaf	1366	11	992877642
sel_scaf	1367	12	992877642
sel_scaf	1368	13	992877642
sel_scaf	1369	11	992877642
sel_scaf	1370	3	992877642
sel_scaf	1371	7	992877642
sel_scaf	1372	12	992877642
sel_scaf	1373	10	992877642
sel_scaf	1374	7	992877642
sel_scaf	1375	13	992877642
sel_scaf	1376	12	992877642
sel_scaf	1377	8	992877642
sel_scaf	1378	7	992877642
sel_scaf	1379	15	992877642
sel_scaf	1380	11	992877642
sel_scaf	1381	7	992877642
sel_scaf	1382	13	992877642
sel_scaf	1383	12	992877642
sel_scaf	1384	11	992877642
sel_scaf	1385	15	992877642
sel_scaf	1386	7	992877642
sel_scaf	1387	6	992877642
sel_scaf	1388	8	992877642
sel_scaf	1389	6	992877642
sel_scaf	1390	9	992877642
sel_scaf	1391	6	992877642
sel_scaf	1392	8	992877642
sel_scaf	1393	5	992877642
sel_scaf	1394	5	992877642
sel_scaf	1395	6	992877642
sel_scaf	1396	7	992877642
sel_scaf	1397	9	992877642
sel_scaf	1398	6	992877642
sel_scaf	1399	3	992877642
sel_scaf	1400	9	992877642
sel_scaf	1401	8	992877642
sel_scaf	1402	6	992877642
sel_scaf	1403	13	992877642
sel_scaf	1404	9	992877642
sel_scaf	1405	5	992877642
sel_scaf	1406	6	992877642
sel_scaf	1407	10	992877642
sel_scaf	1408	10	992877642
sel_scaf	1409	10	992877642
sel_scaf	1410	9	992877642
sel_scaf	1411	8	992877642
sel_scaf	1412	6	992877642
sel_scaf	1413	7	992877642
sel_scaf	1414	13	992877642
sel_scaf	1415	7	992877642
sel_scaf	1416	9	992877642
sel_scaf	1417	12	992877642
sel_scaf	1418	6	992877642
sel_scaf	1419	10	992877642
sel_scaf	1420	5	992877642
sel_scaf	1421	6	992877642
sel_scaf	1422	7	992877642
sel_scaf	1423	6	992877642
sel_scaf	1424	5	992877642
sel_scaf	1425	3	992877642
sel_scaf	1426	6	992877642
sel_scaf	1427	8	992877642
sel_scaf	1428	3	992877642
sel_scaf	1429	4	992877642
sel_scaf	1430	10	992877642
sel_scaf	1431	15	992877642
sel_scaf	1432	5	992877642
sel_scaf	1433	14	992877642
sel_scaf	1434	6	992877642
sel_scaf	1435	12	992877642
sel_scaf	1436	6	992877642
sel_scaf	1437	3	992877642
sel_scaf	1438	9	992877642
sel_scaf	1439	9	992877642
sel_scaf	1440	6	992877642
sel_scaf	1441	5	992877642
sel_scaf	1442	4	992877642
sel_scaf	1443	6	992877642
sel_scaf	1444	6	992877642
sel_scaf	1445	5	992877642
sel_scaf	1446	6	992877642
sel_scaf	1447	7	992877642
sel_scaf	1448	13	992877642
sel_scaf	1449	11	992877642
sel_scaf	1450	9	992877642
sel_scaf	1451	10	992877642
sel_scaf	1452	10	992877642
sel_scaf	1453	5	992877642
sel_scaf	1454	7	992877642
sel_scaf	1455	11	992877642
sel_scaf	1456	6	992877642
sel_scaf	1457	3	992877642
sel_scaf	1458	8	992877642
sel_scaf	1459	7	992877642
sel_scaf	1460	8	992877642
sel_scaf	1461	6	992877642
sel_scaf	1462	5	992877642
sel_scaf	1463	13	992877642
sel_scaf	1464	7	992877642
sel_scaf	1465	9	992877642
sel_scaf	1466	7	992877642
sel_scaf	1467	8	992877642
sel_scaf	1468	3	992877642
sel_scaf	1469	6	992877642
sel_scaf	1470	10	992877642
sel_scaf	1471	10	992877642
sel_scaf	1472	8	992877642
sel_scaf	1473	6	992877642
sel_scaf	1474	2	992877642
sel_scaf	1475	11	992877642
sel_scaf	1476	8	992877642
sel_scaf	1477	10	992877642
sel_scaf	1478	4	992877642
sel_scaf	1479	10	992877642
sel_scaf	1480	6	992877642
sel_scaf	1481	13	992877642
sel_scaf	1482	6	992877642
sel_scaf	1483	8	992877642
sel_scaf	1484	3	992877642
sel_scaf	1485	10	992877642
sel_scaf	1486	4	992877642
sel_scaf	1487	11	992877642
sel_scaf	1488	4	992877642
sel_scaf	1489	9	992877642
sel_scaf	1490	9	992877642
sel_scaf	1491	13	992877642
sel_scaf	1492	4	992877642
sel_scaf	1493	15	992877642
sel_scaf	1494	12	992877642
sel_scaf	1495	10	992877642
sel_scaf	1496	8	992877642
sel_scaf	1497	9	992877642
sel_scaf	1498	5	992877642
sel_scaf	1499	5	992877642
sel_scaf	1500	9	992877642
sel_scaf	1501	14	992877642
sel_scaf	1502	4	992877642
sel_scaf	1503	5	992877642
sel_scaf	1504	3	992877642
sel_scaf	1505	6	992877642
sel_scaf	1506	4	992877642
sel_scaf	1507	7	992877642
sel_scaf	1508	7	992877642
sel_scaf	1509	9	992877642
sel_scaf	1510	4	992877642
sel_scaf	1511	11	992877642
sel_scaf	1512	4	992877642
sel_scaf	1513	7	992877642
sel_scaf	1514	6	992877642
sel_scaf	1515	5	992877642
sel_scaf	1516	7	992877642
sel_scaf	1517	8	992877642
sel_scaf	1518	7	992877642
sel_scaf	1519	8	992877642
sel_scaf	1520	4	992877642
sel_scaf	1521	8	992877642
sel_scaf	1522	12	992877642
sel_scaf	1523	5	992877642
sel_scaf	1524	9	992877642
sel_scaf	1525	7	992877642
sel_scaf	1526	9	992877642
sel_scaf	1527	5	992877642
sel_scaf	1528	6	992877642
sel_scaf	1529	5	992877642
sel_scaf	1530	5	992877642
sel_scaf	1531	9	992877642
sel_scaf	1532	7	992877642
sel_scaf	1533	2	992877642
sel_scaf	1534	5	992877642
sel_scaf	1535	9	992877642
sel_scaf	1536	7	992877642
sel_scaf	1537	7	992877642
sel_scaf	1538	7	992877642
sel_scaf	1539	9	992877642
sel_scaf	1540	6	992877642
sel_scaf	1541	7	992877642
sel_scaf	1542	9	992877642
sel_scaf	1543	5	992877642
sel_scaf	1544	5	992877642
sel_scaf	1545	8	992877642
sel_scaf	1546	5	992877642
sel_scaf	1547	7	992877642
sel_scaf	1548	9	992877642
sel_scaf	1549	8	992877642
sel_scaf	1550	4	992877642
sel_scaf	1551	11	992877642
sel_scaf	1552	11	992877642
sel_scaf	1553	1	992877642
sel_scaf	1554	13	992877642
sel_scaf	1555	7	992877642
sel_scaf	1556	7	992877642
sel_scaf	1557	7	992877642
sel_scaf	1558	5	992877642
sel_scaf	1559	6	992877642
sel_scaf	1560	6	992877642
sel_scaf	1561	3	992877642
sel_scaf	1562	11	992877642
sel_scaf	1563	7	992877642
sel_scaf	1564	6	992877642
sel_scaf	1565	8	992877642
sel_scaf	1566	5	992877642
sel_scaf	1567	7	992877642
sel_scaf	1568	2	992877642
sel_scaf	1569	5	992877642
sel_scaf	1570	4	992877642
sel_scaf	1571	2	992877642
sel_scaf	1572	3	992877642
sel_scaf	1573	10	992877642
sel_scaf	1574	8	992877642
sel_scaf	1575	8	992877642
sel_scaf	1576	6	992877642
sel_scaf	1577	7	992877642
sel_scaf	1578	8	992877642
sel_scaf	1579	5	992877642
sel_scaf	1580	6	992877642
sel_scaf	1581	6	992877642
sel_scaf	1582	2	992877642
sel_scaf	1583	5	992877642
sel_scaf	1584	4	992877642
sel_scaf	1585	4	992877642
sel_scaf	1586	7	992877642
sel_scaf	1587	7	992877642
sel_scaf	1588	3	992877642
sel_scaf	1589	4	992877642
sel_scaf	1590	3	992877642
sel_scaf	1591	6	992877642
sel_scaf	1592	4	992877642
sel_scaf	1593	5	992877642
sel_scaf	1594	4	992877642
sel_scaf	1596	5	992877642
sel_scaf	1597	2	992877642
sel_scaf	1598	6	992877642
sel_scaf	1599	3	992877642
sel_scaf	1600	2	992877642
sel_scaf	1601	5	992877642
sel_scaf	1602	6	992877642
sel_scaf	1603	7	992877642
sel_scaf	1604	5	992877642
sel_scaf	1605	7	992877642
sel_scaf	1606	5	992877642
sel_scaf	1607	2	992877642
sel_scaf	1608	8	992877642
sel_scaf	1609	8	992877642
sel_scaf	1610	4	992877642
sel_scaf	1611	6	992877642
sel_scaf	1612	11	992877642
sel_scaf	1613	3	992877642
sel_scaf	1614	5	992877642
sel_scaf	1615	4	992877642
sel_scaf	1616	5	992877642
sel_scaf	1617	7	992877642
sel_scaf	1618	4	992877642
sel_scaf	1619	4	992877642
sel_scaf	1620	7	992877642
sel_scaf	1621	10	992877642
sel_scaf	1622	9	992877642
sel_scaf	1623	7	992877642
sel_scaf	1624	2	992877642
sel_scaf	1625	7	992877642
sel_scaf	1626	7	992877642
sel_scaf	1627	11	992877642
sel_scaf	1628	7	992877642
sel_scaf	1629	6	992877642
sel_scaf	1630	8	992877642
sel_scaf	1631	11	992877642
sel_scaf	1632	4	992877642
sel_scaf	1633	6	992877642
sel_scaf	1634	11	992877642
sel_scaf	1635	7	992877642
sel_scaf	1636	7	992877642
sel_scaf	1637	14	992877642
sel_scaf	1638	2	992877642
sel_scaf	1639	3	992877642
sel_scaf	1640	7	992877642
sel_scaf	1641	7	992877642
sel_scaf	1642	6	992877642
sel_scaf	1643	3	992877642
sel_scaf	1644	3	992877642
sel_scaf	1645	5	992877642
sel_scaf	1646	6	992877642
sel_scaf	1647	9	992877642
sel_scaf	1648	6	992877642
sel_scaf	1649	5	992877642
sel_scaf	1650	4	992877642
sel_scaf	1651	4	992877642
sel_scaf	1652	2	992877642
sel_scaf	1653	3	992877642
sel_scaf	1654	7	992877642
sel_scaf	1655	6	992877642
sel_scaf	1656	5	992877642
sel_scaf	1657	3	992877642
sel_scaf	1658	4	992877642
sel_scaf	1659	3	992877642
sel_scaf	1660	3	992877642
sel_scaf	1661	5	992877642
sel_scaf	1662	6	992877642
sel_scaf	1663	7	992877642
sel_scaf	1664	2	992877642
sel_scaf	1665	6	992877642
sel_scaf	1666	5	992877642
sel_scaf	1667	7	992877642
sel_scaf	1668	7	992877642
sel_scaf	1669	6	992877642
sel_scaf	1670	7	992877642
sel_scaf	1671	5	992877642
sel_scaf	1672	9	992877642
sel_scaf	1673	5	992877642
sel_scaf	1674	9	992877642
sel_scaf	1675	7	992877642
sel_scaf	1676	6	992877642
sel_scaf	1677	6	992877642
sel_scaf	1678	5	992877642
sel_scaf	1679	6	992877642
sel_scaf	1680	8	992877642
sel_scaf	1681	3	992877642
sel_scaf	1682	11	992877642
sel_scaf	1683	8	992877642
sel_scaf	1684	9	992877642
sel_scaf	1685	9	992877642
sel_scaf	1686	6	992877642
sel_scaf	1687	10	992877642
sel_scaf	1688	2	992877642
sel_scaf	1689	5	992877642
sel_scaf	1690	6	992877642
sel_scaf	1691	7	992877642
sel_scaf	1692	5	992877642
sel_scaf	1693	8	992877642
sel_scaf	1694	6	992877642
sel_scaf	1695	6	992877642
sel_scaf	1696	2	992877642
sel_scaf	1697	5	992877642
sel_scaf	1698	7	992877642
sel_scaf	1699	7	992877642
sel_scaf	1700	5	992877642
sel_scaf	1701	4	992877642
sel_scaf	1702	3	992877642
sel_scaf	1704	3	992877642
sel_scaf	1705	11	992877642
sel_scaf	1706	5	992877642
sel_scaf	1707	5	992877642
sel_scaf	1708	12	992877642
sel_scaf	1709	7	992877642
sel_scaf	1710	6	992877642
sel_scaf	1711	6	992877642
sel_scaf	1712	9	992877642
sel_scaf	1713	4	992877642
sel_scaf	1714	4	992877642
sel_scaf	1715	6	992877642
sel_scaf	1716	5	992877642
sel_scaf	1717	7	992877642
sel_scaf	1718	8	992877642
sel_scaf	1719	5	992877642
sel_scaf	1720	11	992877642
sel_scaf	1721	8	992877642
sel_scaf	1722	15	992877642
sel_scaf	1723	6	992877642
sel_scaf	1724	8	992877642
sel_scaf	1725	9	992877642
sel_scaf	1726	9	992877642
sel_scaf	1727	9	992877642
sel_scaf	1728	6	992877642
sel_scaf	1729	7	992877642
sel_scaf	1730	11	992877642
sel_scaf	1731	13	992877642
sel_scaf	1732	7	992877642
sel_scaf	1733	2	992877642
sel_scaf	1734	5	992877642
sel_scaf	1735	9	992877642
sel_scaf	1736	4	992877642
sel_scaf	1737	3	992877642
sel_scaf	1738	5	992877642
sel_scaf	1739	9	992877642
sel_scaf	1740	10	992877642
sel_scaf	1741	6	992877642
sel_scaf	1742	5	992877642
sel_scaf	1743	6	992877642
sel_scaf	1744	7	992877642
sel_scaf	1745	4	992877642
sel_scaf	1746	9	992877642
sel_scaf	1747	5	992877642
sel_scaf	1748	3	992877642
sel_scaf	1749	3	992877642
sel_scaf	1750	8	992877642
sel_scaf	1751	8	992877642
sel_scaf	1752	7	992877642
sel_scaf	1753	8	992877642
sel_scaf	1754	6	992877642
sel_scaf	1755	8	992877642
sel_scaf	1756	7	992877642
sel_scaf	1757	5	992877642
sel_scaf	1758	11	992877642
sel_scaf	1759	5	992877642
sel_scaf	1760	9	992877642
sel_scaf	1761	6	992877642
sel_scaf	1762	4	992877642
sel_scaf	1763	7	992877642
sel_scaf	1764	2	992877642
sel_scaf	1765	2	992877642
sel_scaf	1766	6	992877642
sel_scaf	1767	2	992877642
sel_scaf	1768	14	992877642
sel_scaf	1769	6	992877642
sel_scaf	1770	7	992877642
sel_scaf	1771	2	992877642
sel_scaf	1772	5	992877642
sel_scaf	1773	7	992877642
sel_scaf	1774	9	992877642
sel_scaf	1775	6	992877642
sel_scaf	1776	5	992877642
sel_scaf	1777	4	992877642
sel_scaf	1778	10	992877642
sel_scaf	1779	2	992877642
sel_scaf	1780	2	992877642
sel_scaf	1781	7	992877642
sel_scaf	1782	4	992877642
sel_scaf	1783	2	992877642
sel_scaf	1784	7	992877642
sel_scaf	1785	2	992877642
sel_scaf	1786	3	992877642
sel_scaf	1787	7	992877642
sel_scaf	1788	3	992877642
sel_scaf	1789	3	992877642
sel_scaf	1790	2	992877642
sel_scaf	1791	4	992877642
sel_scaf	1792	2	992877642
sel_scaf	1793	2	992877642
sel_scaf	1794	2	992877642
sel_scaf	1795	3	992877642
sel_scaf	1796	4	992877642
sel_scaf	1797	6	992877642
sel_scaf	1798	4	992877642
sel_scaf	1799	6	992877642
sel_scaf	1800	7	992877642
sel_scaf	1801	8	992877642
sel_scaf	1802	1	992877642
sel_scaf	1803	4	992877642
sel_scaf	1804	5	992877642
sel_scaf	1806	2	992877642
sel_scaf	1807	3	992877642
sel_scaf	1808	5	992877642
sel_scaf	1809	3	992877642
sel_scaf	1810	4	992877642
sel_scaf	1811	2	992877642
sel_scaf	1812	2	992877642
sel_scaf	1813	7	992877642
sel_scaf	1814	2	992877642
sel_scaf	1815	1	992877642
sel_scaf	1816	6	992877642
sel_scaf	1817	3	992877642
sel_scaf	1818	3	992877642
sel_scaf	1819	3	992877642
sel_scaf	1820	7	992877642
sel_scaf	1821	2	992877642
sel_scaf	1822	4	992877642
sel_scaf	1823	5	992877642
sel_scaf	1824	4	992877642
sel_scaf	1825	5	992877642
sel_scaf	1826	4	992877642
sel_scaf	1827	6	992877642
sel_scaf	1828	1	992877642
sel_scaf	1829	4	992877642
sel_scaf	1830	2	992877642
sel_scaf	1831	3	992877642
sel_scaf	1832	3	992877642
sel_scaf	1833	2	992877642
sel_scaf	1834	2	992877642
sel_scaf	1835	2	992877642
sel_scaf	1836	1	992877642
sel_scaf	1837	3	992877642
sel_scaf	1838	2	992877642
sel_scaf	1839	3	992877642
sel_scaf	1840	4	992877642
sel_scaf	1841	4	992877642
sel_scaf	1842	2	992877642
sel_scaf	1843	2	992877642
sel_scaf	1844	4	992877642
sel_scaf	1845	5	992877642
sel_scaf	1846	1	992877642
sel_scaf	1847	1	992877642
sel_scaf	1848	6	992877642
sel_scaf	1849	3	992877642
sel_scaf	1850	4	992877642
sel_scaf	1851	12	992877642
sel_scaf	1852	4	992877642
sel_scaf	1853	2	992877642
sel_scaf	1854	5	992877642
sel_scaf	1856	2	992877642
sel_scaf	1857	5	992877642
sel_scaf	1858	2	992877642
sel_scaf	1859	3	992877642
sel_scaf	1860	4	992877642
sel_scaf	1862	5	992877642
sel_scaf	1863	4	992877642
sel_scaf	1864	2	992877642
sel_scaf	1865	6	992877642
sel_scaf	1866	4	992877642
sel_scaf	1867	3	992877642
sel_scaf	1868	6	992877642
sel_scaf	1869	4	992877642
sel_scaf	1870	7	992877642
sel_scaf	1871	1	992877642
sel_scaf	1872	3	992877642
sel_scaf	1873	3	992877642
sel_scaf	1874	8	992877642
sel_scaf	1875	8	992877642
sel_scaf	1876	1	992877642
sel_scaf	1877	10	992877642
sel_scaf	1878	9	992877642
sel_scaf	1879	13	992877642
sel_scaf	1880	1	992877642
sel_scaf	1881	3	992877642
sel_scaf	1882	3	992877642
sel_scaf	1883	4	992877642
sel_scaf	1884	3	992877642
sel_scaf	1885	8	992877642
sel_scaf	1887	6	992877642
sel_scaf	1888	4	992877642
sel_scaf	1889	2	992877642
sel_scaf	1890	6	992877642
sel_scaf	1891	7	992877642
sel_scaf	1892	3	992877642
sel_scaf	1893	6	992877642
sel_scaf	1894	5	992877642
sel_scaf	1895	9	992877642
sel_scaf	1896	5	992877642
sel_scaf	1897	3	992877642
sel_scaf	1898	7	992877642
sel_scaf	1899	3	992877642
sel_scaf	1900	4	992877642
sel_scaf	1901	5	992877642
sel_scaf	1902	2	992877642
sel_scaf	1903	2	992877642
sel_scaf	1904	8	992877642
sel_scaf	1905	4	992877642
sel_scaf	1906	4	992877642
sel_scaf	1907	3	992877642
sel_scaf	1908	3	992877642
sel_scaf	1909	1	992877642
sel_scaf	1910	3	992877642
sel_scaf	1911	2	992877642
sel_scaf	1912	7	992877642
sel_scaf	1913	6	992877642
sel_scaf	1914	8	992877642
sel_scaf	1915	4	992877642
sel_scaf	1916	2	992877642
sel_scaf	1917	4	992877642
sel_scaf	1918	6	992877642
sel_scaf	1919	6	992877642
sel_scaf	1920	2	992877642
sel_scaf	1921	4	992877642
sel_scaf	1922	3	992877642
sel_scaf	1924	1	992877642
sel_scaf	1925	9	992877642
sel_scaf	1926	7	992877642
sel_scaf	1927	1	992877642
sel_scaf	1928	4	992877642
sel_scaf	1929	2	992877642
sel_scaf	1930	5	992877642
sel_scaf	1931	5	992877642
sel_scaf	1932	4	992877642
sel_scaf	1933	8	992877642
sel_scaf	1934	2	992877642
sel_scaf	1935	4	992877642
sel_scaf	1936	4	992877642
sel_scaf	1937	3	992877642
sel_scaf	1938	5	992877642
sel_scaf	1939	3	992877642
sel_scaf	1940	4	992877642
sel_scaf	1941	6	992877642
sel_scaf	1942	6	992877642
sel_scaf	1943	1	992877642
sel_scaf	1944	5	992877642
sel_scaf	1945	2	992877642
sel_scaf	1946	4	992877642
sel_scaf	1947	5	992877642
sel_scaf	1948	2	992877642
sel_scaf	1949	5	992877642
sel_scaf	1950	2	992877642
sel_scaf	1951	2	992877642
sel_scaf	1952	2	992877642
sel_scaf	1953	3	992877642
sel_scaf	1954	1	992877642
sel_scaf	1955	5	992877642
sel_scaf	1956	1	992877642
sel_scaf	1957	4	992877642
sel_scaf	1958	9	992877642
sel_scaf	1959	2	992877642
sel_scaf	1960	3	992877642
sel_scaf	1961	4	992877642
sel_scaf	1962	5	992877642
sel_scaf	1963	3	992877642
sel_scaf	1964	6	992877642
sel_scaf	1965	2	992877642
sel_scaf	1966	4	992877642
sel_scaf	1967	6	992877642
sel_scaf	1968	3	992877642
sel_scaf	1969	2	992877642
sel_scaf	1970	5	992877642
sel_scaf	1971	7	992877642
sel_scaf	1972	5	992877642
sel_scaf	1973	4	992877642
sel_scaf	1974	1	992877642
sel_scaf	1975	2	992877642
sel_scaf	1976	6	992877642
sel_scaf	1977	5	992877642
sel_scaf	1978	6	992877642
sel_scaf	1979	3	992877642
sel_scaf	1980	1	992877642
sel_scaf	1981	2	992877642
sel_scaf	1982	5	992877642
sel_scaf	1983	6	992877642
sel_scaf	1984	3	992877642
sel_scaf	1985	3	992877642
sel_scaf	1986	5	992877642
sel_scaf	1987	1	992877642
sel_scaf	1988	4	992877642
sel_scaf	1989	4	992877642
sel_scaf	1990	5	992877642
sel_scaf	1991	3	992877642
sel_scaf	1992	8	992877642
sel_scaf	1993	10	992877642
sel_scaf	1994	7	992877642
sel_scaf	1995	3	992877642
sel_scaf	1996	3	992877642
sel_scaf	1997	1	992877642
sel_scaf	1998	4	992877642
sel_scaf	1999	1	992877642
sel_scaf	2000	3	992877642
sel_scaf	2001	3	992877642
sel_scaf	2002	3	992877642
sel_scaf	2003	3	992877642
sel_scaf	2004	11	992877642
sel_scaf	2005	8	992877642
sel_scaf	2006	2	992877642
sel_scaf	2007	3	992877642
sel_scaf	2008	3	992877642
sel_scaf	2009	5	992877642
sel_scaf	2010	2	992877642
sel_scaf	2011	6	992877642
sel_scaf	2012	5	992877642
sel_scaf	2013	6	992877642
sel_scaf	2014	6	992877642
sel_scaf	2015	3	992877642
sel_scaf	2016	5	992877642
sel_scaf	2017	3	992877642
sel_scaf	2018	9	992877642
sel_scaf	2019	5	992877642
sel_scaf	2020	5	992877642
sel_scaf	2021	5	992877642
sel_scaf	2022	4	992877642
sel_scaf	2023	4	992877642
sel_scaf	2024	2	992877642
sel_scaf	2025	5	992877642
sel_scaf	2026	4	992877642
sel_scaf	2027	2	992877642
sel_scaf	2028	5	992877642
sel_scaf	2029	4	992877642
sel_scaf	2030	6	992877642
sel_scaf	2031	5	992877642
sel_scaf	2032	5	992877642
sel_scaf	2033	8	992877642
sel_scaf	2034	9	992877642
sel_scaf	2035	1	992877642
sel_scaf	2036	10	992877642
sel_scaf	2037	5	992877642
sel_scaf	2038	4	992877642
sel_scaf	2039	4	992877642
sel_scaf	2040	5	992877642
sel_scaf	2041	4	992877642
sel_scaf	2042	4	992877642
sel_scaf	2043	3	992877642
sel_scaf	2044	4	992877642
sel_scaf	2045	5	992877642
sel_scaf	2046	1	992877642
sel_scaf	2047	5	992877642
sel_scaf	2048	2	992877642
sel_scaf	2049	5	992877642
sel_scaf	2050	3	992877642
sel_scaf	2052	5	992877642
sel_scaf	2053	4	992877642
sel_scaf	2054	3	992877642
sel_scaf	2055	5	992877642
sel_scaf	2057	3	992877642
sel_scaf	2058	1	992877642
sel_scaf	2059	4	992877642
sel_scaf	2060	2	992877642
sel_scaf	2061	3	992877642
sel_scaf	2062	3	992877642
sel_scaf	2063	5	992877642
sel_scaf	2064	1	992877642
sel_scaf	2065	9	992877642
sel_scaf	2066	2	992877642
sel_scaf	2067	3	992877642
sel_scaf	2068	3	992877642
sel_scaf	2069	1	992877642
sel_scaf	2070	3	992877642
sel_scaf	2071	1	992877642
sel_scaf	2072	5	992877642
sel_scaf	2073	4	992877642
sel_scaf	2074	4	992877642
sel_scaf	2075	3	992877642
sel_scaf	2076	5	992877642
sel_scaf	2077	2	992877642
sel_scaf	2078	4	992877642
sel_scaf	2079	4	992877642
sel_scaf	2080	4	992877642
sel_scaf	2081	2	992877642
sel_scaf	2082	5	992877642
sel_scaf	2083	4	992877642
sel_scaf	2084	4	992877642
sel_scaf	2085	2	992877642
sel_scaf	2086	2	992877642
sel_scaf	2087	2	992877642
sel_scaf	2088	4	992877642
sel_scaf	2089	3	992877642
sel_scaf	2090	2	992877642
sel_scaf	2091	2	992877642
sel_scaf	2092	2	992877642
sel_scaf	2093	3	992877642
sel_scaf	2094	2	992877642
sel_scaf	2095	5	992877642
sel_scaf	2096	3	992877642
sel_scaf	2097	3	992877642
sel_scaf	2098	5	992877642
sel_scaf	2099	5	992877642
sel_scaf	2100	3	992877642
sel_scaf	2101	2	992877642
sel_scaf	2102	2	992877642
sel_scaf	2103	6	992877642
sel_scaf	2104	5	992877642
sel_scaf	2105	3	992877642
sel_scaf	2106	2	992877642
sel_scaf	2107	7	992877642
sel_scaf	2108	3	992877642
sel_scaf	2109	8	992877642
sel_scaf	2110	4	992877642
sel_scaf	2111	5	992877642
sel_scaf	2112	7	992877642
sel_scaf	2113	5	992877642
sel_scaf	2114	6	992877642
sel_scaf	2115	6	992877642
sel_scaf	2116	8	992877642
sel_scaf	2117	2	992877642
sel_scaf	2118	4	992877642
sel_scaf	2119	2	992877642
sel_scaf	2120	2	992877642
sel_scaf	2121	2	992877642
sel_scaf	2122	3	992877642
sel_scaf	2123	8	992877642
sel_scaf	2124	4	992877642
sel_scaf	2125	4	992877642
sel_scaf	2126	3	992877642
sel_scaf	2127	5	992877642
sel_scaf	2128	9	992877642
sel_scaf	2129	3	992877642
sel_scaf	2130	5	992877642
sel_scaf	2131	4	992877642
sel_scaf	2132	8	992877642
sel_scaf	2133	2	992877642
sel_scaf	2134	6	992877642
sel_scaf	2135	8	992877642
sel_scaf	2136	6	992877642
sel_scaf	2137	5	992877642
sel_scaf	2138	5	992877642
sel_scaf	2139	9	992877642
sel_scaf	2140	10	992877642
sel_scaf	2141	6	992877642
sel_scaf	2142	7	992877642
sel_scaf	2143	9	992877642
sel_scaf	2144	2	992877642
sel_scaf	2145	7	992877642
sel_scaf	2146	9	992877642
sel_scaf	2147	7	992877642
sel_scaf	2148	5	992877642
sel_scaf	2149	3	992877642
sel_scaf	2150	9	992877642
sel_scaf	2151	6	992877642
sel_scaf	2152	2	992877642
sel_scaf	2153	6	992877642
sel_scaf	2154	6	992877642
sel_scaf	2155	3	992877642
sel_scaf	2156	3	992877642
sel_scaf	2157	3	992877642
sel_scaf	2158	5	992877642
sel_scaf	2159	7	992877642
sel_scaf	2160	4	992877642
sel_scaf	2161	5	992877642
sel_scaf	2162	4	992877642
sel_scaf	2163	6	992877642
sel_scaf	2164	6	992877642
sel_scaf	2165	7	992877642
sel_scaf	2166	6	992877642
sel_scaf	2168	6	992877642
sel_scaf	2169	7	992877642
sel_scaf	2170	9	992877642
sel_scaf	2171	5	992877642
sel_scaf	2172	8	992877642
sel_scaf	2173	6	992877642
sel_scaf	2174	6	992877642
sel_scaf	2175	5	992877642
sel_scaf	2176	4	992877642
sel_scaf	2177	6	992877642
sel_scaf	2178	1	992877642
sel_scaf	2179	6	992877642
sel_scaf	2180	6	992877642
sel_scaf	2181	4	992877642
sel_scaf	2182	2	992877642
sel_scaf	2183	5	992877642
sel_scaf	2184	1	992877642
sel_scaf	2185	8	992877642
sel_scaf	2186	7	992877642
sel_scaf	2187	3	992877642
sel_scaf	2188	6	992877642
sel_scaf	2189	3	992877642
sel_scaf	2190	2	992877642
sel_scaf	2191	6	992877642
sel_scaf	2192	6	992877642
sel_scaf	2193	2	992877642
sel_scaf	2194	4	992877642
sel_scaf	2195	3	992877642
sel_scaf	2196	5	992877642
sel_scaf	2197	4	992877642
sel_scaf	2198	6	992877642
sel_scaf	2199	5	992877642
sel_scaf	2200	5	992877642
sel_scaf	2201	6	992877642
sel_scaf	2202	5	992877642
sel_scaf	2203	7	992877642
sel_scaf	2204	9	992877642
sel_scaf	2205	3	992877642
sel_scaf	2206	6	992877642
sel_scaf	2207	2	992877642
sel_scaf	2208	4	992877642
sel_scaf	2209	8	992877642
sel_scaf	2210	3	992877642
sel_scaf	2211	2	992877642
sel_scaf	2212	2	992877642
sel_scaf	2213	6	992877642
sel_scaf	2214	8	992877642
sel_scaf	2215	5	992877642
sel_scaf	2216	2	992877642
sel_scaf	2217	6	992877642
sel_scaf	2218	1	992877642
sel_scaf	2219	5	992877642
sel_scaf	2220	5	992877642
sel_scaf	2221	4	992877642
sel_scaf	2222	3	992877642
sel_scaf	2223	2	992877642
sel_scaf	2224	2	992877642
sel_scaf	2225	6	992877642
sel_scaf	2226	4	992877642
sel_scaf	2227	5	992877642
sel_scaf	2228	12	992877642
sel_scaf	2229	6	992877642
sel_scaf	2230	3	992877642
sel_scaf	2231	4	992877642
sel_scaf	2232	5	992877642
sel_scaf	2233	8	992877642
sel_scaf	2234	17	992877642
sel_scaf	2235	12	992877642
sel_scaf	2236	7	992877642
sel_scaf	2237	2	992877642
sel_scaf	2238	2	992877642
sel_scaf	2239	5	992877642
sel_scaf	2240	3	992877642
sel_scaf	2241	5	992877642
sel_scaf	2242	5	992877642
sel_scaf	2243	4	992877642
sel_scaf	2244	2	992877642
sel_scaf	2245	4	992877642
sel_scaf	2246	4	992877642
sel_scaf	2247	3	992877642
sel_scaf	2248	4	992877642
sel_scaf	2249	4	992877642
sel_scaf	2250	1	992877642
sel_scaf	2251	5	992877642
sel_scaf	2252	4	992877642
sel_scaf	2253	2	992877642
sel_scaf	2254	4	992877642
sel_scaf	2255	3	992877642
sel_scaf	2257	4	992877642
sel_scaf	2258	4	992877642
sel_scaf	2259	2	992877642
sel_scaf	2260	1	992877642
sel_scaf	2261	1	992877642
sel_scaf	2262	1	992877642
sel_scaf	2263	6	992877642
sel_scaf	2264	4	992877642
sel_scaf	2265	1	992877642
sel_scaf	2266	3	992877642
sel_scaf	2267	5	992877642
sel_scaf	2268	3	992877642
sel_scaf	2269	2	992877642
sel_scaf	2270	3	992877642
sel_scaf	2271	2	992877642
sel_scaf	2272	5	992877642
sel_scaf	2274	2	992877642
sel_scaf	2276	2	992877642
sel_scaf	2277	1	992877642
sel_scaf	2278	5	992877642
sel_scaf	2280	2	992877642
sel_scaf	2282	2	992877642
sel_scaf	2283	2	992877642
sel_scaf	2284	1	992877642
sel_scaf	2285	2	992877642
sel_scaf	2286	2	992877642
sel_scaf	2287	3	992877642
sel_scaf	2289	1	992877642
sel_scaf	2290	2	992877642
sel_scaf	2291	2	992877642
sel_scaf	2292	2	992877642
sel_scaf	2293	1	992877642
sel_scaf	2294	4	992877642
sel_scaf	2295	2	992877642
sel_scaf	2296	2	992877642
sel_scaf	2297	3	992877642
sel_scaf	2298	1	992877642
sel_scaf	2299	2	992877642
sel_scaf	2300	6	992877642
sel_scaf	2301	3	992877642
sel_scaf	2302	3	992877642
sel_scaf	2303	2	992877642
sel_scaf	2304	4	992877642
sel_scaf	2306	5	992877642
sel_scaf	2307	2	992877642
sel_scaf	2308	2	992877642
sel_scaf	2309	3	992877642
sel_scaf	2310	2	992877642
sel_scaf	2311	4	992877642
sel_scaf	2312	1	992877642
sel_scaf	2313	3	992877642
sel_scaf	2314	5	992877642
sel_scaf	2315	3	992877642
sel_scaf	2316	1	992877642
sel_scaf	2317	2	992877642
sel_scaf	2318	1	992877642
sel_scaf	2319	3	992877642
sel_scaf	2320	3	992877642
sel_scaf	2321	3	992877642
sel_scaf	2323	3	992877642
sel_scaf	2324	7	992877642
sel_scaf	2325	1	992877642
sel_scaf	2326	3	992877642
sel_scaf	2327	5	992877642
sel_scaf	2328	4	992877642
sel_scaf	2329	3	992877642
sel_scaf	2330	4	992877642
sel_scaf	2331	3	992877642
sel_scaf	2332	4	992877642
sel_scaf	2333	5	992877642
sel_scaf	2334	3	992877642
sel_scaf	2335	2	992877642
sel_scaf	2336	2	992877642
sel_scaf	2337	3	992877642
sel_scaf	2338	5	992877642
sel_scaf	2339	3	992877642
sel_scaf	2340	4	992877642
sel_scaf	2341	4	992877642
sel_scaf	2342	3	992877642
sel_scaf	2343	3	992877642
sel_scaf	2344	4	992877642
sel_scaf	2345	4	992877642
sel_scaf	2346	2	992877642
sel_scaf	2347	4	992877642
sel_scaf	2348	2	992877642
sel_scaf	2349	5	992877642
sel_scaf	2350	3	992877642
sel_scaf	2351	5	992877642
sel_scaf	2352	10	992877642
sel_scaf	2353	3	992877642
sel_scaf	2354	9	992877642
sel_scaf	2355	7	992877642
sel_scaf	2356	3	992877642
sel_scaf	2357	3	992877642
sel_scaf	2358	4	992877642
sel_scaf	2359	3	992877642
sel_scaf	2361	5	992877642
sel_scaf	2362	3	992877642
sel_scaf	2363	2	992877642
sel_scaf	2364	6	992877642
sel_scaf	2365	3	992877642
sel_scaf	2366	2	992877642
sel_scaf	2367	7	992877642
sel_scaf	2369	2	992877642
sel_scaf	2371	1	992877642
sel_scaf	2372	3	992877642
sel_scaf	2373	5	992877642
sel_scaf	2374	1	992877642
sel_scaf	2375	4	992877642
sel_scaf	2377	1	992877642
sel_scaf	2378	2	992877642
sel_scaf	2379	4	992877642
sel_scaf	2380	2	992877642
sel_scaf	2381	3	992877642
sel_scaf	2382	1	992877642
sel_scaf	2383	1	992877642
sel_scaf	2384	3	992877642
sel_scaf	2385	3	992877642
sel_scaf	2386	1	992877642
sel_scaf	2389	2	992877642
sel_scaf	2390	1	992877642
sel_scaf	2392	2	992877642
sel_scaf	2393	3	992877642
sel_scaf	2394	1	992877642
sel_scaf	2397	1	992877642
sel_scaf	2398	4	992877642
sel_scaf	2399	4	992877642
sel_scaf	2400	2	992877642
sel_scaf	2401	2	992877642
sel_scaf	2402	3	992877642
sel_scaf	2405	4	992877642
sel_scaf	2406	3	992877642
sel_scaf	2407	4	992877642
sel_scaf	2408	3	992877642
sel_scaf	2409	2	992877642
sel_scaf	2410	3	992877642
sel_scaf	2411	4	992877642
sel_scaf	2413	1	992877642
sel_scaf	2414	3	992877642
sel_scaf	2415	3	992877642
sel_scaf	2416	8	992877642
sel_scaf	2417	1	992877642
sel_scaf	2419	2	992877642
sel_scaf	2420	8	992877642
sel_scaf	2421	3	992877642
sel_scaf	2422	5	992877642
sel_scaf	2423	2	992877642
sel_scaf	2424	3	992877642
sel_scaf	2425	2	992877642
sel_scaf	2426	4	992877642
sel_scaf	2427	4	992877642
sel_scaf	2428	5	992877642
sel_scaf	2429	4	992877642
sel_scaf	2430	4	992877642
sel_scaf	2431	7	992877642
sel_scaf	2432	3	992877642
sel_scaf	2433	5	992877642
sel_scaf	2434	8	992877642
sel_scaf	2435	2	992877642
sel_scaf	2436	6	992877642
sel_scaf	2437	7	992877642
sel_scaf	2438	4	992877642
sel_scaf	2439	1	992877642
sel_scaf	2440	4	992877642
sel_scaf	2441	2	992877642
sel_scaf	2443	2	992877642
sel_scaf	2444	4	992877642
sel_scaf	2445	2	992877642
sel_scaf	2446	4	992877642
sel_scaf	2447	3	992877642
sel_scaf	2448	5	992877642
sel_scaf	2449	4	992877642
sel_scaf	2450	2	992877642
sel_scaf	2451	3	992877642
sel_scaf	2452	5	992877642
sel_scaf	2453	2	992877642
sel_scaf	2454	2	992877642
sel_scaf	2455	4	992877642
sel_scaf	2456	2	992877642
sel_scaf	2457	2	992877642
sel_scaf	2458	3	992877642
sel_scaf	2459	4	992877642
sel_scaf	2460	1	992877642
sel_scaf	2461	2	992877642
sel_scaf	2462	3	992877642
sel_scaf	2463	6	992877642
sel_scaf	2464	3	992877642
sel_scaf	2465	1	992877642
sel_scaf	2466	2	992877642
sel_scaf	2467	4	992877642
sel_scaf	2468	4	992877642
sel_scaf	2469	9	992877642
sel_scaf	2470	4	992877642
sel_scaf	2471	7	992877642
sel_scaf	2472	7	992877642
sel_scaf	2473	4	992877642
sel_scaf	2474	2	992877642
sel_scaf	2475	3	992877642
sel_scaf	2476	6	992877642
sel_scaf	2477	3	992877642
sel_scaf	2478	3	992877642
sel_scaf	2479	3	992877642
sel_scaf	2480	4	992877642
sel_scaf	2481	2	992877642
sel_scaf	2482	1	992877642
sel_scaf	2484	3	992877642
sel_scaf	2485	1	992877642
sel_scaf	2486	3	992877642
sel_scaf	2487	1	992877642
sel_scaf	2488	1	992877642
sel_scaf	2490	2	992877642
sel_scaf	2492	2	992877642
sel_scaf	2493	3	992877642
sel_scaf	2494	2	992877642
sel_scaf	2495	3	992877642
sel_scaf	2496	3	992877642
sel_scaf	2497	2	992877642
sel_scaf	2498	2	992877642
sel_scaf	2499	2	992877642
sel_scaf	2500	2	992877642
sel_scaf	2501	3	992877642
sel_scaf	2502	1	992877642
sel_scaf	2503	2	992877642
sel_scaf	2504	1	992877642
sel_scaf	2505	1	992877642
sel_scaf	2506	1	992877642
sel_scaf	2509	2	992877642
sel_scaf	2510	5	992877642
sel_scaf	2511	1	992877642
sel_scaf	2512	6	992877642
sel_scaf	2513	1	992877642
sel_scaf	2514	3	992877642
sel_scaf	2515	2	992877642
sel_scaf	2516	1	992877642
sel_scaf	2518	6	992877642
sel_scaf	2519	4	992877642
sel_scaf	2521	1	992877642
sel_scaf	2522	3	992877642
sel_scaf	2523	2	992877642
sel_scaf	2524	3	992877642
sel_scaf	2526	3	992877642
sel_scaf	2527	1	992877642
sel_scaf	2529	2	992877642
sel_scaf	2530	1	992877642
sel_scaf	2531	2	992877642
sel_scaf	2532	2	992877642
sel_scaf	2533	2	992877642
sel_scaf	2534	2	992877642
sel_scaf	2535	2	992877642
sel_scaf	2536	2	992877642
sel_scaf	2537	1	992877642
sel_scaf	2538	2	992877642
sel_scaf	2539	1	992877642
sel_scaf	2540	2	992877642
sel_scaf	2541	1	992877642
sel_scaf	2543	1	992877642
sel_scaf	2544	2	992877642
sel_scaf	2545	2	992877642
sel_scaf	2546	2	992877642
sel_scaf	2547	2	992877642
sel_scaf	2548	4	992877642
sel_scaf	2549	1	992877642
sel_scaf	2550	2	992877642
sel_scaf	2551	1	992877642
sel_scaf	2552	1	992877642
sel_scaf	2553	3	992877642
sel_scaf	2554	2	992877642
sel_scaf	2555	3	992877642
sel_scaf	2556	2	992877642
sel_scaf	2557	2	992877642
sel_scaf	2558	1	992877642
sel_scaf	2559	2	992877642
sel_scaf	2560	3	992877642
sel_scaf	2561	2	992877642
sel_scaf	2563	3	992877642
sel_scaf	2564	5	992877642
sel_scaf	2565	3	992877642
sel_scaf	2566	4	992877642
sel_scaf	2567	3	992877642
sel_scaf	2568	5	992877642
sel_scaf	2569	4	992877642
sel_scaf	2570	4	992877642
sel_scaf	2571	2	992877642
sel_scaf	2572	1	992877642
sel_scaf	2573	5	992877642
sel_scaf	2574	1	992877642
sel_scaf	2575	4	992877642
sel_scaf	2576	1	992877642
sel_scaf	2577	1	992877642
sel_scaf	2578	2	992877642
sel_scaf	2579	3	992877642
sel_scaf	2580	1	992877642
sel_scaf	2581	3	992877642
sel_scaf	2582	2	992877642
sel_scaf	2583	2	992877642
sel_scaf	2584	2	992877642
sel_scaf	2585	4	992877642
sel_scaf	2586	1	992877642
sel_scaf	2588	3	992877642
sel_scaf	2589	2	992877642
sel_scaf	2590	3	992877642
sel_scaf	2591	4	992877642
sel_scaf	2592	1	992877642
sel_scaf	2593	2	992877642
sel_scaf	2594	4	992877642
sel_scaf	2595	2	992877642
sel_scaf	2596	3	992877642
sel_scaf	2597	3	992877642
sel_scaf	2599	5	992877642
sel_scaf	2600	4	992877642
sel_scaf	2601	1	992877642
sel_scaf	2602	3	992877642
sel_scaf	2603	1	992877642
sel_scaf	2604	1	992877642
sel_scaf	2606	1	992877642
sel_scaf	2607	4	992877642
sel_scaf	2608	3	992877642
sel_scaf	2609	2	992877642
sel_scaf	2610	3	992877642
sel_scaf	2611	5	992877642
sel_scaf	2612	2	992877642
sel_scaf	2613	4	992877642
sel_scaf	2614	1	992877642
sel_scaf	2615	1	992877642
sel_scaf	2616	4	992877642
sel_scaf	2617	2	992877642
sel_scaf	2618	2	992877642
sel_scaf	2619	2	992877642
sel_scaf	2620	2	992877642
sel_scaf	2621	3	992877642
sel_scaf	2622	1	992877642
sel_scaf	2624	4	992877642
sel_scaf	2625	4	992877642
sel_scaf	2626	2	992877642
sel_scaf	2628	1	992877642
sel_scaf	2629	2	992877642
sel_scaf	2630	1	992877642
sel_scaf	2631	2	992877642
sel_scaf	2632	1	992877642
sel_scaf	2633	3	992877642
sel_scaf	2634	2	992877642
sel_scaf	2635	2	992877642
sel_scaf	2636	3	992877642
sel_scaf	2638	2	992877642
sel_scaf	2639	2	992877642
sel_scaf	2640	1	992877642
sel_scaf	2641	3	992877642
sel_scaf	2642	4	992877642
sel_scaf	2644	3	992877642
sel_scaf	2645	2	992877642
sel_scaf	2646	4	992877642
sel_scaf	2648	2	992877642
sel_scaf	2649	1	992877642
sel_scaf	2650	1	992877642
sel_scaf	2651	1	992877642
sel_scaf	2652	2	992877642
sel_scaf	2654	1	992877642
sel_scaf	2655	2	992877642
sel_scaf	2656	2	992877642
sel_scaf	2657	1	992877642
sel_scaf	2658	1	992877642
sel_scaf	2660	6	992877642
sel_scaf	2661	3	992877642
sel_scaf	2662	2	992877642
sel_scaf	2663	3	992877642
sel_scaf	2664	2	992877642
sel_scaf	2665	1	992877642
sel_scaf	2666	3	992877642
sel_scaf	2668	1	992877642
sel_scaf	2669	1	992877642
sel_scaf	2670	2	992877642
sel_scaf	2671	1	992877642
sel_scaf	2672	5	992877642
sel_scaf	2673	1	992877642
sel_scaf	2674	1	992877642
sel_scaf	2675	1	992877642
sel_scaf	2676	2	992877642
sel_scaf	2677	1	992877642
sel_scaf	2678	4	992877642
sel_scaf	2679	4	992877642
sel_scaf	2680	3	992877642
sel_scaf	2681	2	992877642
sel_scaf	2682	1	992877642
sel_scaf	2683	2	992877642
sel_scaf	2684	2	992877642
sel_scaf	2685	2	992877642
sel_scaf	2686	1	992877642
sel_scaf	2687	2	992877642
sel_scaf	2689	1	992877642
sel_scaf	2692	3	992877642
sel_scaf	2693	3	992877642
sel_scaf	2694	1	992877642
sel_scaf	2695	2	992877642
sel_scaf	2696	1	992877642
sel_scaf	2697	2	992877642
sel_scaf	2698	3	992877642
sel_scaf	2699	6	992877642
sel_scaf	2700	1	992877642
sel_scaf	2701	8	992877642
sel_scaf	2702	2	992877642
sel_scaf	2703	2	992877642
sel_scaf	2704	4	992877642
sel_scaf	2705	4	992877642
sel_scaf	2706	1	992877642
sel_scaf	2707	1	992877642
sel_scaf	2708	1	992877642
sel_scaf	2709	1	992877642
sel_scaf	2710	3	992877642
sel_scaf	2711	3	992877642
sel_scaf	2712	1	992877642
sel_scaf	2713	4	992877642
sel_scaf	2714	3	992877642
sel_scaf	2717	2	992877642
sel_scaf	2718	2	992877642
sel_scaf	2719	2	992877642
sel_scaf	2720	2	992877642
sel_scaf	2721	1	992877642
sel_scaf	2722	6	992877642
sel_scaf	2723	7	992877642
sel_scaf	2726	3	992877642
sel_scaf	2727	2	992877642
sel_scaf	2728	1	992877642
sel_scaf	2730	3	992877642
sel_scaf	2731	1	992877642
sel_scaf	2732	2	992877642
sel_scaf	2733	1	992877642
sel_scaf	2734	1	992877642
sel_scaf	2735	1	992877642
sel_scaf	2737	1	992877642
sel_scaf	2738	1	992877642
sel_scaf	2739	1	992877642
sel_scaf	2740	2	992877642
sel_scaf	2741	2	992877642
sel_scaf	2743	3	992877642
sel_scaf	2749	1	992877642
sel_scaf	2750	1	992877642
sel_scaf	2752	1	992877642
sel_scaf	2753	2	992877642
sel_scaf	2754	1	992877642
sel_scaf	2756	3	992877642
sel_scaf	2757	1	992877642
sel_scaf	2758	3	992877642
sel_scaf	2761	2	992877642
sel_scaf	2762	2	992877642
sel_scaf	2763	1	992877642
sel_scaf	2764	1	992877642
sel_scaf	2765	1	992877642
sel_scaf	2766	2	992877642
sel_scaf	2767	2	992877642
sel_scaf	2768	1	992877642
sel_scaf	2770	1	992877642
sel_scaf	2771	2	992877642
sel_scaf	2772	2	992877642
sel_scaf	2773	1	992877642
sel_scaf	2774	1	992877642
sel_scaf	2776	2	992877642
sel_scaf	2777	1	992877642
sel_scaf	2778	1	992877642
sel_scaf	2779	2	992877642
sel_scaf	2780	2	992877642
sel_scaf	2783	2	992877642
sel_scaf	2785	1	992877642
sel_scaf	2786	2	992877642
sel_scaf	2787	3	992877642
sel_scaf	2788	2	992877642
sel_scaf	2789	3	992877642
sel_scaf	2790	2	992877642
sel_scaf	2791	2	992877642
sel_scaf	2792	3	992877642
sel_scaf	2794	1	992877642
sel_scaf	2795	1	992877642
sel_scaf	2797	3	992877642
sel_scaf	2798	2	992877642
sel_scaf	2799	2	992877642
sel_scaf	2800	2	992877642
sel_scaf	2802	3	992877642
sel_scaf	2803	1	992877642
sel_scaf	2806	2	992877642
sel_scaf	2807	1	992877642
sel_scaf	2808	3	992877642
sel_scaf	2809	1	992877642
sel_scaf	2811	2	992877642
sel_scaf	2812	1	992877642
sel_scaf	2813	2	992877642
sel_scaf	2816	1	992877642
sel_scaf	2820	1	992877642
sel_scaf	2823	1	992877642
sel_scaf	2825	1	992877642
sel_scaf	2827	2	992877642
sel_scaf	2828	2	992877642
sel_scaf	2829	4	992877642
sel_scaf	2830	2	992877642
sel_scaf	2831	1	992877642
sel_scaf	2832	2	992877642
sel_scaf	2833	2	992877642
sel_scaf	2834	1	992877642
sel_scaf	2835	2	992877642
sel_scaf	2840	1	992877642
sel_scaf	2841	3	992877642
sel_scaf	2844	1	992877642
sel_scaf	2845	1	992877642
sel_scaf	2846	2	992877642
sel_scaf	2848	1	992877642
sel_scaf	2849	1	992877642
sel_scaf	2851	2	992877642
sel_scaf	2852	2	992877642
sel_scaf	2853	1	992877642
sel_scaf	2856	3	992877642
sel_scaf	2857	2	992877642
sel_scaf	2860	1	992877642
sel_scaf	2862	2	992877642
sel_scaf	2863	2	992877642
sel_scaf	2865	1	992877642
sel_scaf	2866	1	992877642
sel_scaf	2867	2	992877642
sel_scaf	2869	1	992877642
sel_scaf	2870	2	992877642
sel_scaf	2871	2	992877642
sel_scaf	2872	1	992877642
sel_scaf	2873	2	992877642
sel_scaf	2876	2	992877642
sel_scaf	2877	1	992877642
sel_scaf	2878	2	992877642
sel_scaf	2879	2	992877642
sel_scaf	2882	2	992877642
sel_scaf	2883	1	992877642
sel_scaf	2884	3	992877642
sel_scaf	2886	2	992877642
sel_scaf	2887	1	992877642
sel_scaf	2888	4	992877642
sel_scaf	2890	1	992877642
sel_scaf	2892	1	992877642
sel_scaf	2893	2	992877642
sel_scaf	2894	4	992877642
sel_scaf	2895	1	992877642
sel_scaf	2896	1	992877642
sel_scaf	2897	4	992877642
sel_scaf	2898	2	992877642
sel_scaf	2899	2	992877642
sel_scaf	2902	1	992877642
sel_scaf	2903	2	992877642
sel_scaf	2905	1	992877642
sel_scaf	2906	2	992877642
sel_scaf	2907	1	992877642
sel_scaf	2908	2	992877642
sel_scaf	2910	2	992877642
sel_scaf	2912	2	992877642
sel_scaf	2913	4	992877642
sel_scaf	2914	4	992877642
sel_scaf	2915	3	992877642
sel_scaf	2916	1	992877642
sel_scaf	2918	1	992877642
sel_scaf	2921	1	992877642
sel_scaf	2922	1	992877642
sel_scaf	2923	1	992877642
sel_scaf	2924	4	992877642
sel_scaf	2926	1	992877642
sel_scaf	2928	1	992877642
sel_scaf	2930	2	992877642
sel_scaf	2931	1	992877642
sel_scaf	2932	3	992877642
sel_scaf	2933	2	992877642
sel_scaf	2934	2	992877642
sel_scaf	2935	1	992877642
sel_scaf	2936	1	992877642
sel_scaf	2937	1	992877642
sel_scaf	2938	1	992877642
sel_scaf	2939	1	992877642
sel_scaf	2942	1	992877642
sel_scaf	2943	1	992877642
sel_scaf	2944	1	992877642
sel_scaf	2945	2	992877642
sel_scaf	2946	2	992877642
sel_scaf	2948	1	992877642
sel_scaf	2951	1	992877642
sel_scaf	2953	1	992877642
sel_scaf	2955	2	992877642
sel_scaf	2956	1	992877642
sel_scaf	2961	1	992877642
sel_scaf	2963	3	992877642
sel_scaf	2964	2	992877642
sel_scaf	2965	1	992877642
sel_scaf	2966	1	992877642
sel_scaf	2968	1	992877642
sel_scaf	2969	1	992877642
sel_scaf	2970	1	992877642
sel_scaf	2971	2	992877642
sel_scaf	2973	1	992877642
sel_scaf	2975	1	992877642
sel_scaf	2976	1	992877642
sel_scaf	2977	1	992877642
sel_scaf	2978	1	992877642
sel_scaf	2981	4	992877642
sel_scaf	2982	3	992877642
sel_scaf	2983	1	992877642
sel_scaf	2985	1	992877642
sel_scaf	2986	2	992877642
sel_scaf	2988	1	992877642
sel_scaf	2989	1	992877642
sel_scaf	2991	2	992877642
sel_scaf	2992	1	992877642
sel_scaf	2993	2	992877642
sel_scaf	2994	1	992877642
sel_scaf	2995	1	992877642
sel_scaf	2996	1	992877642
sel_scaf	2998	3	992877642
sel_scaf	2999	1	992877642
sel_scaf	3000	4	992877642
sel_scaf	3001	3	992877642
sel_scaf	3002	2	992877642
sel_scaf	3003	2	992877642
sel_scaf	3006	1	992877642
sel_scaf	3007	1	992877642
sel_scaf	3009	1	992877642
sel_scaf	3010	1	992877642
sel_scaf	3011	2	992877642
sel_scaf	3014	2	992877642
sel_scaf	3016	2	992877642
sel_scaf	3018	1	992877642
sel_scaf	3019	2	992877642
sel_scaf	3022	1	992877642
sel_scaf	3023	1	992877642
sel_scaf	3024	1	992877642
sel_scaf	3026	1	992877642
sel_scaf	3027	2	992877642
sel_scaf	3030	3	992877642
sel_scaf	3031	2	992877642
sel_scaf	3034	1	992877642
sel_scaf	3035	3	992877642
sel_scaf	3038	1	992877642
sel_scaf	3041	2	992877642
sel_scaf	3042	2	992877642
sel_scaf	3044	2	992877642
sel_scaf	3045	3	992877642
sel_scaf	3046	2	992877642
sel_scaf	3047	3	992877642
sel_scaf	3049	1	992877642
sel_scaf	3051	3	992877642
sel_scaf	3052	1	992877642
sel_scaf	3056	1	992877642
sel_scaf	3057	2	992877642
sel_scaf	3058	1	992877642
sel_scaf	3061	1	992877642
sel_scaf	3063	1	992877642
sel_scaf	3065	1	992877642
sel_scaf	3067	2	992877642
sel_scaf	3069	2	992877642
sel_scaf	3070	1	992877642
sel_scaf	3071	1	992877642
sel_scaf	3072	1	992877642
sel_scaf	3075	2	992877642
sel_scaf	3078	1	992877642
sel_scaf	3079	1	992877642
sel_scaf	3080	3	992877642
sel_scaf	3085	1	992877642
sel_scaf	3086	1	992877642
sel_scaf	3087	1	992877642
sel_scaf	3091	1	992877642
sel_scaf	3092	2	992877642
sel_scaf	3093	1	992877642
sel_scaf	3094	2	992877642
sel_scaf	3097	3	992877642
sel_scaf	3098	1	992877642
sel_scaf	3100	1	992877642
sel_scaf	3102	1	992877642
sel_scaf	3104	1	992877642
sel_scaf	3107	1	992877642
sel_scaf	3110	3	992877642
sel_scaf	3112	1	992877642
sel_scaf	3113	1	992877642
sel_scaf	3114	1	992877642
sel_scaf	3115	1	992877642
sel_scaf	3117	1	992877642
sel_scaf	3118	1	992877642
sel_scaf	3119	1	992877642
sel_scaf	3120	2	992877642
sel_scaf	3122	3	992877642
sel_scaf	3123	1	992877642
sel_scaf	3124	3	992877642
sel_scaf	3126	2	992877642
sel_scaf	3128	3	992877642
sel_scaf	3129	2	992877642
sel_scaf	3130	1	992877642
sel_scaf	3132	1	992877642
sel_scaf	3133	1	992877642
sel_scaf	3135	1	992877642
sel_scaf	3137	2	992877642
sel_scaf	3138	3	992877642
sel_scaf	3139	2	992877642
sel_scaf	3142	3	992877642
sel_scaf	3146	2	992877642
sel_scaf	3147	1	992877642
sel_scaf	3150	1	992877642
sel_scaf	3151	4	992877642
sel_scaf	3153	1	992877642
sel_scaf	3155	2	992877642
sel_scaf	3157	1	992877642
sel_scaf	3158	2	992877642
sel_scaf	3159	3	992877642
sel_scaf	3161	1	992877642
sel_scaf	3163	1	992877642
sel_scaf	3164	1	992877642
sel_scaf	3165	2	992877642
sel_scaf	3173	1	992877642
sel_scaf	3174	1	992877642
sel_scaf	3175	1	992877642
sel_scaf	3176	2	992877642
sel_scaf	3177	3	992877642
sel_scaf	3178	1	992877642
sel_scaf	3179	1	992877642
sel_scaf	3180	1	992877642
sel_scaf	3181	1	992877642
sel_scaf	3183	2	992877642
sel_scaf	3184	3	992877642
sel_scaf	3185	2	992877642
sel_scaf	3186	3	992877642
sel_scaf	3187	1	992877642
sel_scaf	3188	2	992877642
sel_scaf	3189	1	992877642
sel_scaf	3190	2	992877642
sel_scaf	3191	1	992877642
sel_scaf	3192	1	992877642
sel_scaf	3198	2	992877642
sel_scaf	3200	1	992877642
sel_scaf	3201	1	992877642
sel_scaf	3202	1	992877642
sel_scaf	3203	1	992877642
sel_scaf	3206	2	992877642
sel_scaf	3209	2	992877642
sel_scaf	3212	3	992877642
sel_scaf	3213	2	992877642
sel_scaf	3214	2	992877642
sel_scaf	3216	1	992877642
sel_scaf	3217	2	992877642
sel_scaf	3218	1	992877642
sel_scaf	3221	1	992877642
sel_scaf	3223	2	992877642
sel_scaf	3227	1	992877642
sel_scaf	3228	1	992877642
sel_scaf	3229	1	992877642
sel_scaf	3230	3	992877642
sel_scaf	3231	1	992877642
sel_scaf	3233	2	992877642
sel_scaf	3234	2	992877642
sel_scaf	3236	2	992877642
sel_scaf	3238	1	992877642
sel_scaf	3239	1	992877642
sel_scaf	3241	2	992877642
sel_scaf	3242	2	992877642
sel_scaf	3244	1	992877642
sel_scaf	3245	2	992877642
sel_scaf	3246	1	992877642
sel_scaf	3248	1	992877642
sel_scaf	3249	1	992877642
sel_scaf	3250	1	992877642
sel_scaf	3252	1	992877642
sel_scaf	3254	2	992877642
sel_scaf	3255	1	992877642
sel_scaf	3258	3	992877642
sel_scaf	3259	2	992877642
sel_scaf	3260	1	992877642
sel_scaf	3261	3	992877642
sel_scaf	3262	1	992877642
sel_scaf	3263	2	992877642
sel_scaf	3264	2	992877642
sel_scaf	3265	3	992877642
sel_scaf	3266	1	992877642
sel_scaf	3267	1	992877642
sel_scaf	3268	1	992877642
sel_scaf	3269	1	992877642
sel_scaf	3273	1	992877642
sel_scaf	3274	1	992877642
sel_scaf	3275	2	992877642
sel_scaf	3276	1	992877642
sel_scaf	3277	1	992877642
sel_scaf	3278	3	992877642
sel_scaf	3280	2	992877642
sel_scaf	3282	1	992877642
sel_scaf	3287	2	992877642
sel_scaf	3288	1	992877642
sel_scaf	3289	2	992877642
sel_scaf	3291	1	992877642
sel_scaf	3292	1	992877642
sel_scaf	3293	1	992877642
sel_scaf	3294	1	992877642
sel_scaf	3300	3	992877642
sel_scaf	3302	1	992877642
sel_scaf	3305	1	992877642
sel_scaf	3309	1	992877642
sel_scaf	3310	1	992877642
sel_scaf	3311	1	992877642
sel_scaf	3313	1	992877642
sel_scaf	3314	2	992877642
sel_scaf	3315	1	992877642
sel_scaf	3318	1	992877642
sel_scaf	3320	1	992877642
sel_scaf	3325	1	992877642
sel_scaf	3328	1	992877642
sel_scaf	3329	1	992877642
sel_scaf	3334	1	992877642
sel_scaf	3335	2	992877642
sel_scaf	3337	1	992877642
sel_scaf	3339	2	992877642
sel_scaf	3342	2	992877642
sel_scaf	3343	1	992877642
sel_scaf	3347	2	992877642
sel_scaf	3349	2	992877642
sel_scaf	3353	1	992877642
sel_scaf	3354	1	992877642
sel_scaf	3355	1	992877642
sel_scaf	3356	1	992877642
sel_scaf	3359	2	992877642
sel_scaf	3370	1	992877642
sel_scaf	3371	1	992877642
sel_scaf	3373	1	992877642
sel_scaf	3375	1	992877642
sel_scaf	3378	1	992877642
sel_scaf	3381	1	992877642
sel_scaf	3383	2	992877642
sel_scaf	3384	2	992877642
sel_scaf	3388	1	992877642
sel_scaf	3401	1	992877642
sel_scaf	3402	1	992877642
sel_scaf	3404	1	992877642
sel_scaf	3407	2	992877642
sel_scaf	3408	1	992877642
sel_scaf	3409	1	992877642
sel_scaf	3412	1	992877642
sel_scaf	3414	1	992877642
sel_scaf	3415	1	992877642
sel_scaf	3423	1	992877642
sel_scaf	3429	1	992877642
sel_scaf	3433	1	992877642
sel_scaf	3437	1	992877642
sel_scaf	3438	2	992877642
sel_scaf	3439	1	992877642
sel_scaf	3444	1	992877642
sel_scaf	3445	2	992877642
sel_scaf	3448	1	992877642
sel_scaf	3455	1	992877642
sel_scaf	3457	1	992877642
sel_scaf	3463	1	992877642
sel_scaf	3465	1	992877642
sel_scaf	3470	1	992877642
sel_scaf	3479	1	992877642
sel_scaf	3480	1	992877642
sel_scaf	3489	1	992877642
sel_scaf	3490	1	992877642
sel_scaf	3502	1	992877642
sel_scaf	3510	1	992877642
sel_scaf	3512	2	992877642
sel_scaf	3514	1	992877642
sel_scaf	3519	1	992877642
sel_scaf	3520	1	992877642
sel_scaf	3522	1	992877642
sel_scaf	3525	1	992877642
sel_scaf	3528	1	992877642
sel_scaf	3537	1	992877642
sel_scaf	3544	1	992877642
sel_scaf	3554	1	992877642
sel_scaf	3562	1	992877642
sel_scaf	3567	1	992877642
sel_scaf	3569	1	992877642
sel_scaf	3575	2	992877642
sel_scaf	3581	1	992877642
sel_scaf	3584	1	992877642
sel_scaf	3590	1	992877642
sel_scaf	3596	1	992877642
sel_scaf	3600	1	992877642
sel_scaf	3605	1	992877642
sel_scaf	3607	1	992877642
sel_scaf	3610	1	992877642
sel_scaf	3612	1	992877642
sel_scaf	3613	1	992877642
sel_scaf	3614	1	992877642
sel_scaf	3615	1	992877642
sel_scaf	3616	1	992877642
sel_scaf	3619	1	992877642
sel_scaf	3620	2	992877642
sel_scaf	3623	1	992877642
sel_scaf	3625	1	992877642
sel_scaf	3626	1	992877642
sel_scaf	3627	1	992877642
sel_scaf	3628	2	992877642
sel_scaf	3632	3	992877642
sel_scaf	3633	1	992877642
sel_scaf	3635	3	992877642
sel_scaf	3638	3	992877642
sel_scaf	3639	1	992877642
sel_scaf	3644	1	992877642
sel_scaf	3654	1	992877642
sel_scaf	3655	1	992877642
sel_scaf	3664	2	992877642
sel_scaf	3668	1	992877642
sel_scaf	3670	1	992877642
sel_scaf	3672	1	992877642
sel_scaf	3679	2	992877642
sel_scaf	3680	1	992877642
sel_scaf	3682	1	992877642
sel_scaf	3688	1	992877642
sel_scaf	3689	1	992877642
sel_scaf	3691	1	992877642
sel_scaf	3693	1	992877642
sel_scaf	3694	1	992877642
sel_scaf	3695	1	992877642
sel_scaf	3698	1	992877642
sel_scaf	3699	1	992877642
sel_scaf	3700	3	992877642
sel_scaf	3701	2	992877642
sel_scaf	3702	1	992877642
sel_scaf	3703	1	992877642
sel_scaf	3704	1	992877642
sel_scaf	3711	1	992877642
sel_scaf	3712	1	992877642
sel_scaf	3724	2	992877642
sel_scaf	3725	2	992877642
sel_scaf	3729	1	992877642
sel_scaf	3740	1	992877642
sel_scaf	3742	3	992877642
sel_scaf	3743	1	992877642
sel_scaf	3757	1	992877642
sel_scaf	3759	1	992877642
sel_scaf	3761	1	992877642
sel_scaf	3765	1	992877642
sel_scaf	3778	1	992877642
sel_scaf	3788	1	992877642
sel_scaf	3794	1	992877642
sel_scaf	3801	1	992877642
sel_scaf	3810	1	992877642
sel_scaf	3811	1	992877642
sel_scaf	3813	1	992877642
sel_scaf	3822	1	992877642
sel_scaf	3826	1	992877642
sel_scaf	3827	1	992877642
sel_scaf	3829	1	992877642
sel_scaf	3832	1	992877642
sel_scaf	3846	1	992877642
sel_scaf	3848	1	992877642
sel_scaf	3854	2	992877642
sel_scaf	3855	1	992877642
sel_scaf	3863	1	992877642
sel_scaf	3876	2	992877642
sel_scaf	3877	2	992877642
sel_scaf	3882	1	992877642
sel_scaf	3888	1	992877642
sel_scaf	3891	1	992877642
sel_scaf	3894	1	992877642
sel_scaf	3899	2	992877642
sel_scaf	3905	1	992877642
sel_scaf	3910	1	992877642
sel_scaf	3916	1	992877642
sel_scaf	3917	1	992877642
sel_scaf	3922	1	992877642
sel_scaf	3923	1	992877642
sel_scaf	3946	1	992877642
sel_scaf	3948	1	992877642
sel_scaf	3950	1	992877642
sel_scaf	3951	1	992877642
sel_scaf	3986	2	992877642
sel_scaf	3988	1	992877642
sel_scaf	3998	1	992877642
sel_scaf	4005	1	992877642
sel_scaf	4013	1	992877642
sel_scaf	4015	1	992877642
sel_scaf	4022	1	992877642
sel_scaf	4024	1	992877642
sel_scaf	4034	1	992877642
sel_scaf	4045	1	992877642
sel_scaf	4065	1	992877642
sel_scaf	4073	1	992877642
sel_scaf	4075	1	992877642
sel_scaf	4086	1	992877642
sel_scaf	4087	1	992877642
sel_scaf	4088	4	992877642
sel_scaf	4089	11	992877642
sel_scaf	4091	1	992877642
sel_scaf	4099	1	992877642
sel_scaf	4108	1	992877642
sel_scaf	4127	1	992877642
sel_scaf	4144	1	992877642
sel_scaf	4154	1	992877642
sel_scaf	4157	1	992877642
sel_scaf	4158	1	992877642
sel_scaf	4160	1	992877642
sel_scaf	4163	1	992877642
sel_scaf	4165	1	992877642
sel_scaf	4173	1	992877642
sel_scaf	4179	1	992877642
sel_scaf	4215	1	992877642
sel_scaf	4226	1	992877642
sel_scaf	4228	1	992877642
sel_scaf	4232	1	992877642
sel_scaf	4242	1	992877642
sel_scaf	4246	1	992877642
sel_scaf	4250	1	992877642
sel_scaf	4256	1	992877642
sel_scaf	4258	1	992877642
sel_scaf	4271	1	992877642
sel_scaf	4275	1	992877642
sel_scaf	4281	1	992877642
sel_scaf	4285	1	992877642
sel_scaf	4286	1	992877642
sel_scaf	4289	1	992877642
sel_scaf	4292	2	992877642
sel_scaf	4296	1	992877642
sel_scaf	4303	1	992877642
sel_scaf	4329	1	992877642
sel_scaf	4344	1	992877642
sel_scaf	4347	1	992877642
sel_scaf	4348	1	992877642
sel_scaf	4356	2	992877642
sel_scaf	4357	1	992877642
sel_scaf	4358	1	992877642
sel_scaf	4364	1	992877642
sel_scaf	4374	1	992877642
sel_scaf	4380	1	992877642
sel_scaf	4384	1	992877642
sel_scaf	4389	1	992877642
sel_scaf	4391	1	992877642
sel_scaf	4402	1	992877642
sel_scaf	4406	1	992877642
sel_scaf	4407	1	992877642
sel_scaf	4421	1	992877642
sel_scaf	4437	1	992877642
sel_scaf	4440	1	992877642
sel_scaf	4453	1	992877642
sel_scaf	4457	1	992877642
sel_scaf	4462	1	992877642
sel_scaf	4469	2	992877642
sel_scaf	4483	1	992877642
sel_scaf	4494	1	992877642
sel_scaf	4495	1	992877642
sel_scaf	4498	1	992877642
sel_scaf	4499	1	992877642
sel_scaf	4503	1	992877642
sel_scaf	4512	1	992877642
sel_scaf	4515	1	992877642
sel_scaf	4519	1	992877642
sel_scaf	4522	1	992877642
sel_scaf	4523	1	992877642
sel_scaf	4529	1	992877642
sel_scaf	4531	1	992877642
sel_scaf	4532	1	992877642
sel_scaf	4534	1	992877642
sel_scaf	4542	1	992877642
sel_scaf	4543	1	992877642
sel_scaf	4546	1	992877642
sel_scaf	4549	1	992877642
sel_scaf	4550	1	992877642
sel_scaf	4559	1	992877642
sel_scaf	4561	1	992877642
sel_scaf	4563	1	992877642
sel_scaf	4567	2	992877642
sel_scaf	4571	2	992877642
sel_scaf	4572	1	992877642
sel_scaf	4575	1	992877642
sel_scaf	4577	1	992877642
sel_scaf	4584	1	992877642
sel_scaf	4586	1	992877642
sel_scaf	4588	1	992877642
sel_scaf	4589	1	992877642
sel_scaf	4591	1	992877642
sel_scaf	4603	1	992877642
sel_scaf	4609	1	992877642
sel_scaf	4611	1	992877642
sel_scaf	4628	1	992877642
sel_scaf	4630	1	992877642
sel_scaf	4646	1	992877642
sel_scaf	4652	1	992877642
sel_scaf	4659	1	992877642
sel_scaf	4662	1	992877642
sel_scaf	4667	1	992877642
sel_scaf	4703	1	992877642
sel_scaf	4753	1	992877642
sel_scaf	4761	1	992877642
sel_scaf	4765	2	992877642
sel_scaf	4800	1	992877642
sel_scaf	4812	1	992877642
sel_scaf	4815	1	992877642
sel_scaf	4827	1	992877642
sel_scaf	4837	3	992877642
sel_scaf	4842	1	992877642
sel_scaf	4843	1	992877642
sel_scaf	4846	1	992877642
sel_scaf	4870	1	992877642
sel_scaf	4871	1	992877642
sel_scaf	4877	1	992877642
sel_scaf	4899	1	992877642
sel_scaf	4914	1	992877642
sel_scaf	4915	1	992877642
sel_scaf	4926	1	992877642
sel_scaf	4932	1	992877642
sel_scaf	4936	1	992877642
sel_scaf	4941	1	992877642
sel_scaf	4942	1	992877642
sel_scaf	4944	1	992877642
sel_scaf	4948	1	992877642
sel_scaf	4961	1	992877642
sel_scaf	4986	1	992877642
sel_scaf	5012	1	992877642
sel_scaf	5023	1	992877642
sel_scaf	5051	1	992877642
sel_scaf	5122	1	992877642
sel_scaf	5127	1	992877642
sel_scaf	5130	1	992877642
sel_scaf	5155	1	992877642
sel_scaf	5180	1	992877642
sel_scaf	5205	1	992877642
sel_scaf	5250	1	992877642
sel_scaf	5275	1	992877642
sel_scaf	5282	1	992877642
sel_scaf	5290	1	992877642
sel_scaf	5328	1	992877642
sel_scaf	5340	1	992877642
sel_scaf	5381	1	992877642
sel_scaf	5414	1	992877642
sel_scaf	5417	1	992877642
sel_scaf	5427	1	992877642
sel_scaf	5435	1	992877642
sel_scaf	5452	1	992877642
sel_scaf	5503	1	992877642
sel_scaf	5504	1	992877642
sel_scaf	5554	1	992877642
sel_scaf	5555	1	992877642
sel_scaf	5601	1	992877642
sel_scaf	5612	1	992877642
sel_scaf	5638	1	992877642
sel_scaf	5667	1	992877642
sel_scaf	5682	1	992877642
sel_scaf	5704	2	992877642
sel_scaf	5712	1	992877642
sel_scaf	5740	1	992877642
sel_scaf	5784	1	992877642
sel_scaf	5831	1	992877642
sel_scaf	5841	1	992877642
sel_scaf	5868	1	992877642
sel_scaf	5883	1	992877642
sel_scaf	5899	1	992877642
sel_scaf	5907	1	992877642
sel_scaf	5927	1	992877642
sel_scaf	5974	2	992877642
sel_scaf	6032	1	992877642
sel_scaf	6044	1	992877642
sel_scaf	6066	1	992877642
sel_scaf	6079	1	992877642
sel_scaf	6080	1	992877642
sel_scaf	6084	1	992877642
sel_scaf	6089	1	992877642
sel_scaf	6119	1	992877642
sel_scaf	6144	1	992877642
sel_scaf	6164	1	992877642
sel_scaf	6193	1	992877642
sel_scaf	6202	1	992877642
sel_scaf	6229	1	992877642
sel_scaf	6252	1	992877642
sel_scaf	6274	1	992877642
sel_scaf	6287	1	992877642
sel_scaf	6301	1	992877642
sel_scaf	6324	1	992877642
sel_scaf	6334	1	992877642
sel_scaf	6340	1	992877642
sel_scaf	6343	1	992877642
sel_scaf	6359	1	992877642
sel_scaf	6363	1	992877642
sel_scaf	6368	1	992877642
sel_scaf	6370	1	992877642
sel_scaf	6372	1	992877642
sel_scaf	6388	1	992877642
sel_scaf	6394	1	992877642
sel_scaf	6453	1	992877642
sel_scaf	6475	1	992877642
sel_scaf	6590	1	992877642
sel_scaf	6616	1	992877642
sel_scaf	6788	1	992877642
sel_scaf	6790	1	992877642
sel_scaf	6838	1	992877642
sel_scaf	6932	1	992877642
sel_scaf	6960	1	992877642
sel_scaf	7054	1	992877642
sel_scaf	7096	1	992877642
sel_scaf	7138	1	992877642
sel_scaf	7276	1	992877642
sel_scaf	7306	1	992877642
sel_scaf	7382	1	992877642
sel_scaf	7441	1	992877642
sel_scaf	7597	1	992877642
sel_scaf	7736	1	992877642
sel_scaf	7919	1	992877642
sel_scaf	8035	1	992877642
sel_scaf	8076	1	992877642
sel_scaf	8158	1	992877642
sel_scaf	8229	1	992877642
sel_scaf	8374	1	992877642
sel_scaf	8391	1	992877642
sel_scaf	8424	1	992877642
sel_scaf	8540	1	992877642
sel_scaf	8567	1	992877642
sel_scaf	8702	1	992877642
sel_scaf	8740	1	992877642
sel_scaf	8816	1	992877642
sel_scaf	8837	1	992877642
sel_scaf	8882	1	992877642
sel_scaf	8959	1	992877642
sel_scaf	8963	1	992877642
sel_scaf	8999	1	992877642
sel_scaf	9032	1	992877642
sel_scaf	9044	1	992877642
sel_scaf	9051	1	992877642
sel_scaf	9059	1	992877642
sel_scaf	9070	2	992877642
sel_scaf	9075	1	992877642
sel_scaf	9093	1	992877642
sel_scaf	9110	1	992877642
sel_scaf	9113	2	992877642
sel_scaf	9134	1	992877642
sel_scaf	9148	1	992877642
sel_scaf	9167	1	992877642
sel_scaf	9178	1	992877642
sel_scaf	9183	1	992877642
sel_scaf	9186	1	992877642
sel_scaf	9193	1	992877642
sel_scaf	9198	1	992877642
sel_scaf	9199	1	992877642
sel_scaf	9211	1	992877642
sel_scaf	9212	1	992877642
sel_scaf	9223	1	992877642
sel_scaf	9242	1	992877642
sel_scaf	9265	1	992877642
sel_scaf	9279	1	992877642
sel_scaf	9287	2	992877642
sel_scaf	9296	1	992877642
sel_scaf	9307	1	992877642
sel_scaf	9308	1	992877642
sel_scaf	9309	1	992877642
sel_scaf	9315	2	992877642
sel_scaf	9316	1	992877642
sel_scaf	9317	1	992877642
sel_scaf	9319	1	992877642
sel_scaf	9321	1	992877642
sel_scaf	9331	1	992877642
sel_scaf	9332	1	992877642
sel_scaf	9338	2	992877642
sel_scaf	9347	1	992877642
sel_scaf	9353	1	992877642
sel_scaf	9356	1	992877642
