feature	depth	Nsites	totalNsites
sel_scaf	0	87702545	974380168
sel_scaf	1	15327593	974380168
sel_scaf	2	16253012	974380168
sel_scaf	3	18897507	974380168
sel_scaf	4	22785643	974380168
sel_scaf	5	27846909	974380168
sel_scaf	6	34243102	974380168
sel_scaf	7	41639188	974380168
sel_scaf	8	49627722	974380168
sel_scaf	9	57321530	974380168
sel_scaf	10	63817166	974380168
sel_scaf	11	68219707	974380168
sel_scaf	12	69864192	974380168
sel_scaf	13	68512461	974380168
sel_scaf	14	64322984	974380168
sel_scaf	15	57862682	974380168
sel_scaf	16	49956007	974380168
sel_scaf	17	41374808	974380168
sel_scaf	18	32953749	974380168
sel_scaf	19	25294980	974380168
sel_scaf	20	18722715	974380168
sel_scaf	21	13379160	974380168
sel_scaf	22	9275838	974380168
sel_scaf	23	6241435	974380168
sel_scaf	24	4103636	974380168
sel_scaf	25	2642266	974380168
sel_scaf	26	1674951	974380168
sel_scaf	27	1058369	974380168
sel_scaf	28	675319	974380168
sel_scaf	29	440152	974380168
sel_scaf	30	298109	974380168
sel_scaf	31	213077	974380168
sel_scaf	32	161142	974380168
sel_scaf	33	126021	974380168
sel_scaf	34	101917	974380168
sel_scaf	35	87451	974380168
sel_scaf	36	75786	974380168
sel_scaf	37	66685	974380168
sel_scaf	38	58524	974380168
sel_scaf	39	51611	974380168
sel_scaf	40	47561	974380168
sel_scaf	41	43735	974380168
sel_scaf	42	39741	974380168
sel_scaf	43	36727	974380168
sel_scaf	44	33578	974380168
sel_scaf	45	31232	974380168
sel_scaf	46	29267	974380168
sel_scaf	47	27379	974380168
sel_scaf	48	25506	974380168
sel_scaf	49	24582	974380168
sel_scaf	50	23423	974380168
sel_scaf	51	21493	974380168
sel_scaf	52	20567	974380168
sel_scaf	53	19254	974380168
sel_scaf	54	18327	974380168
sel_scaf	55	17282	974380168
sel_scaf	56	16648	974380168
sel_scaf	57	15802	974380168
sel_scaf	58	15468	974380168
sel_scaf	59	14849	974380168
sel_scaf	60	14419	974380168
sel_scaf	61	13696	974380168
sel_scaf	62	13076	974380168
sel_scaf	63	12471	974380168
sel_scaf	64	12055	974380168
sel_scaf	65	11559	974380168
sel_scaf	66	10907	974380168
sel_scaf	67	10567	974380168
sel_scaf	68	10280	974380168
sel_scaf	69	10014	974380168
sel_scaf	70	9465	974380168
sel_scaf	71	8922	974380168
sel_scaf	72	8665	974380168
sel_scaf	73	8701	974380168
sel_scaf	74	8309	974380168
sel_scaf	75	7887	974380168
sel_scaf	76	7795	974380168
sel_scaf	77	7691	974380168
sel_scaf	78	7234	974380168
sel_scaf	79	7116	974380168
sel_scaf	80	6870	974380168
sel_scaf	81	6687	974380168
sel_scaf	82	6788	974380168
sel_scaf	83	6310	974380168
sel_scaf	84	6395	974380168
sel_scaf	85	5949	974380168
sel_scaf	86	6030	974380168
sel_scaf	87	6022	974380168
sel_scaf	88	5983	974380168
sel_scaf	89	5828	974380168
sel_scaf	90	5778	974380168
sel_scaf	91	5497	974380168
sel_scaf	92	5338	974380168
sel_scaf	93	5241	974380168
sel_scaf	94	5115	974380168
sel_scaf	95	4827	974380168
sel_scaf	96	4739	974380168
sel_scaf	97	4547	974380168
sel_scaf	98	4646	974380168
sel_scaf	99	4237	974380168
sel_scaf	100	4059	974380168
sel_scaf	101	3817	974380168
sel_scaf	102	3750	974380168
sel_scaf	103	3709	974380168
sel_scaf	104	3518	974380168
sel_scaf	105	3430	974380168
sel_scaf	106	3380	974380168
sel_scaf	107	3348	974380168
sel_scaf	108	3292	974380168
sel_scaf	109	3244	974380168
sel_scaf	110	3302	974380168
sel_scaf	111	3060	974380168
sel_scaf	112	3056	974380168
sel_scaf	113	2955	974380168
sel_scaf	114	2799	974380168
sel_scaf	115	2835	974380168
sel_scaf	116	2641	974380168
sel_scaf	117	2772	974380168
sel_scaf	118	2651	974380168
sel_scaf	119	2570	974380168
sel_scaf	120	2513	974380168
sel_scaf	121	2382	974380168
sel_scaf	122	2378	974380168
sel_scaf	123	2217	974380168
sel_scaf	124	2346	974380168
sel_scaf	125	2096	974380168
sel_scaf	126	2101	974380168
sel_scaf	127	2029	974380168
sel_scaf	128	2094	974380168
sel_scaf	129	1977	974380168
sel_scaf	130	1967	974380168
sel_scaf	131	2010	974380168
sel_scaf	132	1916	974380168
sel_scaf	133	1792	974380168
sel_scaf	134	1761	974380168
sel_scaf	135	1802	974380168
sel_scaf	136	1849	974380168
sel_scaf	137	1740	974380168
sel_scaf	138	1588	974380168
sel_scaf	139	1734	974380168
sel_scaf	140	1632	974380168
sel_scaf	141	1584	974380168
sel_scaf	142	1684	974380168
sel_scaf	143	1544	974380168
sel_scaf	144	1484	974380168
sel_scaf	145	1559	974380168
sel_scaf	146	1599	974380168
sel_scaf	147	1562	974380168
sel_scaf	148	1464	974380168
sel_scaf	149	1438	974380168
sel_scaf	150	1467	974380168
sel_scaf	151	1294	974380168
sel_scaf	152	1406	974380168
sel_scaf	153	1250	974380168
sel_scaf	154	1257	974380168
sel_scaf	155	1217	974380168
sel_scaf	156	1251	974380168
sel_scaf	157	1171	974380168
sel_scaf	158	1246	974380168
sel_scaf	159	1231	974380168
sel_scaf	160	1246	974380168
sel_scaf	161	1200	974380168
sel_scaf	162	1261	974380168
sel_scaf	163	1185	974380168
sel_scaf	164	1147	974380168
sel_scaf	165	1188	974380168
sel_scaf	166	1096	974380168
sel_scaf	167	1061	974380168
sel_scaf	168	1036	974380168
sel_scaf	169	1090	974380168
sel_scaf	170	1045	974380168
sel_scaf	171	1019	974380168
sel_scaf	172	1018	974380168
sel_scaf	173	1062	974380168
sel_scaf	174	952	974380168
sel_scaf	175	910	974380168
sel_scaf	176	932	974380168
sel_scaf	177	898	974380168
sel_scaf	178	890	974380168
sel_scaf	179	901	974380168
sel_scaf	180	829	974380168
sel_scaf	181	805	974380168
sel_scaf	182	748	974380168
sel_scaf	183	786	974380168
sel_scaf	184	769	974380168
sel_scaf	185	736	974380168
sel_scaf	186	707	974380168
sel_scaf	187	727	974380168
sel_scaf	188	811	974380168
sel_scaf	189	777	974380168
sel_scaf	190	748	974380168
sel_scaf	191	776	974380168
sel_scaf	192	754	974380168
sel_scaf	193	710	974380168
sel_scaf	194	685	974380168
sel_scaf	195	696	974380168
sel_scaf	196	692	974380168
sel_scaf	197	696	974380168
sel_scaf	198	699	974380168
sel_scaf	199	644	974380168
sel_scaf	200	661	974380168
sel_scaf	201	639	974380168
sel_scaf	202	643	974380168
sel_scaf	203	570	974380168
sel_scaf	204	620	974380168
sel_scaf	205	630	974380168
sel_scaf	206	669	974380168
sel_scaf	207	556	974380168
sel_scaf	208	622	974380168
sel_scaf	209	632	974380168
sel_scaf	210	569	974380168
sel_scaf	211	493	974380168
sel_scaf	212	523	974380168
sel_scaf	213	577	974380168
sel_scaf	214	494	974380168
sel_scaf	215	546	974380168
sel_scaf	216	526	974380168
sel_scaf	217	539	974380168
sel_scaf	218	514	974380168
sel_scaf	219	508	974380168
sel_scaf	220	546	974380168
sel_scaf	221	553	974380168
sel_scaf	222	582	974380168
sel_scaf	223	538	974380168
sel_scaf	224	563	974380168
sel_scaf	225	560	974380168
sel_scaf	226	554	974380168
sel_scaf	227	550	974380168
sel_scaf	228	520	974380168
sel_scaf	229	566	974380168
sel_scaf	230	520	974380168
sel_scaf	231	472	974380168
sel_scaf	232	447	974380168
sel_scaf	233	505	974380168
sel_scaf	234	570	974380168
sel_scaf	235	471	974380168
sel_scaf	236	532	974380168
sel_scaf	237	518	974380168
sel_scaf	238	484	974380168
sel_scaf	239	440	974380168
sel_scaf	240	485	974380168
sel_scaf	241	445	974380168
sel_scaf	242	432	974380168
sel_scaf	243	423	974380168
sel_scaf	244	394	974380168
sel_scaf	245	430	974380168
sel_scaf	246	415	974380168
sel_scaf	247	385	974380168
sel_scaf	248	354	974380168
sel_scaf	249	434	974380168
sel_scaf	250	406	974380168
sel_scaf	251	352	974380168
sel_scaf	252	350	974380168
sel_scaf	253	400	974380168
sel_scaf	254	375	974380168
sel_scaf	255	391	974380168
sel_scaf	256	325	974380168
sel_scaf	257	334	974380168
sel_scaf	258	346	974380168
sel_scaf	259	321	974380168
sel_scaf	260	367	974380168
sel_scaf	261	346	974380168
sel_scaf	262	318	974380168
sel_scaf	263	351	974380168
sel_scaf	264	307	974380168
sel_scaf	265	322	974380168
sel_scaf	266	356	974380168
sel_scaf	267	315	974380168
sel_scaf	268	304	974380168
sel_scaf	269	324	974380168
sel_scaf	270	319	974380168
sel_scaf	271	353	974380168
sel_scaf	272	272	974380168
sel_scaf	273	288	974380168
sel_scaf	274	327	974380168
sel_scaf	275	253	974380168
sel_scaf	276	267	974380168
sel_scaf	277	287	974380168
sel_scaf	278	272	974380168
sel_scaf	279	262	974380168
sel_scaf	280	276	974380168
sel_scaf	281	285	974380168
sel_scaf	282	275	974380168
sel_scaf	283	258	974380168
sel_scaf	284	253	974380168
sel_scaf	285	289	974380168
sel_scaf	286	253	974380168
sel_scaf	287	270	974380168
sel_scaf	288	241	974380168
sel_scaf	289	240	974380168
sel_scaf	290	259	974380168
sel_scaf	291	236	974380168
sel_scaf	292	295	974380168
sel_scaf	293	284	974380168
sel_scaf	294	231	974380168
sel_scaf	295	241	974380168
sel_scaf	296	291	974380168
sel_scaf	297	272	974380168
sel_scaf	298	293	974380168
sel_scaf	299	242	974380168
sel_scaf	300	230	974380168
sel_scaf	301	214	974380168
sel_scaf	302	214	974380168
sel_scaf	303	227	974380168
sel_scaf	304	232	974380168
sel_scaf	305	213	974380168
sel_scaf	306	208	974380168
sel_scaf	307	206	974380168
sel_scaf	308	230	974380168
sel_scaf	309	214	974380168
sel_scaf	310	193	974380168
sel_scaf	311	225	974380168
sel_scaf	312	212	974380168
sel_scaf	313	212	974380168
sel_scaf	314	239	974380168
sel_scaf	315	235	974380168
sel_scaf	316	215	974380168
sel_scaf	317	196	974380168
sel_scaf	318	182	974380168
sel_scaf	319	204	974380168
sel_scaf	320	182	974380168
sel_scaf	321	190	974380168
sel_scaf	322	215	974380168
sel_scaf	323	200	974380168
sel_scaf	324	233	974380168
sel_scaf	325	239	974380168
sel_scaf	326	219	974380168
sel_scaf	327	230	974380168
sel_scaf	328	198	974380168
sel_scaf	329	230	974380168
sel_scaf	330	200	974380168
sel_scaf	331	194	974380168
sel_scaf	332	176	974380168
sel_scaf	333	185	974380168
sel_scaf	334	174	974380168
sel_scaf	335	196	974380168
sel_scaf	336	207	974380168
sel_scaf	337	169	974380168
sel_scaf	338	172	974380168
sel_scaf	339	170	974380168
sel_scaf	340	218	974380168
sel_scaf	341	223	974380168
sel_scaf	342	187	974380168
sel_scaf	343	192	974380168
sel_scaf	344	179	974380168
sel_scaf	345	192	974380168
sel_scaf	346	182	974380168
sel_scaf	347	145	974380168
sel_scaf	348	191	974380168
sel_scaf	349	182	974380168
sel_scaf	350	165	974380168
sel_scaf	351	182	974380168
sel_scaf	352	198	974380168
sel_scaf	353	171	974380168
sel_scaf	354	168	974380168
sel_scaf	355	169	974380168
sel_scaf	356	209	974380168
sel_scaf	357	169	974380168
sel_scaf	358	133	974380168
sel_scaf	359	159	974380168
sel_scaf	360	135	974380168
sel_scaf	361	146	974380168
sel_scaf	362	133	974380168
sel_scaf	363	144	974380168
sel_scaf	364	141	974380168
sel_scaf	365	153	974380168
sel_scaf	366	164	974380168
sel_scaf	367	135	974380168
sel_scaf	368	151	974380168
sel_scaf	369	132	974380168
sel_scaf	370	138	974380168
sel_scaf	371	136	974380168
sel_scaf	372	124	974380168
sel_scaf	373	190	974380168
sel_scaf	374	109	974380168
sel_scaf	375	143	974380168
sel_scaf	376	114	974380168
sel_scaf	377	158	974380168
sel_scaf	378	131	974380168
sel_scaf	379	122	974380168
sel_scaf	380	98	974380168
sel_scaf	381	111	974380168
sel_scaf	382	127	974380168
sel_scaf	383	145	974380168
sel_scaf	384	133	974380168
sel_scaf	385	124	974380168
sel_scaf	386	131	974380168
sel_scaf	387	99	974380168
sel_scaf	388	133	974380168
sel_scaf	389	115	974380168
sel_scaf	390	130	974380168
sel_scaf	391	123	974380168
sel_scaf	392	127	974380168
sel_scaf	393	86	974380168
sel_scaf	394	114	974380168
sel_scaf	395	99	974380168
sel_scaf	396	127	974380168
sel_scaf	397	93	974380168
sel_scaf	398	90	974380168
sel_scaf	399	100	974380168
sel_scaf	400	80	974380168
sel_scaf	401	82	974380168
sel_scaf	402	81	974380168
sel_scaf	403	81	974380168
sel_scaf	404	104	974380168
sel_scaf	405	98	974380168
sel_scaf	406	98	974380168
sel_scaf	407	88	974380168
sel_scaf	408	92	974380168
sel_scaf	409	93	974380168
sel_scaf	410	101	974380168
sel_scaf	411	86	974380168
sel_scaf	412	103	974380168
sel_scaf	413	84	974380168
sel_scaf	414	119	974380168
sel_scaf	415	94	974380168
sel_scaf	416	89	974380168
sel_scaf	417	106	974380168
sel_scaf	418	105	974380168
sel_scaf	419	89	974380168
sel_scaf	420	106	974380168
sel_scaf	421	91	974380168
sel_scaf	422	94	974380168
sel_scaf	423	77	974380168
sel_scaf	424	65	974380168
sel_scaf	425	84	974380168
sel_scaf	426	82	974380168
sel_scaf	427	91	974380168
sel_scaf	428	87	974380168
sel_scaf	429	95	974380168
sel_scaf	430	98	974380168
sel_scaf	431	93	974380168
sel_scaf	432	84	974380168
sel_scaf	433	136	974380168
sel_scaf	434	116	974380168
sel_scaf	435	90	974380168
sel_scaf	436	105	974380168
sel_scaf	437	96	974380168
sel_scaf	438	95	974380168
sel_scaf	439	109	974380168
sel_scaf	440	95	974380168
sel_scaf	441	90	974380168
sel_scaf	442	61	974380168
sel_scaf	443	101	974380168
sel_scaf	444	110	974380168
sel_scaf	445	80	974380168
sel_scaf	446	103	974380168
sel_scaf	447	78	974380168
sel_scaf	448	88	974380168
sel_scaf	449	99	974380168
sel_scaf	450	86	974380168
sel_scaf	451	98	974380168
sel_scaf	452	80	974380168
sel_scaf	453	75	974380168
sel_scaf	454	94	974380168
sel_scaf	455	100	974380168
sel_scaf	456	82	974380168
sel_scaf	457	83	974380168
sel_scaf	458	74	974380168
sel_scaf	459	76	974380168
sel_scaf	460	61	974380168
sel_scaf	461	87	974380168
sel_scaf	462	79	974380168
sel_scaf	463	87	974380168
sel_scaf	464	85	974380168
sel_scaf	465	72	974380168
sel_scaf	466	76	974380168
sel_scaf	467	68	974380168
sel_scaf	468	73	974380168
sel_scaf	469	80	974380168
sel_scaf	470	101	974380168
sel_scaf	471	87	974380168
sel_scaf	472	93	974380168
sel_scaf	473	74	974380168
sel_scaf	474	56	974380168
sel_scaf	475	68	974380168
sel_scaf	476	72	974380168
sel_scaf	477	67	974380168
sel_scaf	478	73	974380168
sel_scaf	479	85	974380168
sel_scaf	480	76	974380168
sel_scaf	481	74	974380168
sel_scaf	482	67	974380168
sel_scaf	483	61	974380168
sel_scaf	484	96	974380168
sel_scaf	485	65	974380168
sel_scaf	486	69	974380168
sel_scaf	487	91	974380168
sel_scaf	488	92	974380168
sel_scaf	489	67	974380168
sel_scaf	490	68	974380168
sel_scaf	491	80	974380168
sel_scaf	492	64	974380168
sel_scaf	493	73	974380168
sel_scaf	494	67	974380168
sel_scaf	495	67	974380168
sel_scaf	496	69	974380168
sel_scaf	497	55	974380168
sel_scaf	498	60	974380168
sel_scaf	499	64	974380168
sel_scaf	500	67	974380168
sel_scaf	501	61	974380168
sel_scaf	502	67	974380168
sel_scaf	503	75	974380168
sel_scaf	504	60	974380168
sel_scaf	505	75	974380168
sel_scaf	506	70	974380168
sel_scaf	507	59	974380168
sel_scaf	508	86	974380168
sel_scaf	509	79	974380168
sel_scaf	510	69	974380168
sel_scaf	511	58	974380168
sel_scaf	512	62	974380168
sel_scaf	513	82	974380168
sel_scaf	514	78	974380168
sel_scaf	515	75	974380168
sel_scaf	516	70	974380168
sel_scaf	517	74	974380168
sel_scaf	518	95	974380168
sel_scaf	519	76	974380168
sel_scaf	520	58	974380168
sel_scaf	521	72	974380168
sel_scaf	522	72	974380168
sel_scaf	523	80	974380168
sel_scaf	524	54	974380168
sel_scaf	525	48	974380168
sel_scaf	526	53	974380168
sel_scaf	527	69	974380168
sel_scaf	528	76	974380168
sel_scaf	529	52	974380168
sel_scaf	530	79	974380168
sel_scaf	531	74	974380168
sel_scaf	532	63	974380168
sel_scaf	533	71	974380168
sel_scaf	534	83	974380168
sel_scaf	535	75	974380168
sel_scaf	536	53	974380168
sel_scaf	537	55	974380168
sel_scaf	538	70	974380168
sel_scaf	539	60	974380168
sel_scaf	540	57	974380168
sel_scaf	541	72	974380168
sel_scaf	542	61	974380168
sel_scaf	543	57	974380168
sel_scaf	544	69	974380168
sel_scaf	545	74	974380168
sel_scaf	546	56	974380168
sel_scaf	547	62	974380168
sel_scaf	548	57	974380168
sel_scaf	549	76	974380168
sel_scaf	550	69	974380168
sel_scaf	551	64	974380168
sel_scaf	552	74	974380168
sel_scaf	553	81	974380168
sel_scaf	554	56	974380168
sel_scaf	555	69	974380168
sel_scaf	556	81	974380168
sel_scaf	557	75	974380168
sel_scaf	558	57	974380168
sel_scaf	559	79	974380168
sel_scaf	560	72	974380168
sel_scaf	561	69	974380168
sel_scaf	562	70	974380168
sel_scaf	563	68	974380168
sel_scaf	564	59	974380168
sel_scaf	565	77	974380168
sel_scaf	566	72	974380168
sel_scaf	567	67	974380168
sel_scaf	568	59	974380168
sel_scaf	569	83	974380168
sel_scaf	570	70	974380168
sel_scaf	571	48	974380168
sel_scaf	572	63	974380168
sel_scaf	573	64	974380168
sel_scaf	574	50	974380168
sel_scaf	575	70	974380168
sel_scaf	576	61	974380168
sel_scaf	577	69	974380168
sel_scaf	578	67	974380168
sel_scaf	579	57	974380168
sel_scaf	580	67	974380168
sel_scaf	581	58	974380168
sel_scaf	582	85	974380168
sel_scaf	583	59	974380168
sel_scaf	584	63	974380168
sel_scaf	585	53	974380168
sel_scaf	586	77	974380168
sel_scaf	587	46	974380168
sel_scaf	588	43	974380168
sel_scaf	589	51	974380168
sel_scaf	590	59	974380168
sel_scaf	591	63	974380168
sel_scaf	592	54	974380168
sel_scaf	593	60	974380168
sel_scaf	594	61	974380168
sel_scaf	595	61	974380168
sel_scaf	596	76	974380168
sel_scaf	597	59	974380168
sel_scaf	598	59	974380168
sel_scaf	599	60	974380168
sel_scaf	600	55	974380168
sel_scaf	601	84	974380168
sel_scaf	602	75	974380168
sel_scaf	603	58	974380168
sel_scaf	604	35	974380168
sel_scaf	605	53	974380168
sel_scaf	606	45	974380168
sel_scaf	607	54	974380168
sel_scaf	608	58	974380168
sel_scaf	609	58	974380168
sel_scaf	610	65	974380168
sel_scaf	611	52	974380168
sel_scaf	612	48	974380168
sel_scaf	613	83	974380168
sel_scaf	614	59	974380168
sel_scaf	615	57	974380168
sel_scaf	616	55	974380168
sel_scaf	617	70	974380168
sel_scaf	618	59	974380168
sel_scaf	619	72	974380168
sel_scaf	620	79	974380168
sel_scaf	621	69	974380168
sel_scaf	622	55	974380168
sel_scaf	623	67	974380168
sel_scaf	624	47	974380168
sel_scaf	625	54	974380168
sel_scaf	626	56	974380168
sel_scaf	627	54	974380168
sel_scaf	628	53	974380168
sel_scaf	629	57	974380168
sel_scaf	630	57	974380168
sel_scaf	631	62	974380168
sel_scaf	632	53	974380168
sel_scaf	633	41	974380168
sel_scaf	634	70	974380168
sel_scaf	635	69	974380168
sel_scaf	636	51	974380168
sel_scaf	637	40	974380168
sel_scaf	638	68	974380168
sel_scaf	639	45	974380168
sel_scaf	640	49	974380168
sel_scaf	641	61	974380168
sel_scaf	642	36	974380168
sel_scaf	643	47	974380168
sel_scaf	644	33	974380168
sel_scaf	645	46	974380168
sel_scaf	646	44	974380168
sel_scaf	647	39	974380168
sel_scaf	648	49	974380168
sel_scaf	649	51	974380168
sel_scaf	650	67	974380168
sel_scaf	651	51	974380168
sel_scaf	652	45	974380168
sel_scaf	653	75	974380168
sel_scaf	654	58	974380168
sel_scaf	655	41	974380168
sel_scaf	656	60	974380168
sel_scaf	657	41	974380168
sel_scaf	658	51	974380168
sel_scaf	659	32	974380168
sel_scaf	660	39	974380168
sel_scaf	661	39	974380168
sel_scaf	662	46	974380168
sel_scaf	663	43	974380168
sel_scaf	664	44	974380168
sel_scaf	665	36	974380168
sel_scaf	666	48	974380168
sel_scaf	667	38	974380168
sel_scaf	668	49	974380168
sel_scaf	669	47	974380168
sel_scaf	670	52	974380168
sel_scaf	671	67	974380168
sel_scaf	672	55	974380168
sel_scaf	673	50	974380168
sel_scaf	674	62	974380168
sel_scaf	675	44	974380168
sel_scaf	676	57	974380168
sel_scaf	677	43	974380168
sel_scaf	678	44	974380168
sel_scaf	679	39	974380168
sel_scaf	680	35	974380168
sel_scaf	681	38	974380168
sel_scaf	682	44	974380168
sel_scaf	683	56	974380168
sel_scaf	684	44	974380168
sel_scaf	685	38	974380168
sel_scaf	686	44	974380168
sel_scaf	687	51	974380168
sel_scaf	688	40	974380168
sel_scaf	689	51	974380168
sel_scaf	690	47	974380168
sel_scaf	691	47	974380168
sel_scaf	692	46	974380168
sel_scaf	693	64	974380168
sel_scaf	694	43	974380168
sel_scaf	695	45	974380168
sel_scaf	696	48	974380168
sel_scaf	697	47	974380168
sel_scaf	698	49	974380168
sel_scaf	699	54	974380168
sel_scaf	700	53	974380168
sel_scaf	701	34	974380168
sel_scaf	702	35	974380168
sel_scaf	703	40	974380168
sel_scaf	704	40	974380168
sel_scaf	705	34	974380168
sel_scaf	706	35	974380168
sel_scaf	707	34	974380168
sel_scaf	708	43	974380168
sel_scaf	709	41	974380168
sel_scaf	710	40	974380168
sel_scaf	711	39	974380168
sel_scaf	712	43	974380168
sel_scaf	713	47	974380168
sel_scaf	714	41	974380168
sel_scaf	715	30	974380168
sel_scaf	716	43	974380168
sel_scaf	717	43	974380168
sel_scaf	718	25	974380168
sel_scaf	719	44	974380168
sel_scaf	720	39	974380168
sel_scaf	721	28	974380168
sel_scaf	722	44	974380168
sel_scaf	723	34	974380168
sel_scaf	724	32	974380168
sel_scaf	725	36	974380168
sel_scaf	726	45	974380168
sel_scaf	727	25	974380168
sel_scaf	728	34	974380168
sel_scaf	729	35	974380168
sel_scaf	730	34	974380168
sel_scaf	731	33	974380168
sel_scaf	732	22	974380168
sel_scaf	733	35	974380168
sel_scaf	734	33	974380168
sel_scaf	735	36	974380168
sel_scaf	736	41	974380168
sel_scaf	737	39	974380168
sel_scaf	738	26	974380168
sel_scaf	739	33	974380168
sel_scaf	740	28	974380168
sel_scaf	741	28	974380168
sel_scaf	742	26	974380168
sel_scaf	743	40	974380168
sel_scaf	744	29	974380168
sel_scaf	745	33	974380168
sel_scaf	746	40	974380168
sel_scaf	747	35	974380168
sel_scaf	748	30	974380168
sel_scaf	749	27	974380168
sel_scaf	750	26	974380168
sel_scaf	751	28	974380168
sel_scaf	752	36	974380168
sel_scaf	753	51	974380168
sel_scaf	754	30	974380168
sel_scaf	755	33	974380168
sel_scaf	756	29	974380168
sel_scaf	757	47	974380168
sel_scaf	758	36	974380168
sel_scaf	759	36	974380168
sel_scaf	760	61	974380168
sel_scaf	761	59	974380168
sel_scaf	762	42	974380168
sel_scaf	763	46	974380168
sel_scaf	764	29	974380168
sel_scaf	765	31	974380168
sel_scaf	766	35	974380168
sel_scaf	767	63	974380168
sel_scaf	768	40	974380168
sel_scaf	769	32	974380168
sel_scaf	770	39	974380168
sel_scaf	771	34	974380168
sel_scaf	772	33	974380168
sel_scaf	773	31	974380168
sel_scaf	774	27	974380168
sel_scaf	775	19	974380168
sel_scaf	776	34	974380168
sel_scaf	777	27	974380168
sel_scaf	778	34	974380168
sel_scaf	779	35	974380168
sel_scaf	780	29	974380168
sel_scaf	781	29	974380168
sel_scaf	782	36	974380168
sel_scaf	783	33	974380168
sel_scaf	784	39	974380168
sel_scaf	785	28	974380168
sel_scaf	786	27	974380168
sel_scaf	787	41	974380168
sel_scaf	788	37	974380168
sel_scaf	789	33	974380168
sel_scaf	790	39	974380168
sel_scaf	791	29	974380168
sel_scaf	792	37	974380168
sel_scaf	793	36	974380168
sel_scaf	794	32	974380168
sel_scaf	795	39	974380168
sel_scaf	796	35	974380168
sel_scaf	797	44	974380168
sel_scaf	798	32	974380168
sel_scaf	799	39	974380168
sel_scaf	800	42	974380168
sel_scaf	801	30	974380168
sel_scaf	802	30	974380168
sel_scaf	803	38	974380168
sel_scaf	804	30	974380168
sel_scaf	805	38	974380168
sel_scaf	806	31	974380168
sel_scaf	807	33	974380168
sel_scaf	808	36	974380168
sel_scaf	809	39	974380168
sel_scaf	810	37	974380168
sel_scaf	811	28	974380168
sel_scaf	812	27	974380168
sel_scaf	813	24	974380168
sel_scaf	814	22	974380168
sel_scaf	815	27	974380168
sel_scaf	816	32	974380168
sel_scaf	817	30	974380168
sel_scaf	818	35	974380168
sel_scaf	819	21	974380168
sel_scaf	820	35	974380168
sel_scaf	821	32	974380168
sel_scaf	822	28	974380168
sel_scaf	823	35	974380168
sel_scaf	824	26	974380168
sel_scaf	825	31	974380168
sel_scaf	826	31	974380168
sel_scaf	827	25	974380168
sel_scaf	828	23	974380168
sel_scaf	829	36	974380168
sel_scaf	830	44	974380168
sel_scaf	831	35	974380168
sel_scaf	832	38	974380168
sel_scaf	833	27	974380168
sel_scaf	834	25	974380168
sel_scaf	835	22	974380168
sel_scaf	836	31	974380168
sel_scaf	837	30	974380168
sel_scaf	838	33	974380168
sel_scaf	839	28	974380168
sel_scaf	840	29	974380168
sel_scaf	841	19	974380168
sel_scaf	842	26	974380168
sel_scaf	843	21	974380168
sel_scaf	844	20	974380168
sel_scaf	845	33	974380168
sel_scaf	846	24	974380168
sel_scaf	847	27	974380168
sel_scaf	848	30	974380168
sel_scaf	849	27	974380168
sel_scaf	850	22	974380168
sel_scaf	851	24	974380168
sel_scaf	852	17	974380168
sel_scaf	853	25	974380168
sel_scaf	854	24	974380168
sel_scaf	855	24	974380168
sel_scaf	856	28	974380168
sel_scaf	857	22	974380168
sel_scaf	858	20	974380168
sel_scaf	859	18	974380168
sel_scaf	860	15	974380168
sel_scaf	861	27	974380168
sel_scaf	862	22	974380168
sel_scaf	863	24	974380168
sel_scaf	864	13	974380168
sel_scaf	865	24	974380168
sel_scaf	866	25	974380168
sel_scaf	867	17	974380168
sel_scaf	868	24	974380168
sel_scaf	869	16	974380168
sel_scaf	870	25	974380168
sel_scaf	871	20	974380168
sel_scaf	872	18	974380168
sel_scaf	873	23	974380168
sel_scaf	874	17	974380168
sel_scaf	875	26	974380168
sel_scaf	876	22	974380168
sel_scaf	877	17	974380168
sel_scaf	878	27	974380168
sel_scaf	879	20	974380168
sel_scaf	880	13	974380168
sel_scaf	881	20	974380168
sel_scaf	882	21	974380168
sel_scaf	883	18	974380168
sel_scaf	884	26	974380168
sel_scaf	885	16	974380168
sel_scaf	886	23	974380168
sel_scaf	887	22	974380168
sel_scaf	888	21	974380168
sel_scaf	889	20	974380168
sel_scaf	890	25	974380168
sel_scaf	891	19	974380168
sel_scaf	892	22	974380168
sel_scaf	893	28	974380168
sel_scaf	894	27	974380168
sel_scaf	895	26	974380168
sel_scaf	896	47	974380168
sel_scaf	897	25	974380168
sel_scaf	898	37	974380168
sel_scaf	899	16	974380168
sel_scaf	900	20	974380168
sel_scaf	901	23	974380168
sel_scaf	902	25	974380168
sel_scaf	903	24	974380168
sel_scaf	904	27	974380168
sel_scaf	905	31	974380168
sel_scaf	906	22	974380168
sel_scaf	907	27	974380168
sel_scaf	908	30	974380168
sel_scaf	909	20	974380168
sel_scaf	910	23	974380168
sel_scaf	911	18	974380168
sel_scaf	912	21	974380168
sel_scaf	913	19	974380168
sel_scaf	914	21	974380168
sel_scaf	915	19	974380168
sel_scaf	916	16	974380168
sel_scaf	917	20	974380168
sel_scaf	918	23	974380168
sel_scaf	919	18	974380168
sel_scaf	920	25	974380168
sel_scaf	921	32	974380168
sel_scaf	922	13	974380168
sel_scaf	923	13	974380168
sel_scaf	924	23	974380168
sel_scaf	925	15	974380168
sel_scaf	926	20	974380168
sel_scaf	927	18	974380168
sel_scaf	928	11	974380168
sel_scaf	929	17	974380168
sel_scaf	930	19	974380168
sel_scaf	931	15	974380168
sel_scaf	932	26	974380168
sel_scaf	933	12	974380168
sel_scaf	934	15	974380168
sel_scaf	935	20	974380168
sel_scaf	936	17	974380168
sel_scaf	937	14	974380168
sel_scaf	938	21	974380168
sel_scaf	939	27	974380168
sel_scaf	940	10	974380168
sel_scaf	941	15	974380168
sel_scaf	942	29	974380168
sel_scaf	943	13	974380168
sel_scaf	944	20	974380168
sel_scaf	945	21	974380168
sel_scaf	946	32	974380168
sel_scaf	947	20	974380168
sel_scaf	948	18	974380168
sel_scaf	949	10	974380168
sel_scaf	950	19	974380168
sel_scaf	951	13	974380168
sel_scaf	952	19	974380168
sel_scaf	953	13	974380168
sel_scaf	954	14	974380168
sel_scaf	955	24	974380168
sel_scaf	956	15	974380168
sel_scaf	957	8	974380168
sel_scaf	958	9	974380168
sel_scaf	959	17	974380168
sel_scaf	960	19	974380168
sel_scaf	961	15	974380168
sel_scaf	962	18	974380168
sel_scaf	963	28	974380168
sel_scaf	964	36	974380168
sel_scaf	965	34	974380168
sel_scaf	966	14	974380168
sel_scaf	967	23	974380168
sel_scaf	968	30	974380168
sel_scaf	969	22	974380168
sel_scaf	970	18	974380168
sel_scaf	971	25	974380168
sel_scaf	972	23	974380168
sel_scaf	973	22	974380168
sel_scaf	974	11	974380168
sel_scaf	975	19	974380168
sel_scaf	976	33	974380168
sel_scaf	977	34	974380168
sel_scaf	978	26	974380168
sel_scaf	979	26	974380168
sel_scaf	980	24	974380168
sel_scaf	981	24	974380168
sel_scaf	982	25	974380168
sel_scaf	983	26	974380168
sel_scaf	984	19	974380168
sel_scaf	985	10	974380168
sel_scaf	986	13	974380168
sel_scaf	987	20	974380168
sel_scaf	988	19	974380168
sel_scaf	989	20	974380168
sel_scaf	990	20	974380168
sel_scaf	991	14	974380168
sel_scaf	992	13	974380168
sel_scaf	993	19	974380168
sel_scaf	994	20	974380168
sel_scaf	995	11	974380168
sel_scaf	996	21	974380168
sel_scaf	997	19	974380168
sel_scaf	998	15	974380168
sel_scaf	999	21	974380168
sel_scaf	1000	14	974380168
sel_scaf	1001	16	974380168
sel_scaf	1002	11	974380168
sel_scaf	1003	11	974380168
sel_scaf	1004	10	974380168
sel_scaf	1005	19	974380168
sel_scaf	1006	12	974380168
sel_scaf	1007	19	974380168
sel_scaf	1008	21	974380168
sel_scaf	1009	13	974380168
sel_scaf	1010	18	974380168
sel_scaf	1011	18	974380168
sel_scaf	1012	15	974380168
sel_scaf	1013	15	974380168
sel_scaf	1014	13	974380168
sel_scaf	1015	17	974380168
sel_scaf	1016	15	974380168
sel_scaf	1017	16	974380168
sel_scaf	1018	16	974380168
sel_scaf	1019	13	974380168
sel_scaf	1020	14	974380168
sel_scaf	1021	13	974380168
sel_scaf	1022	14	974380168
sel_scaf	1023	14	974380168
sel_scaf	1024	15	974380168
sel_scaf	1025	22	974380168
sel_scaf	1026	16	974380168
sel_scaf	1027	10	974380168
sel_scaf	1028	13	974380168
sel_scaf	1029	19	974380168
sel_scaf	1030	9	974380168
sel_scaf	1031	20	974380168
sel_scaf	1032	19	974380168
sel_scaf	1033	13	974380168
sel_scaf	1034	11	974380168
sel_scaf	1035	13	974380168
sel_scaf	1036	17	974380168
sel_scaf	1037	14	974380168
sel_scaf	1038	15	974380168
sel_scaf	1039	13	974380168
sel_scaf	1040	14	974380168
sel_scaf	1041	8	974380168
sel_scaf	1042	12	974380168
sel_scaf	1043	20	974380168
sel_scaf	1044	26	974380168
sel_scaf	1045	13	974380168
sel_scaf	1046	15	974380168
sel_scaf	1047	13	974380168
sel_scaf	1048	16	974380168
sel_scaf	1049	18	974380168
sel_scaf	1050	9	974380168
sel_scaf	1051	12	974380168
sel_scaf	1052	16	974380168
sel_scaf	1053	10	974380168
sel_scaf	1054	9	974380168
sel_scaf	1055	17	974380168
sel_scaf	1056	9	974380168
sel_scaf	1057	15	974380168
sel_scaf	1058	13	974380168
sel_scaf	1059	10	974380168
sel_scaf	1060	10	974380168
sel_scaf	1061	11	974380168
sel_scaf	1062	10	974380168
sel_scaf	1063	11	974380168
sel_scaf	1064	11	974380168
sel_scaf	1065	22	974380168
sel_scaf	1066	22	974380168
sel_scaf	1067	18	974380168
sel_scaf	1068	21	974380168
sel_scaf	1069	18	974380168
sel_scaf	1070	21	974380168
sel_scaf	1071	15	974380168
sel_scaf	1072	24	974380168
sel_scaf	1073	16	974380168
sel_scaf	1074	16	974380168
sel_scaf	1075	15	974380168
sel_scaf	1076	25	974380168
sel_scaf	1077	16	974380168
sel_scaf	1078	9	974380168
sel_scaf	1079	16	974380168
sel_scaf	1080	18	974380168
sel_scaf	1081	11	974380168
sel_scaf	1082	9	974380168
sel_scaf	1083	10	974380168
sel_scaf	1084	15	974380168
sel_scaf	1085	17	974380168
sel_scaf	1086	8	974380168
sel_scaf	1087	8	974380168
sel_scaf	1088	13	974380168
sel_scaf	1089	4	974380168
sel_scaf	1090	11	974380168
sel_scaf	1091	9	974380168
sel_scaf	1092	16	974380168
sel_scaf	1093	12	974380168
sel_scaf	1094	15	974380168
sel_scaf	1095	17	974380168
sel_scaf	1096	6	974380168
sel_scaf	1097	3	974380168
sel_scaf	1098	10	974380168
sel_scaf	1099	6	974380168
sel_scaf	1100	13	974380168
sel_scaf	1101	13	974380168
sel_scaf	1102	9	974380168
sel_scaf	1103	10	974380168
sel_scaf	1104	17	974380168
sel_scaf	1105	19	974380168
sel_scaf	1106	14	974380168
sel_scaf	1107	10	974380168
sel_scaf	1108	15	974380168
sel_scaf	1109	51	974380168
sel_scaf	1110	16	974380168
sel_scaf	1111	12	974380168
sel_scaf	1112	10	974380168
sel_scaf	1113	9	974380168
sel_scaf	1114	17	974380168
sel_scaf	1115	10	974380168
sel_scaf	1116	21	974380168
sel_scaf	1117	20	974380168
sel_scaf	1118	11	974380168
sel_scaf	1119	17	974380168
sel_scaf	1120	9	974380168
sel_scaf	1121	11	974380168
sel_scaf	1122	15	974380168
sel_scaf	1123	9	974380168
sel_scaf	1124	16	974380168
sel_scaf	1125	9	974380168
sel_scaf	1126	11	974380168
sel_scaf	1127	12	974380168
sel_scaf	1128	15	974380168
sel_scaf	1129	15	974380168
sel_scaf	1130	10	974380168
sel_scaf	1131	7	974380168
sel_scaf	1132	15	974380168
sel_scaf	1133	11	974380168
sel_scaf	1134	17	974380168
sel_scaf	1135	18	974380168
sel_scaf	1136	9	974380168
sel_scaf	1137	15	974380168
sel_scaf	1138	15	974380168
sel_scaf	1139	17	974380168
sel_scaf	1140	18	974380168
sel_scaf	1141	18	974380168
sel_scaf	1142	21	974380168
sel_scaf	1143	17	974380168
sel_scaf	1144	12	974380168
sel_scaf	1145	11	974380168
sel_scaf	1146	12	974380168
sel_scaf	1147	16	974380168
sel_scaf	1148	14	974380168
sel_scaf	1149	14	974380168
sel_scaf	1150	11	974380168
sel_scaf	1151	17	974380168
sel_scaf	1152	23	974380168
sel_scaf	1153	13	974380168
sel_scaf	1154	12	974380168
sel_scaf	1155	13	974380168
sel_scaf	1156	21	974380168
sel_scaf	1157	21	974380168
sel_scaf	1158	23	974380168
sel_scaf	1159	24	974380168
sel_scaf	1160	18	974380168
sel_scaf	1161	18	974380168
sel_scaf	1162	14	974380168
sel_scaf	1163	17	974380168
sel_scaf	1164	22	974380168
sel_scaf	1165	14	974380168
sel_scaf	1166	13	974380168
sel_scaf	1167	6	974380168
sel_scaf	1168	13	974380168
sel_scaf	1169	12	974380168
sel_scaf	1170	12	974380168
sel_scaf	1171	10	974380168
sel_scaf	1172	13	974380168
sel_scaf	1173	7	974380168
sel_scaf	1174	8	974380168
sel_scaf	1175	9	974380168
sel_scaf	1176	6	974380168
sel_scaf	1177	15	974380168
sel_scaf	1178	9	974380168
sel_scaf	1179	11	974380168
sel_scaf	1180	13	974380168
sel_scaf	1181	15	974380168
sel_scaf	1182	8	974380168
sel_scaf	1183	13	974380168
sel_scaf	1184	13	974380168
sel_scaf	1185	20	974380168
sel_scaf	1186	10	974380168
sel_scaf	1187	7	974380168
sel_scaf	1188	13	974380168
sel_scaf	1189	7	974380168
sel_scaf	1190	13	974380168
sel_scaf	1191	11	974380168
sel_scaf	1192	14	974380168
sel_scaf	1193	12	974380168
sel_scaf	1194	15	974380168
sel_scaf	1195	6	974380168
sel_scaf	1196	14	974380168
sel_scaf	1197	12	974380168
sel_scaf	1198	12	974380168
sel_scaf	1199	10	974380168
sel_scaf	1200	9	974380168
sel_scaf	1201	11	974380168
sel_scaf	1202	15	974380168
sel_scaf	1203	10	974380168
sel_scaf	1204	13	974380168
sel_scaf	1205	18	974380168
sel_scaf	1206	9	974380168
sel_scaf	1207	9	974380168
sel_scaf	1208	13	974380168
sel_scaf	1209	9	974380168
sel_scaf	1210	8	974380168
sel_scaf	1211	19	974380168
sel_scaf	1212	11	974380168
sel_scaf	1213	9	974380168
sel_scaf	1214	3	974380168
sel_scaf	1215	13	974380168
sel_scaf	1216	16	974380168
sel_scaf	1217	11	974380168
sel_scaf	1218	15	974380168
sel_scaf	1219	14	974380168
sel_scaf	1220	11	974380168
sel_scaf	1221	11	974380168
sel_scaf	1222	12	974380168
sel_scaf	1223	8	974380168
sel_scaf	1224	18	974380168
sel_scaf	1225	17	974380168
sel_scaf	1226	13	974380168
sel_scaf	1227	9	974380168
sel_scaf	1228	8	974380168
sel_scaf	1229	8	974380168
sel_scaf	1230	10	974380168
sel_scaf	1231	18	974380168
sel_scaf	1232	6	974380168
sel_scaf	1233	16	974380168
sel_scaf	1234	13	974380168
sel_scaf	1235	14	974380168
sel_scaf	1236	12	974380168
sel_scaf	1237	11	974380168
sel_scaf	1238	8	974380168
sel_scaf	1239	10	974380168
sel_scaf	1240	7	974380168
sel_scaf	1241	5	974380168
sel_scaf	1242	11	974380168
sel_scaf	1243	8	974380168
sel_scaf	1244	10	974380168
sel_scaf	1245	7	974380168
sel_scaf	1246	11	974380168
sel_scaf	1247	11	974380168
sel_scaf	1248	6	974380168
sel_scaf	1249	8	974380168
sel_scaf	1250	7	974380168
sel_scaf	1251	7	974380168
sel_scaf	1252	10	974380168
sel_scaf	1253	15	974380168
sel_scaf	1254	8	974380168
sel_scaf	1255	6	974380168
sel_scaf	1256	17	974380168
sel_scaf	1257	8	974380168
sel_scaf	1258	11	974380168
sel_scaf	1259	4	974380168
sel_scaf	1260	12	974380168
sel_scaf	1261	22	974380168
sel_scaf	1262	8	974380168
sel_scaf	1263	14	974380168
sel_scaf	1264	20	974380168
sel_scaf	1265	6	974380168
sel_scaf	1266	16	974380168
sel_scaf	1267	13	974380168
sel_scaf	1268	15	974380168
sel_scaf	1269	7	974380168
sel_scaf	1270	12	974380168
sel_scaf	1271	14	974380168
sel_scaf	1272	13	974380168
sel_scaf	1273	7	974380168
sel_scaf	1274	7	974380168
sel_scaf	1275	13	974380168
sel_scaf	1276	8	974380168
sel_scaf	1277	10	974380168
sel_scaf	1278	21	974380168
sel_scaf	1279	11	974380168
sel_scaf	1280	5	974380168
sel_scaf	1281	6	974380168
sel_scaf	1282	4	974380168
sel_scaf	1283	8	974380168
sel_scaf	1284	12	974380168
sel_scaf	1285	15	974380168
sel_scaf	1286	4	974380168
sel_scaf	1287	11	974380168
sel_scaf	1288	9	974380168
sel_scaf	1289	11	974380168
sel_scaf	1290	5	974380168
sel_scaf	1291	12	974380168
sel_scaf	1292	8	974380168
sel_scaf	1293	6	974380168
sel_scaf	1294	9	974380168
sel_scaf	1295	5	974380168
sel_scaf	1296	7	974380168
sel_scaf	1297	13	974380168
sel_scaf	1298	13	974380168
sel_scaf	1299	9	974380168
sel_scaf	1300	10	974380168
sel_scaf	1301	3	974380168
sel_scaf	1302	9	974380168
sel_scaf	1303	5	974380168
sel_scaf	1304	11	974380168
sel_scaf	1305	14	974380168
sel_scaf	1306	9	974380168
sel_scaf	1307	4	974380168
sel_scaf	1308	11	974380168
sel_scaf	1309	8	974380168
sel_scaf	1310	9	974380168
sel_scaf	1311	11	974380168
sel_scaf	1312	5	974380168
sel_scaf	1313	15	974380168
sel_scaf	1314	7	974380168
sel_scaf	1315	8	974380168
sel_scaf	1316	8	974380168
sel_scaf	1317	9	974380168
sel_scaf	1318	4	974380168
sel_scaf	1319	8	974380168
sel_scaf	1320	9	974380168
sel_scaf	1321	11	974380168
sel_scaf	1322	10	974380168
sel_scaf	1323	8	974380168
sel_scaf	1324	9	974380168
sel_scaf	1325	7	974380168
sel_scaf	1326	15	974380168
sel_scaf	1327	8	974380168
sel_scaf	1328	11	974380168
sel_scaf	1329	9	974380168
sel_scaf	1330	14	974380168
sel_scaf	1331	13	974380168
sel_scaf	1332	11	974380168
sel_scaf	1333	7	974380168
sel_scaf	1334	11	974380168
sel_scaf	1335	6	974380168
sel_scaf	1336	9	974380168
sel_scaf	1337	6	974380168
sel_scaf	1338	13	974380168
sel_scaf	1339	14	974380168
sel_scaf	1340	15	974380168
sel_scaf	1341	8	974380168
sel_scaf	1342	10	974380168
sel_scaf	1343	9	974380168
sel_scaf	1344	14	974380168
sel_scaf	1345	11	974380168
sel_scaf	1346	10	974380168
sel_scaf	1347	5	974380168
sel_scaf	1348	15	974380168
sel_scaf	1349	12	974380168
sel_scaf	1350	9	974380168
sel_scaf	1351	6	974380168
sel_scaf	1352	7	974380168
sel_scaf	1353	7	974380168
sel_scaf	1354	15	974380168
sel_scaf	1355	6	974380168
sel_scaf	1356	4	974380168
sel_scaf	1357	10	974380168
sel_scaf	1358	10	974380168
sel_scaf	1359	10	974380168
sel_scaf	1360	12	974380168
sel_scaf	1361	8	974380168
sel_scaf	1362	10	974380168
sel_scaf	1363	11	974380168
sel_scaf	1364	4	974380168
sel_scaf	1365	14	974380168
sel_scaf	1366	8	974380168
sel_scaf	1367	6	974380168
sel_scaf	1368	9	974380168
sel_scaf	1369	9	974380168
sel_scaf	1370	7	974380168
sel_scaf	1371	10	974380168
sel_scaf	1372	11	974380168
sel_scaf	1373	10	974380168
sel_scaf	1374	12	974380168
sel_scaf	1375	8	974380168
sel_scaf	1376	12	974380168
sel_scaf	1377	9	974380168
sel_scaf	1378	16	974380168
sel_scaf	1379	13	974380168
sel_scaf	1380	18	974380168
sel_scaf	1381	14	974380168
sel_scaf	1382	11	974380168
sel_scaf	1383	17	974380168
sel_scaf	1384	14	974380168
sel_scaf	1385	5	974380168
sel_scaf	1386	7	974380168
sel_scaf	1387	7	974380168
sel_scaf	1388	5	974380168
sel_scaf	1389	6	974380168
sel_scaf	1390	2	974380168
sel_scaf	1391	9	974380168
sel_scaf	1392	6	974380168
sel_scaf	1393	7	974380168
sel_scaf	1394	7	974380168
sel_scaf	1395	7	974380168
sel_scaf	1396	5	974380168
sel_scaf	1397	5	974380168
sel_scaf	1398	6	974380168
sel_scaf	1399	4	974380168
sel_scaf	1400	4	974380168
sel_scaf	1401	3	974380168
sel_scaf	1402	7	974380168
sel_scaf	1403	5	974380168
sel_scaf	1404	7	974380168
sel_scaf	1405	6	974380168
sel_scaf	1406	5	974380168
sel_scaf	1407	9	974380168
sel_scaf	1408	6	974380168
sel_scaf	1409	4	974380168
sel_scaf	1410	8	974380168
sel_scaf	1411	5	974380168
sel_scaf	1412	8	974380168
sel_scaf	1413	9	974380168
sel_scaf	1414	5	974380168
sel_scaf	1415	7	974380168
sel_scaf	1416	9	974380168
sel_scaf	1417	6	974380168
sel_scaf	1418	7	974380168
sel_scaf	1419	4	974380168
sel_scaf	1420	6	974380168
sel_scaf	1421	13	974380168
sel_scaf	1422	13	974380168
sel_scaf	1423	1	974380168
sel_scaf	1424	6	974380168
sel_scaf	1425	7	974380168
sel_scaf	1426	9	974380168
sel_scaf	1427	9	974380168
sel_scaf	1428	6	974380168
sel_scaf	1429	4	974380168
sel_scaf	1430	4	974380168
sel_scaf	1431	8	974380168
sel_scaf	1432	5	974380168
sel_scaf	1433	8	974380168
sel_scaf	1434	7	974380168
sel_scaf	1435	7	974380168
sel_scaf	1436	5	974380168
sel_scaf	1437	4	974380168
sel_scaf	1438	10	974380168
sel_scaf	1439	6	974380168
sel_scaf	1440	6	974380168
sel_scaf	1441	14	974380168
sel_scaf	1442	7	974380168
sel_scaf	1443	11	974380168
sel_scaf	1444	7	974380168
sel_scaf	1445	13	974380168
sel_scaf	1446	7	974380168
sel_scaf	1447	5	974380168
sel_scaf	1448	4	974380168
sel_scaf	1449	10	974380168
sel_scaf	1450	9	974380168
sel_scaf	1451	9	974380168
sel_scaf	1452	7	974380168
sel_scaf	1453	6	974380168
sel_scaf	1454	8	974380168
sel_scaf	1455	5	974380168
sel_scaf	1456	5	974380168
sel_scaf	1457	4	974380168
sel_scaf	1458	7	974380168
sel_scaf	1459	3	974380168
sel_scaf	1460	6	974380168
sel_scaf	1461	5	974380168
sel_scaf	1462	8	974380168
sel_scaf	1463	5	974380168
sel_scaf	1464	4	974380168
sel_scaf	1465	3	974380168
sel_scaf	1466	6	974380168
sel_scaf	1467	5	974380168
sel_scaf	1468	10	974380168
sel_scaf	1469	8	974380168
sel_scaf	1470	4	974380168
sel_scaf	1471	1	974380168
sel_scaf	1472	3	974380168
sel_scaf	1473	4	974380168
sel_scaf	1474	4	974380168
sel_scaf	1475	4	974380168
sel_scaf	1476	4	974380168
sel_scaf	1477	5	974380168
sel_scaf	1478	5	974380168
sel_scaf	1479	5	974380168
sel_scaf	1480	5	974380168
sel_scaf	1481	5	974380168
sel_scaf	1482	5	974380168
sel_scaf	1483	2	974380168
sel_scaf	1484	3	974380168
sel_scaf	1485	3	974380168
sel_scaf	1486	2	974380168
sel_scaf	1487	1	974380168
sel_scaf	1488	3	974380168
sel_scaf	1489	2	974380168
sel_scaf	1490	1	974380168
sel_scaf	1491	8	974380168
sel_scaf	1492	4	974380168
sel_scaf	1493	1	974380168
sel_scaf	1494	2	974380168
sel_scaf	1495	2	974380168
sel_scaf	1496	4	974380168
sel_scaf	1497	6	974380168
sel_scaf	1498	2	974380168
sel_scaf	1499	8	974380168
sel_scaf	1500	6	974380168
sel_scaf	1501	6	974380168
sel_scaf	1502	2	974380168
sel_scaf	1503	4	974380168
sel_scaf	1504	5	974380168
sel_scaf	1505	9	974380168
sel_scaf	1506	4	974380168
sel_scaf	1507	4	974380168
sel_scaf	1508	4	974380168
sel_scaf	1509	2	974380168
sel_scaf	1510	3	974380168
sel_scaf	1511	3	974380168
sel_scaf	1512	2	974380168
sel_scaf	1513	11	974380168
sel_scaf	1514	4	974380168
sel_scaf	1515	2	974380168
sel_scaf	1516	7	974380168
sel_scaf	1517	3	974380168
sel_scaf	1518	5	974380168
sel_scaf	1519	6	974380168
sel_scaf	1520	4	974380168
sel_scaf	1521	6	974380168
sel_scaf	1522	3	974380168
sel_scaf	1523	7	974380168
sel_scaf	1524	2	974380168
sel_scaf	1525	5	974380168
sel_scaf	1526	4	974380168
sel_scaf	1527	5	974380168
sel_scaf	1528	6	974380168
sel_scaf	1529	3	974380168
sel_scaf	1530	7	974380168
sel_scaf	1531	2	974380168
sel_scaf	1532	5	974380168
sel_scaf	1533	3	974380168
sel_scaf	1534	6	974380168
sel_scaf	1535	5	974380168
sel_scaf	1536	15	974380168
sel_scaf	1537	5	974380168
sel_scaf	1538	6	974380168
sel_scaf	1539	3	974380168
sel_scaf	1540	3	974380168
sel_scaf	1541	3	974380168
sel_scaf	1542	7	974380168
sel_scaf	1543	3	974380168
sel_scaf	1544	6	974380168
sel_scaf	1545	2	974380168
sel_scaf	1546	5	974380168
sel_scaf	1547	6	974380168
sel_scaf	1548	2	974380168
sel_scaf	1549	5	974380168
sel_scaf	1550	2	974380168
sel_scaf	1551	4	974380168
sel_scaf	1552	4	974380168
sel_scaf	1553	4	974380168
sel_scaf	1554	4	974380168
sel_scaf	1555	4	974380168
sel_scaf	1556	7	974380168
sel_scaf	1557	2	974380168
sel_scaf	1558	2	974380168
sel_scaf	1559	4	974380168
sel_scaf	1560	4	974380168
sel_scaf	1561	7	974380168
sel_scaf	1562	1	974380168
sel_scaf	1563	3	974380168
sel_scaf	1565	2	974380168
sel_scaf	1566	6	974380168
sel_scaf	1567	2	974380168
sel_scaf	1568	1	974380168
sel_scaf	1569	3	974380168
sel_scaf	1570	4	974380168
sel_scaf	1571	5	974380168
sel_scaf	1572	10	974380168
sel_scaf	1573	13	974380168
sel_scaf	1574	16	974380168
sel_scaf	1575	9	974380168
sel_scaf	1576	4	974380168
sel_scaf	1577	4	974380168
sel_scaf	1578	6	974380168
sel_scaf	1579	5	974380168
sel_scaf	1580	7	974380168
sel_scaf	1581	4	974380168
sel_scaf	1582	1	974380168
sel_scaf	1583	3	974380168
sel_scaf	1584	2	974380168
sel_scaf	1585	5	974380168
sel_scaf	1586	3	974380168
sel_scaf	1587	6	974380168
sel_scaf	1588	6	974380168
sel_scaf	1589	5	974380168
sel_scaf	1590	1	974380168
sel_scaf	1591	4	974380168
sel_scaf	1592	4	974380168
sel_scaf	1593	10	974380168
sel_scaf	1594	5	974380168
sel_scaf	1595	8	974380168
sel_scaf	1596	9	974380168
sel_scaf	1597	12	974380168
sel_scaf	1598	1	974380168
sel_scaf	1599	6	974380168
sel_scaf	1600	3	974380168
sel_scaf	1601	7	974380168
sel_scaf	1602	4	974380168
sel_scaf	1603	5	974380168
sel_scaf	1604	11	974380168
sel_scaf	1605	7	974380168
sel_scaf	1606	1	974380168
sel_scaf	1607	7	974380168
sel_scaf	1608	8	974380168
sel_scaf	1609	5	974380168
sel_scaf	1610	7	974380168
sel_scaf	1611	7	974380168
sel_scaf	1612	15	974380168
sel_scaf	1613	6	974380168
sel_scaf	1614	7	974380168
sel_scaf	1615	4	974380168
sel_scaf	1616	5	974380168
sel_scaf	1617	6	974380168
sel_scaf	1618	8	974380168
sel_scaf	1619	5	974380168
sel_scaf	1620	4	974380168
sel_scaf	1621	9	974380168
sel_scaf	1622	5	974380168
sel_scaf	1623	4	974380168
sel_scaf	1624	4	974380168
sel_scaf	1625	5	974380168
sel_scaf	1626	6	974380168
sel_scaf	1627	9	974380168
sel_scaf	1628	3	974380168
sel_scaf	1629	9	974380168
sel_scaf	1630	10	974380168
sel_scaf	1631	7	974380168
sel_scaf	1632	5	974380168
sel_scaf	1633	12	974380168
sel_scaf	1634	18	974380168
sel_scaf	1635	17	974380168
sel_scaf	1636	14	974380168
sel_scaf	1637	4	974380168
sel_scaf	1638	4	974380168
sel_scaf	1639	6	974380168
sel_scaf	1640	10	974380168
sel_scaf	1641	8	974380168
sel_scaf	1642	1	974380168
sel_scaf	1643	6	974380168
sel_scaf	1644	6	974380168
sel_scaf	1645	7	974380168
sel_scaf	1646	7	974380168
sel_scaf	1647	6	974380168
sel_scaf	1648	4	974380168
sel_scaf	1649	6	974380168
sel_scaf	1650	5	974380168
sel_scaf	1651	4	974380168
sel_scaf	1652	4	974380168
sel_scaf	1653	6	974380168
sel_scaf	1654	8	974380168
sel_scaf	1655	5	974380168
sel_scaf	1656	8	974380168
sel_scaf	1657	6	974380168
sel_scaf	1658	5	974380168
sel_scaf	1659	2	974380168
sel_scaf	1660	12	974380168
sel_scaf	1661	5	974380168
sel_scaf	1662	6	974380168
sel_scaf	1663	10	974380168
sel_scaf	1664	7	974380168
sel_scaf	1665	3	974380168
sel_scaf	1666	6	974380168
sel_scaf	1667	7	974380168
sel_scaf	1668	3	974380168
sel_scaf	1669	1	974380168
sel_scaf	1670	11	974380168
sel_scaf	1671	7	974380168
sel_scaf	1672	6	974380168
sel_scaf	1673	3	974380168
sel_scaf	1674	5	974380168
sel_scaf	1675	4	974380168
sel_scaf	1676	5	974380168
sel_scaf	1677	7	974380168
sel_scaf	1678	11	974380168
sel_scaf	1679	2	974380168
sel_scaf	1680	3	974380168
sel_scaf	1681	6	974380168
sel_scaf	1682	5	974380168
sel_scaf	1684	7	974380168
sel_scaf	1685	5	974380168
sel_scaf	1686	3	974380168
sel_scaf	1687	4	974380168
sel_scaf	1688	5	974380168
sel_scaf	1689	3	974380168
sel_scaf	1690	3	974380168
sel_scaf	1691	2	974380168
sel_scaf	1692	4	974380168
sel_scaf	1693	4	974380168
sel_scaf	1695	5	974380168
sel_scaf	1696	2	974380168
sel_scaf	1697	3	974380168
sel_scaf	1698	6	974380168
sel_scaf	1699	2	974380168
sel_scaf	1700	3	974380168
sel_scaf	1701	6	974380168
sel_scaf	1702	9	974380168
sel_scaf	1703	3	974380168
sel_scaf	1704	3	974380168
sel_scaf	1705	7	974380168
sel_scaf	1706	3	974380168
sel_scaf	1707	1	974380168
sel_scaf	1708	4	974380168
sel_scaf	1709	5	974380168
sel_scaf	1710	2	974380168
sel_scaf	1711	13	974380168
sel_scaf	1713	5	974380168
sel_scaf	1714	3	974380168
sel_scaf	1715	5	974380168
sel_scaf	1716	2	974380168
sel_scaf	1717	4	974380168
sel_scaf	1718	4	974380168
sel_scaf	1719	6	974380168
sel_scaf	1720	4	974380168
sel_scaf	1721	5	974380168
sel_scaf	1722	10	974380168
sel_scaf	1723	6	974380168
sel_scaf	1724	2	974380168
sel_scaf	1725	1	974380168
sel_scaf	1726	5	974380168
sel_scaf	1727	2	974380168
sel_scaf	1728	4	974380168
sel_scaf	1729	3	974380168
sel_scaf	1730	6	974380168
sel_scaf	1731	3	974380168
sel_scaf	1732	4	974380168
sel_scaf	1733	1	974380168
sel_scaf	1734	1	974380168
sel_scaf	1736	3	974380168
sel_scaf	1737	5	974380168
sel_scaf	1738	1	974380168
sel_scaf	1739	1	974380168
sel_scaf	1740	3	974380168
sel_scaf	1741	5	974380168
sel_scaf	1742	2	974380168
sel_scaf	1743	3	974380168
sel_scaf	1744	6	974380168
sel_scaf	1745	1	974380168
sel_scaf	1746	4	974380168
sel_scaf	1747	2	974380168
sel_scaf	1748	3	974380168
sel_scaf	1749	5	974380168
sel_scaf	1750	5	974380168
sel_scaf	1751	7	974380168
sel_scaf	1752	9	974380168
sel_scaf	1753	1	974380168
sel_scaf	1754	1	974380168
sel_scaf	1755	3	974380168
sel_scaf	1756	3	974380168
sel_scaf	1757	6	974380168
sel_scaf	1758	4	974380168
sel_scaf	1759	3	974380168
sel_scaf	1760	5	974380168
sel_scaf	1761	2	974380168
sel_scaf	1762	4	974380168
sel_scaf	1763	5	974380168
sel_scaf	1764	5	974380168
sel_scaf	1765	2	974380168
sel_scaf	1766	3	974380168
sel_scaf	1767	4	974380168
sel_scaf	1768	3	974380168
sel_scaf	1770	2	974380168
sel_scaf	1771	3	974380168
sel_scaf	1772	2	974380168
sel_scaf	1774	4	974380168
sel_scaf	1775	3	974380168
sel_scaf	1776	3	974380168
sel_scaf	1777	2	974380168
sel_scaf	1778	1	974380168
sel_scaf	1779	4	974380168
sel_scaf	1781	2	974380168
sel_scaf	1782	5	974380168
sel_scaf	1783	4	974380168
sel_scaf	1784	2	974380168
sel_scaf	1786	4	974380168
sel_scaf	1787	4	974380168
sel_scaf	1788	5	974380168
sel_scaf	1790	5	974380168
sel_scaf	1791	2	974380168
sel_scaf	1792	6	974380168
sel_scaf	1793	2	974380168
sel_scaf	1794	5	974380168
sel_scaf	1795	3	974380168
sel_scaf	1796	4	974380168
sel_scaf	1797	2	974380168
sel_scaf	1798	1	974380168
sel_scaf	1799	2	974380168
sel_scaf	1800	6	974380168
sel_scaf	1801	1	974380168
sel_scaf	1802	2	974380168
sel_scaf	1803	2	974380168
sel_scaf	1804	5	974380168
sel_scaf	1805	3	974380168
sel_scaf	1806	2	974380168
sel_scaf	1807	1	974380168
sel_scaf	1808	2	974380168
sel_scaf	1809	3	974380168
sel_scaf	1810	3	974380168
sel_scaf	1811	7	974380168
sel_scaf	1813	15	974380168
sel_scaf	1814	1	974380168
sel_scaf	1815	3	974380168
sel_scaf	1817	2	974380168
sel_scaf	1818	1	974380168
sel_scaf	1819	4	974380168
sel_scaf	1820	5	974380168
sel_scaf	1821	7	974380168
sel_scaf	1822	3	974380168
sel_scaf	1823	2	974380168
sel_scaf	1824	3	974380168
sel_scaf	1825	5	974380168
sel_scaf	1826	4	974380168
sel_scaf	1827	3	974380168
sel_scaf	1828	4	974380168
sel_scaf	1829	5	974380168
sel_scaf	1830	3	974380168
sel_scaf	1831	7	974380168
sel_scaf	1832	3	974380168
sel_scaf	1833	7	974380168
sel_scaf	1834	3	974380168
sel_scaf	1835	5	974380168
sel_scaf	1836	3	974380168
sel_scaf	1837	4	974380168
sel_scaf	1838	4	974380168
sel_scaf	1839	1	974380168
sel_scaf	1840	3	974380168
sel_scaf	1841	2	974380168
sel_scaf	1842	6	974380168
sel_scaf	1843	6	974380168
sel_scaf	1845	6	974380168
sel_scaf	1846	4	974380168
sel_scaf	1847	2	974380168
sel_scaf	1848	2	974380168
sel_scaf	1849	2	974380168
sel_scaf	1850	5	974380168
sel_scaf	1851	2	974380168
sel_scaf	1852	5	974380168
sel_scaf	1853	2	974380168
sel_scaf	1854	2	974380168
sel_scaf	1855	3	974380168
sel_scaf	1856	4	974380168
sel_scaf	1857	4	974380168
sel_scaf	1858	8	974380168
sel_scaf	1859	8	974380168
sel_scaf	1860	4	974380168
sel_scaf	1861	3	974380168
sel_scaf	1862	3	974380168
sel_scaf	1863	5	974380168
sel_scaf	1864	5	974380168
sel_scaf	1865	4	974380168
sel_scaf	1866	6	974380168
sel_scaf	1867	6	974380168
sel_scaf	1868	9	974380168
sel_scaf	1869	4	974380168
sel_scaf	1870	14	974380168
sel_scaf	1871	2	974380168
sel_scaf	1872	2	974380168
sel_scaf	1873	3	974380168
sel_scaf	1874	5	974380168
sel_scaf	1875	2	974380168
sel_scaf	1876	3	974380168
sel_scaf	1877	7	974380168
sel_scaf	1878	7	974380168
sel_scaf	1879	3	974380168
sel_scaf	1880	2	974380168
sel_scaf	1881	4	974380168
sel_scaf	1882	3	974380168
sel_scaf	1883	2	974380168
sel_scaf	1884	7	974380168
sel_scaf	1885	4	974380168
sel_scaf	1886	3	974380168
sel_scaf	1887	1	974380168
sel_scaf	1888	3	974380168
sel_scaf	1889	3	974380168
sel_scaf	1890	4	974380168
sel_scaf	1891	4	974380168
sel_scaf	1892	5	974380168
sel_scaf	1893	3	974380168
sel_scaf	1894	5	974380168
sel_scaf	1895	5	974380168
sel_scaf	1896	2	974380168
sel_scaf	1897	1	974380168
sel_scaf	1898	1	974380168
sel_scaf	1900	4	974380168
sel_scaf	1901	4	974380168
sel_scaf	1902	1	974380168
sel_scaf	1903	5	974380168
sel_scaf	1904	3	974380168
sel_scaf	1905	1	974380168
sel_scaf	1906	2	974380168
sel_scaf	1907	3	974380168
sel_scaf	1909	2	974380168
sel_scaf	1910	4	974380168
sel_scaf	1911	2	974380168
sel_scaf	1912	6	974380168
sel_scaf	1913	2	974380168
sel_scaf	1914	5	974380168
sel_scaf	1915	4	974380168
sel_scaf	1916	4	974380168
sel_scaf	1917	3	974380168
sel_scaf	1919	3	974380168
sel_scaf	1920	3	974380168
sel_scaf	1921	4	974380168
sel_scaf	1922	4	974380168
sel_scaf	1923	4	974380168
sel_scaf	1924	6	974380168
sel_scaf	1925	6	974380168
sel_scaf	1926	4	974380168
sel_scaf	1927	5	974380168
sel_scaf	1928	4	974380168
sel_scaf	1929	3	974380168
sel_scaf	1930	5	974380168
sel_scaf	1931	1	974380168
sel_scaf	1932	6	974380168
sel_scaf	1933	8	974380168
sel_scaf	1934	4	974380168
sel_scaf	1935	11	974380168
sel_scaf	1936	7	974380168
sel_scaf	1937	5	974380168
sel_scaf	1938	2	974380168
sel_scaf	1939	11	974380168
sel_scaf	1940	13	974380168
sel_scaf	1941	12	974380168
sel_scaf	1942	3	974380168
sel_scaf	1943	4	974380168
sel_scaf	1944	3	974380168
sel_scaf	1945	4	974380168
sel_scaf	1946	7	974380168
sel_scaf	1947	4	974380168
sel_scaf	1948	5	974380168
sel_scaf	1949	6	974380168
sel_scaf	1950	4	974380168
sel_scaf	1951	5	974380168
sel_scaf	1952	7	974380168
sel_scaf	1953	9	974380168
sel_scaf	1954	3	974380168
sel_scaf	1955	9	974380168
sel_scaf	1956	7	974380168
sel_scaf	1957	3	974380168
sel_scaf	1958	4	974380168
sel_scaf	1959	8	974380168
sel_scaf	1960	8	974380168
sel_scaf	1961	2	974380168
sel_scaf	1962	4	974380168
sel_scaf	1963	6	974380168
sel_scaf	1964	2	974380168
sel_scaf	1965	4	974380168
sel_scaf	1966	5	974380168
sel_scaf	1967	1	974380168
sel_scaf	1968	4	974380168
sel_scaf	1969	2	974380168
sel_scaf	1970	5	974380168
sel_scaf	1971	3	974380168
sel_scaf	1972	4	974380168
sel_scaf	1974	3	974380168
sel_scaf	1975	2	974380168
sel_scaf	1976	2	974380168
sel_scaf	1977	7	974380168
sel_scaf	1978	6	974380168
sel_scaf	1979	4	974380168
sel_scaf	1980	7	974380168
sel_scaf	1981	3	974380168
sel_scaf	1982	2	974380168
sel_scaf	1983	3	974380168
sel_scaf	1984	4	974380168
sel_scaf	1986	6	974380168
sel_scaf	1987	2	974380168
sel_scaf	1988	9	974380168
sel_scaf	1989	1	974380168
sel_scaf	1990	2	974380168
sel_scaf	1991	2	974380168
sel_scaf	1992	2	974380168
sel_scaf	1993	3	974380168
sel_scaf	1994	3	974380168
sel_scaf	1995	2	974380168
sel_scaf	1996	2	974380168
sel_scaf	1997	1	974380168
sel_scaf	1998	2	974380168
sel_scaf	1999	4	974380168
sel_scaf	2000	2	974380168
sel_scaf	2001	5	974380168
sel_scaf	2002	2	974380168
sel_scaf	2003	2	974380168
sel_scaf	2004	6	974380168
sel_scaf	2005	2	974380168
sel_scaf	2006	1	974380168
sel_scaf	2007	1	974380168
sel_scaf	2008	4	974380168
sel_scaf	2009	2	974380168
sel_scaf	2010	6	974380168
sel_scaf	2012	2	974380168
sel_scaf	2013	5	974380168
sel_scaf	2014	3	974380168
sel_scaf	2015	1	974380168
sel_scaf	2016	5	974380168
sel_scaf	2017	1	974380168
sel_scaf	2018	3	974380168
sel_scaf	2020	3	974380168
sel_scaf	2021	3	974380168
sel_scaf	2022	2	974380168
sel_scaf	2024	4	974380168
sel_scaf	2025	1	974380168
sel_scaf	2026	5	974380168
sel_scaf	2027	3	974380168
sel_scaf	2028	4	974380168
sel_scaf	2029	4	974380168
sel_scaf	2030	3	974380168
sel_scaf	2031	2	974380168
sel_scaf	2032	3	974380168
sel_scaf	2033	3	974380168
sel_scaf	2034	3	974380168
sel_scaf	2035	4	974380168
sel_scaf	2036	2	974380168
sel_scaf	2037	7	974380168
sel_scaf	2039	3	974380168
sel_scaf	2040	1	974380168
sel_scaf	2041	6	974380168
sel_scaf	2042	3	974380168
sel_scaf	2043	1	974380168
sel_scaf	2044	4	974380168
sel_scaf	2045	4	974380168
sel_scaf	2046	1	974380168
sel_scaf	2047	5	974380168
sel_scaf	2048	2	974380168
sel_scaf	2049	3	974380168
sel_scaf	2050	4	974380168
sel_scaf	2051	5	974380168
sel_scaf	2052	2	974380168
sel_scaf	2053	2	974380168
sel_scaf	2054	6	974380168
sel_scaf	2055	4	974380168
sel_scaf	2056	4	974380168
sel_scaf	2057	2	974380168
sel_scaf	2058	1	974380168
sel_scaf	2059	2	974380168
sel_scaf	2060	3	974380168
sel_scaf	2061	3	974380168
sel_scaf	2063	1	974380168
sel_scaf	2064	4	974380168
sel_scaf	2066	2	974380168
sel_scaf	2067	3	974380168
sel_scaf	2068	5	974380168
sel_scaf	2069	1	974380168
sel_scaf	2070	1	974380168
sel_scaf	2071	3	974380168
sel_scaf	2072	4	974380168
sel_scaf	2073	5	974380168
sel_scaf	2074	4	974380168
sel_scaf	2075	4	974380168
sel_scaf	2076	3	974380168
sel_scaf	2077	4	974380168
sel_scaf	2078	3	974380168
sel_scaf	2079	2	974380168
sel_scaf	2080	1	974380168
sel_scaf	2081	2	974380168
sel_scaf	2082	2	974380168
sel_scaf	2083	2	974380168
sel_scaf	2084	3	974380168
sel_scaf	2085	7	974380168
sel_scaf	2086	3	974380168
sel_scaf	2087	8	974380168
sel_scaf	2088	4	974380168
sel_scaf	2089	7	974380168
sel_scaf	2090	2	974380168
sel_scaf	2091	4	974380168
sel_scaf	2092	1	974380168
sel_scaf	2093	3	974380168
sel_scaf	2094	5	974380168
sel_scaf	2095	3	974380168
sel_scaf	2096	4	974380168
sel_scaf	2097	4	974380168
sel_scaf	2098	3	974380168
sel_scaf	2099	1	974380168
sel_scaf	2100	1	974380168
sel_scaf	2101	8	974380168
sel_scaf	2102	5	974380168
sel_scaf	2103	4	974380168
sel_scaf	2104	2	974380168
sel_scaf	2105	4	974380168
sel_scaf	2106	3	974380168
sel_scaf	2107	3	974380168
sel_scaf	2108	2	974380168
sel_scaf	2109	8	974380168
sel_scaf	2110	3	974380168
sel_scaf	2111	3	974380168
sel_scaf	2112	6	974380168
sel_scaf	2113	3	974380168
sel_scaf	2114	4	974380168
sel_scaf	2115	6	974380168
sel_scaf	2116	3	974380168
sel_scaf	2117	3	974380168
sel_scaf	2118	2	974380168
sel_scaf	2119	2	974380168
sel_scaf	2120	3	974380168
sel_scaf	2121	3	974380168
sel_scaf	2122	4	974380168
sel_scaf	2123	4	974380168
sel_scaf	2124	8	974380168
sel_scaf	2125	2	974380168
sel_scaf	2126	6	974380168
sel_scaf	2127	2	974380168
sel_scaf	2128	6	974380168
sel_scaf	2129	1	974380168
sel_scaf	2130	2	974380168
sel_scaf	2131	2	974380168
sel_scaf	2132	5	974380168
sel_scaf	2133	1	974380168
sel_scaf	2134	5	974380168
sel_scaf	2135	4	974380168
sel_scaf	2136	6	974380168
sel_scaf	2137	4	974380168
sel_scaf	2138	11	974380168
sel_scaf	2139	4	974380168
sel_scaf	2140	6	974380168
sel_scaf	2141	6	974380168
sel_scaf	2142	5	974380168
sel_scaf	2143	3	974380168
sel_scaf	2144	8	974380168
sel_scaf	2145	5	974380168
sel_scaf	2146	7	974380168
sel_scaf	2147	8	974380168
sel_scaf	2148	6	974380168
sel_scaf	2149	6	974380168
sel_scaf	2150	2	974380168
sel_scaf	2151	7	974380168
sel_scaf	2152	4	974380168
sel_scaf	2153	5	974380168
sel_scaf	2154	5	974380168
sel_scaf	2155	6	974380168
sel_scaf	2156	8	974380168
sel_scaf	2157	10	974380168
sel_scaf	2158	2	974380168
sel_scaf	2159	12	974380168
sel_scaf	2160	2	974380168
sel_scaf	2161	6	974380168
sel_scaf	2162	3	974380168
sel_scaf	2163	6	974380168
sel_scaf	2164	3	974380168
sel_scaf	2165	1	974380168
sel_scaf	2166	7	974380168
sel_scaf	2167	1	974380168
sel_scaf	2168	7	974380168
sel_scaf	2169	2	974380168
sel_scaf	2170	10	974380168
sel_scaf	2171	3	974380168
sel_scaf	2172	7	974380168
sel_scaf	2173	7	974380168
sel_scaf	2174	5	974380168
sel_scaf	2175	4	974380168
sel_scaf	2176	5	974380168
sel_scaf	2177	3	974380168
sel_scaf	2178	3	974380168
sel_scaf	2179	3	974380168
sel_scaf	2180	1	974380168
sel_scaf	2181	8	974380168
sel_scaf	2182	6	974380168
sel_scaf	2183	5	974380168
sel_scaf	2184	7	974380168
sel_scaf	2185	3	974380168
sel_scaf	2186	3	974380168
sel_scaf	2187	2	974380168
sel_scaf	2188	4	974380168
sel_scaf	2189	2	974380168
sel_scaf	2190	4	974380168
sel_scaf	2191	4	974380168
sel_scaf	2192	4	974380168
sel_scaf	2193	4	974380168
sel_scaf	2194	3	974380168
sel_scaf	2195	5	974380168
sel_scaf	2196	3	974380168
sel_scaf	2197	5	974380168
sel_scaf	2198	6	974380168
sel_scaf	2199	2	974380168
sel_scaf	2200	5	974380168
sel_scaf	2201	2	974380168
sel_scaf	2202	2	974380168
sel_scaf	2203	4	974380168
sel_scaf	2204	4	974380168
sel_scaf	2205	2	974380168
sel_scaf	2206	5	974380168
sel_scaf	2207	4	974380168
sel_scaf	2208	1	974380168
sel_scaf	2209	2	974380168
sel_scaf	2210	1	974380168
sel_scaf	2211	2	974380168
sel_scaf	2213	4	974380168
sel_scaf	2215	3	974380168
sel_scaf	2216	3	974380168
sel_scaf	2217	2	974380168
sel_scaf	2218	4	974380168
sel_scaf	2219	3	974380168
sel_scaf	2220	2	974380168
sel_scaf	2221	3	974380168
sel_scaf	2222	3	974380168
sel_scaf	2223	3	974380168
sel_scaf	2224	6	974380168
sel_scaf	2225	2	974380168
sel_scaf	2227	3	974380168
sel_scaf	2228	2	974380168
sel_scaf	2229	3	974380168
sel_scaf	2230	2	974380168
sel_scaf	2231	4	974380168
sel_scaf	2232	8	974380168
sel_scaf	2233	4	974380168
sel_scaf	2234	1	974380168
sel_scaf	2236	1	974380168
sel_scaf	2237	1	974380168
sel_scaf	2238	6	974380168
sel_scaf	2239	2	974380168
sel_scaf	2240	1	974380168
sel_scaf	2241	4	974380168
sel_scaf	2242	1	974380168
sel_scaf	2243	1	974380168
sel_scaf	2244	1	974380168
sel_scaf	2245	1	974380168
sel_scaf	2247	1	974380168
sel_scaf	2248	2	974380168
sel_scaf	2249	2	974380168
sel_scaf	2250	4	974380168
sel_scaf	2251	4	974380168
sel_scaf	2252	2	974380168
sel_scaf	2253	1	974380168
sel_scaf	2254	3	974380168
sel_scaf	2255	3	974380168
sel_scaf	2256	2	974380168
sel_scaf	2257	2	974380168
sel_scaf	2258	2	974380168
sel_scaf	2259	4	974380168
sel_scaf	2261	2	974380168
sel_scaf	2262	4	974380168
sel_scaf	2263	3	974380168
sel_scaf	2264	5	974380168
sel_scaf	2265	2	974380168
sel_scaf	2266	3	974380168
sel_scaf	2267	3	974380168
sel_scaf	2268	1	974380168
sel_scaf	2269	3	974380168
sel_scaf	2270	2	974380168
sel_scaf	2271	2	974380168
sel_scaf	2272	3	974380168
sel_scaf	2273	2	974380168
sel_scaf	2274	3	974380168
sel_scaf	2275	2	974380168
sel_scaf	2276	1	974380168
sel_scaf	2277	1	974380168
sel_scaf	2278	3	974380168
sel_scaf	2279	1	974380168
sel_scaf	2280	5	974380168
sel_scaf	2281	2	974380168
sel_scaf	2282	3	974380168
sel_scaf	2283	2	974380168
sel_scaf	2284	3	974380168
sel_scaf	2286	1	974380168
sel_scaf	2287	4	974380168
sel_scaf	2288	2	974380168
sel_scaf	2289	4	974380168
sel_scaf	2290	6	974380168
sel_scaf	2291	1	974380168
sel_scaf	2292	4	974380168
sel_scaf	2293	7	974380168
sel_scaf	2294	3	974380168
sel_scaf	2295	3	974380168
sel_scaf	2296	5	974380168
sel_scaf	2297	2	974380168
sel_scaf	2298	2	974380168
sel_scaf	2299	2	974380168
sel_scaf	2300	1	974380168
sel_scaf	2301	1	974380168
sel_scaf	2302	2	974380168
sel_scaf	2303	5	974380168
sel_scaf	2304	2	974380168
sel_scaf	2306	1	974380168
sel_scaf	2307	2	974380168
sel_scaf	2308	3	974380168
sel_scaf	2309	2	974380168
sel_scaf	2310	1	974380168
sel_scaf	2311	2	974380168
sel_scaf	2312	6	974380168
sel_scaf	2313	3	974380168
sel_scaf	2314	6	974380168
sel_scaf	2315	8	974380168
sel_scaf	2316	11	974380168
sel_scaf	2317	4	974380168
sel_scaf	2318	1	974380168
sel_scaf	2319	4	974380168
sel_scaf	2320	1	974380168
sel_scaf	2321	3	974380168
sel_scaf	2322	1	974380168
sel_scaf	2323	3	974380168
sel_scaf	2324	2	974380168
sel_scaf	2325	2	974380168
sel_scaf	2326	1	974380168
sel_scaf	2327	3	974380168
sel_scaf	2328	1	974380168
sel_scaf	2329	2	974380168
sel_scaf	2330	1	974380168
sel_scaf	2332	3	974380168
sel_scaf	2333	1	974380168
sel_scaf	2334	1	974380168
sel_scaf	2337	2	974380168
sel_scaf	2338	1	974380168
sel_scaf	2341	1	974380168
sel_scaf	2343	1	974380168
sel_scaf	2344	9	974380168
sel_scaf	2345	12	974380168
sel_scaf	2346	4	974380168
sel_scaf	2348	1	974380168
sel_scaf	2350	2	974380168
sel_scaf	2351	1	974380168
sel_scaf	2352	1	974380168
sel_scaf	2353	3	974380168
sel_scaf	2355	2	974380168
sel_scaf	2356	1	974380168
sel_scaf	2358	3	974380168
sel_scaf	2359	2	974380168
sel_scaf	2360	2	974380168
sel_scaf	2361	1	974380168
sel_scaf	2362	2	974380168
sel_scaf	2363	2	974380168
sel_scaf	2364	3	974380168
sel_scaf	2366	1	974380168
sel_scaf	2367	3	974380168
sel_scaf	2368	9	974380168
sel_scaf	2369	3	974380168
sel_scaf	2370	3	974380168
sel_scaf	2372	2	974380168
sel_scaf	2373	3	974380168
sel_scaf	2374	2	974380168
sel_scaf	2375	2	974380168
sel_scaf	2376	1	974380168
sel_scaf	2379	2	974380168
sel_scaf	2380	4	974380168
sel_scaf	2381	2	974380168
sel_scaf	2382	2	974380168
sel_scaf	2384	2	974380168
sel_scaf	2385	7	974380168
sel_scaf	2387	1	974380168
sel_scaf	2389	2	974380168
sel_scaf	2391	4	974380168
sel_scaf	2392	3	974380168
sel_scaf	2393	3	974380168
sel_scaf	2394	2	974380168
sel_scaf	2395	1	974380168
sel_scaf	2397	1	974380168
sel_scaf	2399	2	974380168
sel_scaf	2400	1	974380168
sel_scaf	2401	3	974380168
sel_scaf	2402	3	974380168
sel_scaf	2403	1	974380168
sel_scaf	2404	4	974380168
sel_scaf	2405	2	974380168
sel_scaf	2406	3	974380168
sel_scaf	2407	3	974380168
sel_scaf	2408	3	974380168
sel_scaf	2409	2	974380168
sel_scaf	2410	1	974380168
sel_scaf	2411	2	974380168
sel_scaf	2412	1	974380168
sel_scaf	2414	1	974380168
sel_scaf	2415	1	974380168
sel_scaf	2416	1	974380168
sel_scaf	2417	2	974380168
sel_scaf	2418	2	974380168
sel_scaf	2419	3	974380168
sel_scaf	2420	3	974380168
sel_scaf	2421	1	974380168
sel_scaf	2422	2	974380168
sel_scaf	2423	8	974380168
sel_scaf	2427	1	974380168
sel_scaf	2428	1	974380168
sel_scaf	2429	2	974380168
sel_scaf	2430	1	974380168
sel_scaf	2431	2	974380168
sel_scaf	2432	3	974380168
sel_scaf	2433	2	974380168
sel_scaf	2434	4	974380168
sel_scaf	2435	2	974380168
sel_scaf	2436	2	974380168
sel_scaf	2437	1	974380168
sel_scaf	2439	2	974380168
sel_scaf	2440	2	974380168
sel_scaf	2441	5	974380168
sel_scaf	2443	1	974380168
sel_scaf	2444	2	974380168
sel_scaf	2445	2	974380168
sel_scaf	2446	2	974380168
sel_scaf	2447	1	974380168
sel_scaf	2448	1	974380168
sel_scaf	2449	1	974380168
sel_scaf	2451	3	974380168
sel_scaf	2455	1	974380168
sel_scaf	2456	1	974380168
sel_scaf	2457	2	974380168
sel_scaf	2459	1	974380168
sel_scaf	2460	2	974380168
sel_scaf	2461	2	974380168
sel_scaf	2462	3	974380168
sel_scaf	2463	2	974380168
sel_scaf	2464	1	974380168
sel_scaf	2465	3	974380168
sel_scaf	2467	3	974380168
sel_scaf	2468	3	974380168
sel_scaf	2469	1	974380168
sel_scaf	2470	1	974380168
sel_scaf	2471	1	974380168
sel_scaf	2473	2	974380168
sel_scaf	2474	1	974380168
sel_scaf	2475	2	974380168
sel_scaf	2476	2	974380168
sel_scaf	2477	2	974380168
sel_scaf	2478	2	974380168
sel_scaf	2479	2	974380168
sel_scaf	2480	5	974380168
sel_scaf	2481	6	974380168
sel_scaf	2482	4	974380168
sel_scaf	2483	2	974380168
sel_scaf	2484	2	974380168
sel_scaf	2485	2	974380168
sel_scaf	2486	1	974380168
sel_scaf	2487	1	974380168
sel_scaf	2488	2	974380168
sel_scaf	2489	1	974380168
sel_scaf	2490	1	974380168
sel_scaf	2491	3	974380168
sel_scaf	2492	1	974380168
sel_scaf	2493	2	974380168
sel_scaf	2494	1	974380168
sel_scaf	2495	2	974380168
sel_scaf	2496	3	974380168
sel_scaf	2497	1	974380168
sel_scaf	2498	2	974380168
sel_scaf	2500	1	974380168
sel_scaf	2501	3	974380168
sel_scaf	2502	1	974380168
sel_scaf	2503	1	974380168
sel_scaf	2504	2	974380168
sel_scaf	2505	1	974380168
sel_scaf	2506	2	974380168
sel_scaf	2507	2	974380168
sel_scaf	2508	1	974380168
sel_scaf	2509	2	974380168
sel_scaf	2510	1	974380168
sel_scaf	2511	2	974380168
sel_scaf	2512	1	974380168
sel_scaf	2513	1	974380168
sel_scaf	2514	2	974380168
sel_scaf	2516	1	974380168
sel_scaf	2519	6	974380168
sel_scaf	2521	2	974380168
sel_scaf	2523	2	974380168
sel_scaf	2524	3	974380168
sel_scaf	2525	5	974380168
sel_scaf	2526	1	974380168
sel_scaf	2527	1	974380168
sel_scaf	2528	2	974380168
sel_scaf	2529	1	974380168
sel_scaf	2530	1	974380168
sel_scaf	2531	1	974380168
sel_scaf	2535	2	974380168
sel_scaf	2536	1	974380168
sel_scaf	2537	1	974380168
sel_scaf	2539	2	974380168
sel_scaf	2541	1	974380168
sel_scaf	2543	2	974380168
sel_scaf	2544	2	974380168
sel_scaf	2545	1	974380168
sel_scaf	2546	1	974380168
sel_scaf	2547	1	974380168
sel_scaf	2548	3	974380168
sel_scaf	2549	1	974380168
sel_scaf	2550	1	974380168
sel_scaf	2552	1	974380168
sel_scaf	2553	1	974380168
sel_scaf	2555	2	974380168
sel_scaf	2557	2	974380168
sel_scaf	2558	1	974380168
sel_scaf	2559	1	974380168
sel_scaf	2562	1	974380168
sel_scaf	2563	2	974380168
sel_scaf	2566	2	974380168
sel_scaf	2568	1	974380168
sel_scaf	2569	3	974380168
sel_scaf	2571	1	974380168
sel_scaf	2573	4	974380168
sel_scaf	2576	2	974380168
sel_scaf	2577	4	974380168
sel_scaf	2578	1	974380168
sel_scaf	2579	1	974380168
sel_scaf	2580	3	974380168
sel_scaf	2581	2	974380168
sel_scaf	2582	4	974380168
sel_scaf	2583	1	974380168
sel_scaf	2584	3	974380168
sel_scaf	2585	1	974380168
sel_scaf	2586	3	974380168
sel_scaf	2587	1	974380168
sel_scaf	2588	1	974380168
sel_scaf	2590	6	974380168
sel_scaf	2591	2	974380168
sel_scaf	2594	1	974380168
sel_scaf	2598	1	974380168
sel_scaf	2599	3	974380168
sel_scaf	2600	2	974380168
sel_scaf	2602	3	974380168
sel_scaf	2603	3	974380168
sel_scaf	2604	2	974380168
sel_scaf	2605	1	974380168
sel_scaf	2606	3	974380168
sel_scaf	2607	5	974380168
sel_scaf	2608	3	974380168
sel_scaf	2609	4	974380168
sel_scaf	2610	4	974380168
sel_scaf	2611	1	974380168
sel_scaf	2612	6	974380168
sel_scaf	2613	1	974380168
sel_scaf	2617	5	974380168
sel_scaf	2618	3	974380168
sel_scaf	2619	1	974380168
sel_scaf	2621	2	974380168
sel_scaf	2622	2	974380168
sel_scaf	2623	1	974380168
sel_scaf	2624	3	974380168
sel_scaf	2625	2	974380168
sel_scaf	2626	2	974380168
sel_scaf	2627	3	974380168
sel_scaf	2629	2	974380168
sel_scaf	2630	1	974380168
sel_scaf	2631	4	974380168
sel_scaf	2633	4	974380168
sel_scaf	2635	5	974380168
sel_scaf	2636	3	974380168
sel_scaf	2637	2	974380168
sel_scaf	2638	3	974380168
sel_scaf	2639	2	974380168
sel_scaf	2640	4	974380168
sel_scaf	2642	1	974380168
sel_scaf	2643	3	974380168
sel_scaf	2644	1	974380168
sel_scaf	2645	1	974380168
sel_scaf	2647	2	974380168
sel_scaf	2648	1	974380168
sel_scaf	2649	2	974380168
sel_scaf	2650	1	974380168
sel_scaf	2651	1	974380168
sel_scaf	2653	4	974380168
sel_scaf	2655	3	974380168
sel_scaf	2656	1	974380168
sel_scaf	2658	2	974380168
sel_scaf	2659	4	974380168
sel_scaf	2660	2	974380168
sel_scaf	2662	1	974380168
sel_scaf	2664	1	974380168
sel_scaf	2665	2	974380168
sel_scaf	2667	3	974380168
sel_scaf	2669	1	974380168
sel_scaf	2670	2	974380168
sel_scaf	2672	1	974380168
sel_scaf	2673	2	974380168
sel_scaf	2674	3	974380168
sel_scaf	2675	1	974380168
sel_scaf	2676	1	974380168
sel_scaf	2678	2	974380168
sel_scaf	2679	1	974380168
sel_scaf	2682	4	974380168
sel_scaf	2683	3	974380168
sel_scaf	2685	2	974380168
sel_scaf	2686	2	974380168
sel_scaf	2688	4	974380168
sel_scaf	2689	1	974380168
sel_scaf	2690	1	974380168
sel_scaf	2691	5	974380168
sel_scaf	2693	2	974380168
sel_scaf	2694	2	974380168
sel_scaf	2696	2	974380168
sel_scaf	2697	1	974380168
sel_scaf	2698	2	974380168
sel_scaf	2700	3	974380168
sel_scaf	2701	4	974380168
sel_scaf	2702	1	974380168
sel_scaf	2704	4	974380168
sel_scaf	2705	2	974380168
sel_scaf	2706	4	974380168
sel_scaf	2707	3	974380168
sel_scaf	2708	1	974380168
sel_scaf	2709	1	974380168
sel_scaf	2710	2	974380168
sel_scaf	2711	1	974380168
sel_scaf	2712	3	974380168
sel_scaf	2716	2	974380168
sel_scaf	2717	2	974380168
sel_scaf	2718	2	974380168
sel_scaf	2719	4	974380168
sel_scaf	2721	3	974380168
sel_scaf	2723	3	974380168
sel_scaf	2725	2	974380168
sel_scaf	2726	3	974380168
sel_scaf	2727	4	974380168
sel_scaf	2728	1	974380168
sel_scaf	2729	6	974380168
sel_scaf	2730	4	974380168
sel_scaf	2731	4	974380168
sel_scaf	2733	2	974380168
sel_scaf	2734	1	974380168
sel_scaf	2735	1	974380168
sel_scaf	2736	1	974380168
sel_scaf	2738	1	974380168
sel_scaf	2739	1	974380168
sel_scaf	2741	2	974380168
sel_scaf	2742	1	974380168
sel_scaf	2743	1	974380168
sel_scaf	2746	1	974380168
sel_scaf	2750	1	974380168
sel_scaf	2752	2	974380168
sel_scaf	2754	1	974380168
sel_scaf	2755	1	974380168
sel_scaf	2756	1	974380168
sel_scaf	2757	2	974380168
sel_scaf	2758	4	974380168
sel_scaf	2760	2	974380168
sel_scaf	2762	2	974380168
sel_scaf	2763	1	974380168
sel_scaf	2764	2	974380168
sel_scaf	2765	5	974380168
sel_scaf	2767	2	974380168
sel_scaf	2770	1	974380168
sel_scaf	2771	2	974380168
sel_scaf	2772	1	974380168
sel_scaf	2773	3	974380168
sel_scaf	2774	1	974380168
sel_scaf	2775	1	974380168
sel_scaf	2776	1	974380168
sel_scaf	2778	2	974380168
sel_scaf	2784	2	974380168
sel_scaf	2785	4	974380168
sel_scaf	2786	2	974380168
sel_scaf	2787	1	974380168
sel_scaf	2788	2	974380168
sel_scaf	2789	2	974380168
sel_scaf	2792	1	974380168
sel_scaf	2794	1	974380168
sel_scaf	2795	1	974380168
sel_scaf	2796	1	974380168
sel_scaf	2797	2	974380168
sel_scaf	2798	5	974380168
sel_scaf	2799	2	974380168
sel_scaf	2802	4	974380168
sel_scaf	2803	2	974380168
sel_scaf	2804	4	974380168
sel_scaf	2805	2	974380168
sel_scaf	2806	3	974380168
sel_scaf	2807	3	974380168
sel_scaf	2808	2	974380168
sel_scaf	2813	1	974380168
sel_scaf	2814	1	974380168
sel_scaf	2816	2	974380168
sel_scaf	2817	2	974380168
sel_scaf	2819	2	974380168
sel_scaf	2820	3	974380168
sel_scaf	2821	2	974380168
sel_scaf	2822	1	974380168
sel_scaf	2823	1	974380168
sel_scaf	2824	3	974380168
sel_scaf	2827	3	974380168
sel_scaf	2828	1	974380168
sel_scaf	2829	2	974380168
sel_scaf	2832	1	974380168
sel_scaf	2833	3	974380168
sel_scaf	2834	2	974380168
sel_scaf	2835	2	974380168
sel_scaf	2836	1	974380168
sel_scaf	2837	1	974380168
sel_scaf	2838	1	974380168
sel_scaf	2839	1	974380168
sel_scaf	2840	1	974380168
sel_scaf	2842	2	974380168
sel_scaf	2843	1	974380168
sel_scaf	2844	3	974380168
sel_scaf	2847	1	974380168
sel_scaf	2848	2	974380168
sel_scaf	2849	3	974380168
sel_scaf	2851	2	974380168
sel_scaf	2853	4	974380168
sel_scaf	2855	1	974380168
sel_scaf	2857	1	974380168
sel_scaf	2858	1	974380168
sel_scaf	2859	2	974380168
sel_scaf	2860	1	974380168
sel_scaf	2861	2	974380168
sel_scaf	2862	5	974380168
sel_scaf	2863	1	974380168
sel_scaf	2864	2	974380168
sel_scaf	2866	2	974380168
sel_scaf	2867	3	974380168
sel_scaf	2868	3	974380168
sel_scaf	2869	3	974380168
sel_scaf	2871	1	974380168
sel_scaf	2872	5	974380168
sel_scaf	2874	1	974380168
sel_scaf	2875	2	974380168
sel_scaf	2876	2	974380168
sel_scaf	2877	2	974380168
sel_scaf	2878	3	974380168
sel_scaf	2879	6	974380168
sel_scaf	2880	1	974380168
sel_scaf	2881	4	974380168
sel_scaf	2882	6	974380168
sel_scaf	2883	5	974380168
sel_scaf	2884	3	974380168
sel_scaf	2885	4	974380168
sel_scaf	2887	2	974380168
sel_scaf	2888	1	974380168
sel_scaf	2889	1	974380168
sel_scaf	2890	2	974380168
sel_scaf	2891	3	974380168
sel_scaf	2892	1	974380168
sel_scaf	2893	1	974380168
sel_scaf	2894	1	974380168
sel_scaf	2895	4	974380168
sel_scaf	2897	6	974380168
sel_scaf	2898	3	974380168
sel_scaf	2899	1	974380168
sel_scaf	2900	2	974380168
sel_scaf	2901	2	974380168
sel_scaf	2903	1	974380168
sel_scaf	2904	1	974380168
sel_scaf	2906	3	974380168
sel_scaf	2907	2	974380168
sel_scaf	2908	1	974380168
sel_scaf	2909	1	974380168
sel_scaf	2910	1	974380168
sel_scaf	2911	1	974380168
sel_scaf	2912	3	974380168
sel_scaf	2913	1	974380168
sel_scaf	2915	2	974380168
sel_scaf	2918	1	974380168
sel_scaf	2920	4	974380168
sel_scaf	2921	2	974380168
sel_scaf	2923	1	974380168
sel_scaf	2924	1	974380168
sel_scaf	2925	2	974380168
sel_scaf	2926	2	974380168
sel_scaf	2929	3	974380168
sel_scaf	2930	1	974380168
sel_scaf	2931	22	974380168
sel_scaf	2932	17	974380168
sel_scaf	2933	1	974380168
sel_scaf	2934	1	974380168
sel_scaf	2935	1	974380168
sel_scaf	2937	1	974380168
sel_scaf	2939	1	974380168
sel_scaf	2940	5	974380168
sel_scaf	2942	2	974380168
sel_scaf	2943	3	974380168
sel_scaf	2944	1	974380168
sel_scaf	2946	2	974380168
sel_scaf	2948	1	974380168
sel_scaf	2949	3	974380168
sel_scaf	2950	2	974380168
sel_scaf	2952	1	974380168
sel_scaf	2953	3	974380168
sel_scaf	2955	2	974380168
sel_scaf	2957	1	974380168
sel_scaf	2960	3	974380168
sel_scaf	2961	1	974380168
sel_scaf	2963	3	974380168
sel_scaf	2964	2	974380168
sel_scaf	2965	2	974380168
sel_scaf	2968	3	974380168
sel_scaf	2969	1	974380168
sel_scaf	2970	2	974380168
sel_scaf	2973	3	974380168
sel_scaf	2975	4	974380168
sel_scaf	2976	2	974380168
sel_scaf	2977	1	974380168
sel_scaf	2979	2	974380168
sel_scaf	2981	1	974380168
sel_scaf	2982	1	974380168
sel_scaf	2987	1	974380168
sel_scaf	2988	1	974380168
sel_scaf	2989	2	974380168
sel_scaf	2991	1	974380168
sel_scaf	2992	1	974380168
sel_scaf	2993	1	974380168
sel_scaf	2994	1	974380168
sel_scaf	2995	2	974380168
sel_scaf	2996	2	974380168
sel_scaf	2997	1	974380168
sel_scaf	2999	1	974380168
sel_scaf	3000	1	974380168
sel_scaf	3002	2	974380168
sel_scaf	3005	1	974380168
sel_scaf	3007	1	974380168
sel_scaf	3008	1	974380168
sel_scaf	3009	1	974380168
sel_scaf	3010	3	974380168
sel_scaf	3011	1	974380168
sel_scaf	3012	2	974380168
sel_scaf	3013	2	974380168
sel_scaf	3015	2	974380168
sel_scaf	3016	1	974380168
sel_scaf	3017	1	974380168
sel_scaf	3018	1	974380168
sel_scaf	3019	1	974380168
sel_scaf	3020	2	974380168
sel_scaf	3021	1	974380168
sel_scaf	3022	2	974380168
sel_scaf	3023	1	974380168
sel_scaf	3024	1	974380168
sel_scaf	3025	1	974380168
sel_scaf	3027	1	974380168
sel_scaf	3029	1	974380168
sel_scaf	3030	2	974380168
sel_scaf	3031	2	974380168
sel_scaf	3032	4	974380168
sel_scaf	3034	3	974380168
sel_scaf	3036	3	974380168
sel_scaf	3037	2	974380168
sel_scaf	3038	2	974380168
sel_scaf	3039	1	974380168
sel_scaf	3040	1	974380168
sel_scaf	3046	3	974380168
sel_scaf	3047	1	974380168
sel_scaf	3048	1	974380168
sel_scaf	3050	2	974380168
sel_scaf	3053	1	974380168
sel_scaf	3054	1	974380168
sel_scaf	3055	1	974380168
sel_scaf	3056	2	974380168
sel_scaf	3057	1	974380168
sel_scaf	3058	2	974380168
sel_scaf	3059	2	974380168
sel_scaf	3063	2	974380168
sel_scaf	3065	1	974380168
sel_scaf	3067	1	974380168
sel_scaf	3069	2	974380168
sel_scaf	3070	1	974380168
sel_scaf	3075	1	974380168
sel_scaf	3076	2	974380168
sel_scaf	3077	1	974380168
sel_scaf	3078	2	974380168
sel_scaf	3079	2	974380168
sel_scaf	3081	1	974380168
sel_scaf	3087	1	974380168
sel_scaf	3089	1	974380168
sel_scaf	3090	2	974380168
sel_scaf	3091	2	974380168
sel_scaf	3093	1	974380168
sel_scaf	3095	1	974380168
sel_scaf	3099	1	974380168
sel_scaf	3100	1	974380168
sel_scaf	3101	1	974380168
sel_scaf	3102	2	974380168
sel_scaf	3106	2	974380168
sel_scaf	3107	2	974380168
sel_scaf	3108	2	974380168
sel_scaf	3109	1	974380168
sel_scaf	3111	1	974380168
sel_scaf	3114	1	974380168
sel_scaf	3117	1	974380168
sel_scaf	3118	1	974380168
sel_scaf	3119	2	974380168
sel_scaf	3120	1	974380168
sel_scaf	3122	3	974380168
sel_scaf	3123	2	974380168
sel_scaf	3124	2	974380168
sel_scaf	3126	2	974380168
sel_scaf	3127	3	974380168
sel_scaf	3128	1	974380168
sel_scaf	3129	1	974380168
sel_scaf	3130	1	974380168
sel_scaf	3131	2	974380168
sel_scaf	3135	1	974380168
sel_scaf	3137	1	974380168
sel_scaf	3140	2	974380168
sel_scaf	3143	1	974380168
sel_scaf	3145	2	974380168
sel_scaf	3147	1	974380168
sel_scaf	3148	1	974380168
sel_scaf	3149	1	974380168
sel_scaf	3152	1	974380168
sel_scaf	3155	2	974380168
sel_scaf	3156	2	974380168
sel_scaf	3157	3	974380168
sel_scaf	3159	1	974380168
sel_scaf	3161	1	974380168
sel_scaf	3163	1	974380168
sel_scaf	3167	1	974380168
sel_scaf	3169	1	974380168
sel_scaf	3170	1	974380168
sel_scaf	3174	1	974380168
sel_scaf	3176	1	974380168
sel_scaf	3180	1	974380168
sel_scaf	3182	2	974380168
sel_scaf	3184	2	974380168
sel_scaf	3185	1	974380168
sel_scaf	3190	1	974380168
sel_scaf	3193	1	974380168
sel_scaf	3194	2	974380168
sel_scaf	3195	1	974380168
sel_scaf	3197	1	974380168
sel_scaf	3199	1	974380168
sel_scaf	3202	1	974380168
sel_scaf	3203	1	974380168
sel_scaf	3204	3	974380168
sel_scaf	3205	1	974380168
sel_scaf	3206	1	974380168
sel_scaf	3209	1	974380168
sel_scaf	3210	1	974380168
sel_scaf	3213	1	974380168
sel_scaf	3215	1	974380168
sel_scaf	3216	1	974380168
sel_scaf	3217	1	974380168
sel_scaf	3218	2	974380168
sel_scaf	3219	2	974380168
sel_scaf	3221	2	974380168
sel_scaf	3222	1	974380168
sel_scaf	3223	2	974380168
sel_scaf	3224	1	974380168
sel_scaf	3225	2	974380168
sel_scaf	3226	1	974380168
sel_scaf	3230	1	974380168
sel_scaf	3231	1	974380168
sel_scaf	3232	2	974380168
sel_scaf	3234	2	974380168
sel_scaf	3236	2	974380168
sel_scaf	3238	1	974380168
sel_scaf	3242	1	974380168
sel_scaf	3243	2	974380168
sel_scaf	3245	1	974380168
sel_scaf	3248	1	974380168
sel_scaf	3249	1	974380168
sel_scaf	3255	1	974380168
sel_scaf	3266	2	974380168
sel_scaf	3267	1	974380168
sel_scaf	3268	1	974380168
sel_scaf	3269	1	974380168
sel_scaf	3270	1	974380168
sel_scaf	3271	3	974380168
sel_scaf	3273	1	974380168
sel_scaf	3279	1	974380168
sel_scaf	3284	1	974380168
sel_scaf	3285	1	974380168
sel_scaf	3288	1	974380168
sel_scaf	3294	1	974380168
sel_scaf	3298	1	974380168
sel_scaf	3302	1	974380168
sel_scaf	3303	1	974380168
sel_scaf	3306	1	974380168
sel_scaf	3307	1	974380168
sel_scaf	3310	1	974380168
sel_scaf	3311	2	974380168
sel_scaf	3312	1	974380168
sel_scaf	3313	1	974380168
sel_scaf	3317	1	974380168
sel_scaf	3318	1	974380168
sel_scaf	3320	1	974380168
sel_scaf	3321	1	974380168
sel_scaf	3322	1	974380168
sel_scaf	3323	2	974380168
sel_scaf	3330	1	974380168
sel_scaf	3331	1	974380168
sel_scaf	3334	1	974380168
sel_scaf	3340	1	974380168
sel_scaf	3342	1	974380168
sel_scaf	3349	2	974380168
sel_scaf	3355	1	974380168
sel_scaf	3356	1	974380168
sel_scaf	3357	1	974380168
sel_scaf	3358	1	974380168
sel_scaf	3360	1	974380168
sel_scaf	3361	1	974380168
sel_scaf	3367	1	974380168
sel_scaf	3368	1	974380168
sel_scaf	3377	1	974380168
sel_scaf	3378	1	974380168
sel_scaf	3380	4	974380168
sel_scaf	3381	1	974380168
sel_scaf	3383	1	974380168
sel_scaf	3390	1	974380168
sel_scaf	3391	1	974380168
sel_scaf	3396	1	974380168
sel_scaf	3400	2	974380168
sel_scaf	3402	1	974380168
sel_scaf	3411	1	974380168
sel_scaf	3412	3	974380168
sel_scaf	3413	1	974380168
sel_scaf	3417	2	974380168
sel_scaf	3418	1	974380168
sel_scaf	3423	1	974380168
sel_scaf	3424	2	974380168
sel_scaf	3428	1	974380168
sel_scaf	3430	2	974380168
sel_scaf	3432	1	974380168
sel_scaf	3433	1	974380168
sel_scaf	3436	1	974380168
sel_scaf	3440	1	974380168
sel_scaf	3443	1	974380168
sel_scaf	3448	1	974380168
sel_scaf	3449	1	974380168
sel_scaf	3451	1	974380168
sel_scaf	3452	2	974380168
sel_scaf	3458	1	974380168
sel_scaf	3459	1	974380168
sel_scaf	3462	2	974380168
sel_scaf	3463	1	974380168
sel_scaf	3464	1	974380168
sel_scaf	3465	2	974380168
sel_scaf	3466	1	974380168
sel_scaf	3468	1	974380168
sel_scaf	3469	1	974380168
sel_scaf	3470	1	974380168
sel_scaf	3472	1	974380168
sel_scaf	3474	1	974380168
sel_scaf	3477	1	974380168
sel_scaf	3478	2	974380168
sel_scaf	3482	1	974380168
sel_scaf	3484	1	974380168
sel_scaf	3485	2	974380168
sel_scaf	3489	1	974380168
sel_scaf	3492	1	974380168
sel_scaf	3493	1	974380168
sel_scaf	3495	1	974380168
sel_scaf	3496	2	974380168
sel_scaf	3498	1	974380168
sel_scaf	3500	2	974380168
sel_scaf	3501	1	974380168
sel_scaf	3503	2	974380168
sel_scaf	3504	2	974380168
sel_scaf	3505	1	974380168
sel_scaf	3506	3	974380168
sel_scaf	3507	1	974380168
sel_scaf	3508	2	974380168
sel_scaf	3509	2	974380168
sel_scaf	3513	1	974380168
sel_scaf	3514	1	974380168
sel_scaf	3517	2	974380168
sel_scaf	3518	1	974380168
sel_scaf	3519	1	974380168
sel_scaf	3520	1	974380168
sel_scaf	3521	2	974380168
sel_scaf	3523	1	974380168
sel_scaf	3524	1	974380168
sel_scaf	3525	1	974380168
sel_scaf	3527	1	974380168
sel_scaf	3529	1	974380168
sel_scaf	3531	1	974380168
sel_scaf	3533	1	974380168
sel_scaf	3535	1	974380168
sel_scaf	3536	3	974380168
sel_scaf	3537	1	974380168
sel_scaf	3538	1	974380168
sel_scaf	3539	2	974380168
sel_scaf	3541	1	974380168
sel_scaf	3544	3	974380168
sel_scaf	3545	1	974380168
sel_scaf	3547	2	974380168
sel_scaf	3548	1	974380168
sel_scaf	3549	1	974380168
sel_scaf	3551	2	974380168
sel_scaf	3554	2	974380168
sel_scaf	3556	1	974380168
sel_scaf	3557	1	974380168
sel_scaf	3558	2	974380168
sel_scaf	3560	1	974380168
sel_scaf	3561	2	974380168
sel_scaf	3563	2	974380168
sel_scaf	3564	1	974380168
sel_scaf	3565	1	974380168
sel_scaf	3567	2	974380168
sel_scaf	3568	2	974380168
sel_scaf	3569	1	974380168
sel_scaf	3571	1	974380168
sel_scaf	3572	1	974380168
sel_scaf	3573	3	974380168
sel_scaf	3575	1	974380168
sel_scaf	3577	2	974380168
sel_scaf	3578	3	974380168
sel_scaf	3580	2	974380168
sel_scaf	3583	2	974380168
sel_scaf	3588	2	974380168
sel_scaf	3589	2	974380168
sel_scaf	3590	1	974380168
sel_scaf	3591	3	974380168
sel_scaf	3592	1	974380168
sel_scaf	3593	1	974380168
sel_scaf	3595	2	974380168
sel_scaf	3597	3	974380168
sel_scaf	3598	1	974380168
sel_scaf	3599	3	974380168
sel_scaf	3600	1	974380168
sel_scaf	3603	1	974380168
sel_scaf	3605	1	974380168
sel_scaf	3606	1	974380168
sel_scaf	3609	1	974380168
sel_scaf	3610	1	974380168
sel_scaf	3611	1	974380168
sel_scaf	3612	1	974380168
sel_scaf	3613	5	974380168
sel_scaf	3615	1	974380168
sel_scaf	3616	2	974380168
sel_scaf	3617	2	974380168
sel_scaf	3618	1	974380168
sel_scaf	3620	2	974380168
sel_scaf	3621	2	974380168
sel_scaf	3622	2	974380168
sel_scaf	3623	6	974380168
sel_scaf	3626	1	974380168
sel_scaf	3627	1	974380168
sel_scaf	3629	2	974380168
sel_scaf	3630	4	974380168
sel_scaf	3632	2	974380168
sel_scaf	3633	1	974380168
sel_scaf	3634	3	974380168
sel_scaf	3636	2	974380168
sel_scaf	3637	1	974380168
sel_scaf	3639	1	974380168
sel_scaf	3642	1	974380168
sel_scaf	3644	1	974380168
sel_scaf	3645	1	974380168
sel_scaf	3646	1	974380168
sel_scaf	3647	1	974380168
sel_scaf	3648	2	974380168
sel_scaf	3649	3	974380168
sel_scaf	3652	2	974380168
sel_scaf	3653	1	974380168
sel_scaf	3654	3	974380168
sel_scaf	3656	1	974380168
sel_scaf	3657	1	974380168
sel_scaf	3658	5	974380168
sel_scaf	3660	2	974380168
sel_scaf	3661	6	974380168
sel_scaf	3662	1	974380168
sel_scaf	3663	1	974380168
sel_scaf	3664	2	974380168
sel_scaf	3666	1	974380168
sel_scaf	3668	1	974380168
sel_scaf	3670	2	974380168
sel_scaf	3672	1	974380168
sel_scaf	3674	3	974380168
sel_scaf	3676	2	974380168
sel_scaf	3684	1	974380168
sel_scaf	3685	1	974380168
sel_scaf	3686	1	974380168
sel_scaf	3688	1	974380168
sel_scaf	3694	1	974380168
sel_scaf	3697	1	974380168
sel_scaf	3703	1	974380168
sel_scaf	3706	1	974380168
sel_scaf	3707	1	974380168
sel_scaf	3711	2	974380168
sel_scaf	3724	1	974380168
sel_scaf	3727	1	974380168
sel_scaf	3730	1	974380168
sel_scaf	3737	1	974380168
sel_scaf	3741	1	974380168
sel_scaf	3747	1	974380168
sel_scaf	3748	1	974380168
sel_scaf	3752	1	974380168
sel_scaf	3755	1	974380168
sel_scaf	3756	1	974380168
sel_scaf	3757	1	974380168
sel_scaf	3758	1	974380168
sel_scaf	3760	1	974380168
sel_scaf	3765	1	974380168
sel_scaf	3767	1	974380168
sel_scaf	3773	1	974380168
sel_scaf	3774	1	974380168
sel_scaf	3781	1	974380168
sel_scaf	3782	1	974380168
sel_scaf	3785	1	974380168
sel_scaf	3787	2	974380168
sel_scaf	3788	1	974380168
sel_scaf	3792	1	974380168
sel_scaf	3797	1	974380168
sel_scaf	3798	1	974380168
sel_scaf	3799	1	974380168
sel_scaf	3800	1	974380168
sel_scaf	3801	2	974380168
sel_scaf	3802	1	974380168
sel_scaf	3807	1	974380168
sel_scaf	3809	2	974380168
sel_scaf	3817	1	974380168
sel_scaf	3826	1	974380168
sel_scaf	3828	1	974380168
sel_scaf	3833	1	974380168
sel_scaf	3834	1	974380168
sel_scaf	3838	1	974380168
sel_scaf	3840	1	974380168
sel_scaf	3844	1	974380168
sel_scaf	3859	1	974380168
sel_scaf	3861	1	974380168
sel_scaf	3862	1	974380168
sel_scaf	3863	1	974380168
sel_scaf	3878	1	974380168
sel_scaf	3888	1	974380168
sel_scaf	3891	1	974380168
sel_scaf	3893	1	974380168
sel_scaf	3898	2	974380168
sel_scaf	3899	1	974380168
sel_scaf	3900	1	974380168
sel_scaf	3908	1	974380168
sel_scaf	3919	1	974380168
sel_scaf	3929	1	974380168
sel_scaf	3931	1	974380168
sel_scaf	3935	1	974380168
sel_scaf	3936	1	974380168
sel_scaf	3937	1	974380168
sel_scaf	3939	1	974380168
sel_scaf	3951	1	974380168
sel_scaf	3955	1	974380168
sel_scaf	3959	1	974380168
sel_scaf	3961	1	974380168
sel_scaf	3962	2	974380168
sel_scaf	3970	2	974380168
sel_scaf	3982	1	974380168
sel_scaf	3992	2	974380168
sel_scaf	3993	1	974380168
sel_scaf	3995	1	974380168
sel_scaf	3997	1	974380168
sel_scaf	3999	1	974380168
sel_scaf	4001	1	974380168
sel_scaf	4004	1	974380168
sel_scaf	4005	1	974380168
sel_scaf	4008	1	974380168
sel_scaf	4009	1	974380168
sel_scaf	4011	2	974380168
sel_scaf	4014	2	974380168
sel_scaf	4015	1	974380168
sel_scaf	4017	1	974380168
sel_scaf	4022	1	974380168
sel_scaf	4032	1	974380168
sel_scaf	4035	1	974380168
sel_scaf	4036	1	974380168
sel_scaf	4038	3	974380168
sel_scaf	4045	1	974380168
sel_scaf	4048	1	974380168
sel_scaf	4050	1	974380168
sel_scaf	4053	1	974380168
sel_scaf	4059	2	974380168
sel_scaf	4060	1	974380168
sel_scaf	4062	1	974380168
sel_scaf	4075	1	974380168
sel_scaf	4079	1	974380168
sel_scaf	4080	1	974380168
sel_scaf	4082	1	974380168
sel_scaf	4088	2	974380168
sel_scaf	4090	1	974380168
sel_scaf	4101	1	974380168
sel_scaf	4106	1	974380168
sel_scaf	4109	1	974380168
sel_scaf	4116	1	974380168
sel_scaf	4120	1	974380168
sel_scaf	4122	1	974380168
sel_scaf	4125	1	974380168
sel_scaf	4126	1	974380168
sel_scaf	4134	2	974380168
sel_scaf	4135	1	974380168
sel_scaf	4138	1	974380168
sel_scaf	4149	1	974380168
sel_scaf	4151	1	974380168
sel_scaf	4155	1	974380168
sel_scaf	4158	1	974380168
sel_scaf	4159	2	974380168
sel_scaf	4160	2	974380168
sel_scaf	4162	2	974380168
sel_scaf	4163	1	974380168
sel_scaf	4165	1	974380168
sel_scaf	4169	2	974380168
sel_scaf	4171	1	974380168
sel_scaf	4174	1	974380168
sel_scaf	4184	1	974380168
sel_scaf	4185	3	974380168
sel_scaf	4186	1	974380168
sel_scaf	4188	1	974380168
sel_scaf	4199	2	974380168
sel_scaf	4203	1	974380168
sel_scaf	4207	1	974380168
sel_scaf	4208	1	974380168
sel_scaf	4209	1	974380168
sel_scaf	4211	1	974380168
sel_scaf	4213	1	974380168
sel_scaf	4214	1	974380168
sel_scaf	4215	1	974380168
sel_scaf	4218	1	974380168
sel_scaf	4219	1	974380168
sel_scaf	4222	1	974380168
sel_scaf	4227	1	974380168
sel_scaf	4228	1	974380168
sel_scaf	4235	1	974380168
sel_scaf	4238	1	974380168
sel_scaf	4242	2	974380168
sel_scaf	4243	1	974380168
sel_scaf	4245	1	974380168
sel_scaf	4247	1	974380168
sel_scaf	4248	2	974380168
sel_scaf	4250	1	974380168
sel_scaf	4253	1	974380168
sel_scaf	4261	1	974380168
sel_scaf	4266	1	974380168
sel_scaf	4269	1	974380168
sel_scaf	4273	1	974380168
sel_scaf	4275	1	974380168
sel_scaf	4279	1	974380168
sel_scaf	4285	1	974380168
sel_scaf	4288	2	974380168
sel_scaf	4290	1	974380168
sel_scaf	4292	1	974380168
sel_scaf	4295	2	974380168
sel_scaf	4297	1	974380168
sel_scaf	4300	2	974380168
sel_scaf	4301	1	974380168
sel_scaf	4305	2	974380168
sel_scaf	4313	1	974380168
sel_scaf	4314	1	974380168
sel_scaf	4324	1	974380168
sel_scaf	4329	1	974380168
sel_scaf	4333	1	974380168
sel_scaf	4335	1	974380168
sel_scaf	4338	2	974380168
sel_scaf	4344	1	974380168
sel_scaf	4348	1	974380168
sel_scaf	4353	1	974380168
sel_scaf	4354	1	974380168
sel_scaf	4364	1	974380168
sel_scaf	4370	1	974380168
sel_scaf	4375	1	974380168
sel_scaf	4378	1	974380168
sel_scaf	4379	1	974380168
sel_scaf	4389	1	974380168
sel_scaf	4391	1	974380168
sel_scaf	4399	2	974380168
sel_scaf	4401	1	974380168
sel_scaf	4405	1	974380168
sel_scaf	4410	2	974380168
sel_scaf	4411	1	974380168
sel_scaf	4414	2	974380168
sel_scaf	4415	1	974380168
sel_scaf	4419	2	974380168
sel_scaf	4421	2	974380168
sel_scaf	4425	1	974380168
sel_scaf	4427	1	974380168
sel_scaf	4428	1	974380168
sel_scaf	4429	1	974380168
sel_scaf	4430	1	974380168
sel_scaf	4432	1	974380168
sel_scaf	4433	2	974380168
sel_scaf	4436	2	974380168
sel_scaf	4437	3	974380168
sel_scaf	4438	1	974380168
sel_scaf	4440	1	974380168
sel_scaf	4442	1	974380168
sel_scaf	4450	1	974380168
sel_scaf	4452	1	974380168
sel_scaf	4457	1	974380168
sel_scaf	4459	1	974380168
sel_scaf	4460	1	974380168
sel_scaf	4462	1	974380168
sel_scaf	4466	1	974380168
sel_scaf	4474	1	974380168
sel_scaf	4479	1	974380168
sel_scaf	4486	1	974380168
sel_scaf	4489	1	974380168
sel_scaf	4499	1	974380168
sel_scaf	4509	1	974380168
sel_scaf	4515	1	974380168
sel_scaf	4523	1	974380168
sel_scaf	4524	1	974380168
sel_scaf	4530	1	974380168
sel_scaf	4533	1	974380168
sel_scaf	4534	1	974380168
sel_scaf	4535	1	974380168
sel_scaf	4539	1	974380168
sel_scaf	4540	1	974380168
sel_scaf	4546	1	974380168
sel_scaf	4549	1	974380168
sel_scaf	4550	1	974380168
sel_scaf	4554	1	974380168
sel_scaf	4557	1	974380168
sel_scaf	4574	1	974380168
sel_scaf	4580	1	974380168
sel_scaf	4583	1	974380168
sel_scaf	4590	1	974380168
sel_scaf	4595	1	974380168
sel_scaf	4596	1	974380168
sel_scaf	4600	1	974380168
sel_scaf	4617	1	974380168
sel_scaf	4623	1	974380168
sel_scaf	4635	1	974380168
sel_scaf	4641	1	974380168
sel_scaf	4648	1	974380168
sel_scaf	4649	1	974380168
sel_scaf	4655	1	974380168
sel_scaf	4663	1	974380168
sel_scaf	4668	1	974380168
sel_scaf	4675	1	974380168
sel_scaf	4680	1	974380168
sel_scaf	4683	1	974380168
sel_scaf	4690	1	974380168
sel_scaf	4713	2	974380168
sel_scaf	4714	1	974380168
sel_scaf	4724	1	974380168
sel_scaf	4730	1	974380168
sel_scaf	4752	1	974380168
sel_scaf	4762	1	974380168
sel_scaf	4777	1	974380168
sel_scaf	4781	1	974380168
sel_scaf	4783	1	974380168
sel_scaf	4789	1	974380168
sel_scaf	4790	1	974380168
sel_scaf	4796	1	974380168
sel_scaf	4804	1	974380168
sel_scaf	4811	1	974380168
sel_scaf	4818	1	974380168
sel_scaf	4820	1	974380168
sel_scaf	4827	1	974380168
sel_scaf	4834	1	974380168
sel_scaf	4836	1	974380168
sel_scaf	4837	1	974380168
sel_scaf	4838	1	974380168
sel_scaf	4842	1	974380168
sel_scaf	4846	1	974380168
sel_scaf	4851	1	974380168
sel_scaf	4854	2	974380168
sel_scaf	4858	1	974380168
sel_scaf	4866	1	974380168
sel_scaf	4871	1	974380168
sel_scaf	4873	1	974380168
sel_scaf	4876	1	974380168
sel_scaf	4877	1	974380168
sel_scaf	4887	2	974380168
sel_scaf	4888	1	974380168
sel_scaf	4889	1	974380168
sel_scaf	4908	1	974380168
sel_scaf	4909	1	974380168
sel_scaf	4916	1	974380168
sel_scaf	4918	1	974380168
sel_scaf	4926	1	974380168
sel_scaf	4932	1	974380168
sel_scaf	4937	1	974380168
sel_scaf	4938	1	974380168
sel_scaf	4940	2	974380168
sel_scaf	4942	1	974380168
sel_scaf	4943	1	974380168
sel_scaf	4948	1	974380168
sel_scaf	4960	1	974380168
sel_scaf	4963	1	974380168
sel_scaf	4964	1	974380168
sel_scaf	4973	1	974380168
sel_scaf	4983	1	974380168
sel_scaf	4991	2	974380168
sel_scaf	4995	1	974380168
sel_scaf	4997	1	974380168
sel_scaf	5005	1	974380168
sel_scaf	5006	1	974380168
sel_scaf	5007	2	974380168
sel_scaf	5009	2	974380168
sel_scaf	5011	1	974380168
sel_scaf	5012	1	974380168
sel_scaf	5014	1	974380168
sel_scaf	5025	2	974380168
sel_scaf	5034	2	974380168
sel_scaf	5062	1	974380168
sel_scaf	5064	1	974380168
sel_scaf	5074	1	974380168
sel_scaf	5076	1	974380168
sel_scaf	5084	1	974380168
sel_scaf	5086	1	974380168
sel_scaf	5088	1	974380168
sel_scaf	5093	1	974380168
sel_scaf	5095	1	974380168
sel_scaf	5098	1	974380168
sel_scaf	5103	1	974380168
sel_scaf	5120	1	974380168
sel_scaf	5122	1	974380168
sel_scaf	5133	1	974380168
sel_scaf	5134	1	974380168
sel_scaf	5140	1	974380168
sel_scaf	5144	1	974380168
sel_scaf	5153	1	974380168
sel_scaf	5155	1	974380168
sel_scaf	5163	1	974380168
sel_scaf	5166	1	974380168
sel_scaf	5173	1	974380168
sel_scaf	5174	1	974380168
sel_scaf	5180	1	974380168
sel_scaf	5191	2	974380168
sel_scaf	5193	1	974380168
sel_scaf	5196	1	974380168
sel_scaf	5201	1	974380168
sel_scaf	5210	1	974380168
sel_scaf	5213	1	974380168
sel_scaf	5225	2	974380168
sel_scaf	5227	1	974380168
sel_scaf	5230	1	974380168
sel_scaf	5233	1	974380168
sel_scaf	5239	1	974380168
sel_scaf	5242	1	974380168
sel_scaf	5246	1	974380168
sel_scaf	5253	1	974380168
sel_scaf	5255	1	974380168
sel_scaf	5256	1	974380168
sel_scaf	5258	1	974380168
sel_scaf	5259	2	974380168
sel_scaf	5261	1	974380168
sel_scaf	5264	1	974380168
sel_scaf	5266	1	974380168
sel_scaf	5278	1	974380168
sel_scaf	5379	1	974380168
sel_scaf	5612	1	974380168
sel_scaf	5995	1	974380168
sel_scaf	6107	1	974380168
sel_scaf	6281	1	974380168
sel_scaf	6289	1	974380168
sel_scaf	6465	1	974380168
sel_scaf	6545	1	974380168
sel_scaf	6648	1	974380168
sel_scaf	6855	1	974380168
sel_scaf	7010	1	974380168
sel_scaf	7066	1	974380168
sel_scaf	7110	1	974380168
sel_scaf	7290	1	974380168
sel_scaf	7306	1	974380168
sel_scaf	7450	1	974380168
sel_scaf	7455	1	974380168
sel_scaf	7470	1	974380168
sel_scaf	7565	1	974380168
sel_scaf	7612	1	974380168
sel_scaf	7650	1	974380168
sel_scaf	7716	1	974380168
sel_scaf	7730	1	974380168
sel_scaf	7781	1	974380168
sel_scaf	7816	1	974380168
sel_scaf	7847	1	974380168
sel_scaf	7914	1	974380168
sel_scaf	7945	1	974380168
sel_scaf	8105	1	974380168
sel_scaf	8139	1	974380168
sel_scaf	8241	1	974380168
sel_scaf	8266	1	974380168
sel_scaf	8390	1	974380168
sel_scaf	8401	1	974380168
sel_scaf	8507	1	974380168
sel_scaf	8536	1	974380168
sel_scaf	8571	1	974380168
sel_scaf	8610	1	974380168
sel_scaf	8704	1	974380168
sel_scaf	8717	1	974380168
sel_scaf	8833	1	974380168
sel_scaf	8856	1	974380168
sel_scaf	8872	1	974380168
sel_scaf	8933	1	974380168
sel_scaf	8997	1	974380168
sel_scaf	9047	1	974380168
sel_scaf	9121	1	974380168
sel_scaf	9163	1	974380168
sel_scaf	9176	1	974380168
sel_scaf	9236	1	974380168
sel_scaf	9269	1	974380168
sel_scaf	9335	1	974380168
sel_scaf	9339	1	974380168
sel_scaf	9378	1	974380168
sel_scaf	9393	1	974380168
sel_scaf	9431	1	974380168
sel_scaf	9436	1	974380168
sel_scaf	9457	1	974380168
sel_scaf	9469	1	974380168
sel_scaf	9496	1	974380168
sel_scaf	9512	1	974380168
sel_scaf	9549	1	974380168
sel_scaf	9578	1	974380168
sel_scaf	9617	1	974380168
sel_scaf	9629	1	974380168
sel_scaf	9653	1	974380168
sel_scaf	9696	1	974380168
sel_scaf	9706	1	974380168
sel_scaf	9744	1	974380168
sel_scaf	9762	1	974380168
sel_scaf	9807	1	974380168
sel_scaf	9808	1	974380168
sel_scaf	9816	1	974380168
sel_scaf	9868	1	974380168
sel_scaf	9925	1	974380168
sel_scaf	9975	1	974380168
sel_scaf	10012	1	974380168
sel_scaf	10020	1	974380168
sel_scaf	10078	1	974380168
sel_scaf	10117	1	974380168
sel_scaf	10129	1	974380168
sel_scaf	10134	1	974380168
sel_scaf	10173	1	974380168
sel_scaf	10190	1	974380168
sel_scaf	10237	1	974380168
sel_scaf	10243	1	974380168
sel_scaf	10270	1	974380168
sel_scaf	10293	1	974380168
sel_scaf	10294	1	974380168
sel_scaf	10298	1	974380168
sel_scaf	10299	1	974380168
sel_scaf	10300	1	974380168
sel_scaf	10304	1	974380168
sel_scaf	10314	1	974380168
sel_scaf	10331	1	974380168
sel_scaf	10342	1	974380168
sel_scaf	10362	1	974380168
sel_scaf	10374	1	974380168
sel_scaf	10387	1	974380168
sel_scaf	10412	1	974380168
sel_scaf	10490	1	974380168
sel_scaf	10657	1	974380168
sel_scaf	10771	1	974380168
sel_scaf	10947	1	974380168
sel_scaf	11180	1	974380168
sel_scaf	11287	1	974380168
sel_scaf	11491	1	974380168
sel_scaf	11497	1	974380168
sel_scaf	11750	1	974380168
sel_scaf	11899	1	974380168
sel_scaf	12031	1	974380168
sel_scaf	12132	1	974380168
sel_scaf	12330	1	974380168
sel_scaf	12511	1	974380168
sel_scaf	12533	1	974380168
sel_scaf	12813	1	974380168
sel_scaf	12904	1	974380168
sel_scaf	13105	1	974380168
sel_scaf	13148	1	974380168
sel_scaf	13282	1	974380168
sel_scaf	13401	1	974380168
sel_scaf	13510	1	974380168
sel_scaf	13516	1	974380168
sel_scaf	13606	1	974380168
sel_scaf	13649	1	974380168
sel_scaf	13688	1	974380168
sel_scaf	13699	1	974380168
sel_scaf	13734	1	974380168
sel_scaf	13756	1	974380168
sel_scaf	13766	1	974380168
sel_scaf	13774	1	974380168
sel_scaf	13779	1	974380168
sel_scaf	13783	1	974380168
sel_scaf	13790	1	974380168
sel_scaf	13794	1	974380168
sel_scaf	13796	1	974380168
sel_scaf	13800	1	974380168
sel_scaf	13803	1	974380168
sel_scaf	13807	1	974380168
sel_scaf	13809	1	974380168
sel_scaf	13811	1	974380168
sel_scaf	13815	6	974380168
sel_scaf	13817	3	974380168
sel_scaf	13818	4	974380168
sel_scaf	13819	11	974380168
sel_scaf	13820	5	974380168
sel_scaf	13821	3	974380168
sel_scaf	13822	1	974380168
sel_scaf	13824	1	974380168
sel_scaf	13850	1	974380168
sel_scaf	13851	1	974380168
