feature	depth	Nsites	totalNsites
sel_scaf	0	87246534	974380168
sel_scaf	1	14567221	974380168
sel_scaf	2	15495618	974380168
sel_scaf	3	17857611	974380168
sel_scaf	4	21255246	974380168
sel_scaf	5	25787776	974380168
sel_scaf	6	31558334	974380168
sel_scaf	7	38354285	974380168
sel_scaf	8	45781446	974380168
sel_scaf	9	53342537	974380168
sel_scaf	10	60137531	974380168
sel_scaf	11	65304367	974380168
sel_scaf	12	68154386	974380168
sel_scaf	13	68137157	974380168
sel_scaf	14	65287431	974380168
sel_scaf	15	60009042	974380168
sel_scaf	16	52896272	974380168
sel_scaf	17	44833413	974380168
sel_scaf	18	36560145	974380168
sel_scaf	19	28730419	974380168
sel_scaf	20	21736662	974380168
sel_scaf	21	15902646	974380168
sel_scaf	22	11269462	974380168
sel_scaf	23	7741138	974380168
sel_scaf	24	5182148	974380168
sel_scaf	25	3386789	974380168
sel_scaf	26	2185645	974380168
sel_scaf	27	1389448	974380168
sel_scaf	28	882087	974380168
sel_scaf	29	567729	974380168
sel_scaf	30	377262	974380168
sel_scaf	31	259974	974380168
sel_scaf	32	191896	974380168
sel_scaf	33	148715	974380168
sel_scaf	34	122195	974380168
sel_scaf	35	104222	974380168
sel_scaf	36	90699	974380168
sel_scaf	37	80462	974380168
sel_scaf	38	72406	974380168
sel_scaf	39	65312	974380168
sel_scaf	40	59733	974380168
sel_scaf	41	54264	974380168
sel_scaf	42	49767	974380168
sel_scaf	43	46048	974380168
sel_scaf	44	43233	974380168
sel_scaf	45	40088	974380168
sel_scaf	46	37374	974380168
sel_scaf	47	34887	974380168
sel_scaf	48	33250	974380168
sel_scaf	49	30680	974380168
sel_scaf	50	28640	974380168
sel_scaf	51	27618	974380168
sel_scaf	52	25817	974380168
sel_scaf	53	23923	974380168
sel_scaf	54	22657	974380168
sel_scaf	55	21499	974380168
sel_scaf	56	20665	974380168
sel_scaf	57	19426	974380168
sel_scaf	58	18600	974380168
sel_scaf	59	17416	974380168
sel_scaf	60	16641	974380168
sel_scaf	61	16141	974380168
sel_scaf	62	15610	974380168
sel_scaf	63	15147	974380168
sel_scaf	64	14713	974380168
sel_scaf	65	14082	974380168
sel_scaf	66	13939	974380168
sel_scaf	67	13014	974380168
sel_scaf	68	12365	974380168
sel_scaf	69	12209	974380168
sel_scaf	70	11559	974380168
sel_scaf	71	11142	974380168
sel_scaf	72	10795	974380168
sel_scaf	73	10562	974380168
sel_scaf	74	10262	974380168
sel_scaf	75	9890	974380168
sel_scaf	76	9320	974380168
sel_scaf	77	8992	974380168
sel_scaf	78	8822	974380168
sel_scaf	79	8705	974380168
sel_scaf	80	8459	974380168
sel_scaf	81	7922	974380168
sel_scaf	82	7617	974380168
sel_scaf	83	7176	974380168
sel_scaf	84	7295	974380168
sel_scaf	85	6648	974380168
sel_scaf	86	6770	974380168
sel_scaf	87	6395	974380168
sel_scaf	88	6182	974380168
sel_scaf	89	6066	974380168
sel_scaf	90	5734	974380168
sel_scaf	91	5278	974380168
sel_scaf	92	5196	974380168
sel_scaf	93	5163	974380168
sel_scaf	94	4948	974380168
sel_scaf	95	4766	974380168
sel_scaf	96	4599	974380168
sel_scaf	97	4185	974380168
sel_scaf	98	4367	974380168
sel_scaf	99	4149	974380168
sel_scaf	100	4125	974380168
sel_scaf	101	3967	974380168
sel_scaf	102	4242	974380168
sel_scaf	103	4057	974380168
sel_scaf	104	3896	974380168
sel_scaf	105	3977	974380168
sel_scaf	106	3837	974380168
sel_scaf	107	3763	974380168
sel_scaf	108	3683	974380168
sel_scaf	109	3559	974380168
sel_scaf	110	3614	974380168
sel_scaf	111	3406	974380168
sel_scaf	112	3583	974380168
sel_scaf	113	3326	974380168
sel_scaf	114	3395	974380168
sel_scaf	115	3335	974380168
sel_scaf	116	3380	974380168
sel_scaf	117	3412	974380168
sel_scaf	118	3304	974380168
sel_scaf	119	3159	974380168
sel_scaf	120	3299	974380168
sel_scaf	121	3047	974380168
sel_scaf	122	2875	974380168
sel_scaf	123	2760	974380168
sel_scaf	124	2828	974380168
sel_scaf	125	2644	974380168
sel_scaf	126	2673	974380168
sel_scaf	127	2615	974380168
sel_scaf	128	2706	974380168
sel_scaf	129	2546	974380168
sel_scaf	130	2442	974380168
sel_scaf	131	2342	974380168
sel_scaf	132	2505	974380168
sel_scaf	133	2538	974380168
sel_scaf	134	2341	974380168
sel_scaf	135	2371	974380168
sel_scaf	136	2170	974380168
sel_scaf	137	2061	974380168
sel_scaf	138	2146	974380168
sel_scaf	139	2016	974380168
sel_scaf	140	2189	974380168
sel_scaf	141	2055	974380168
sel_scaf	142	1950	974380168
sel_scaf	143	1939	974380168
sel_scaf	144	1833	974380168
sel_scaf	145	1865	974380168
sel_scaf	146	1786	974380168
sel_scaf	147	1727	974380168
sel_scaf	148	1736	974380168
sel_scaf	149	1668	974380168
sel_scaf	150	1640	974380168
sel_scaf	151	1579	974380168
sel_scaf	152	1591	974380168
sel_scaf	153	1538	974380168
sel_scaf	154	1502	974380168
sel_scaf	155	1551	974380168
sel_scaf	156	1415	974380168
sel_scaf	157	1332	974380168
sel_scaf	158	1397	974380168
sel_scaf	159	1413	974380168
sel_scaf	160	1330	974380168
sel_scaf	161	1355	974380168
sel_scaf	162	1272	974380168
sel_scaf	163	1312	974380168
sel_scaf	164	1368	974380168
sel_scaf	165	1381	974380168
sel_scaf	166	1365	974380168
sel_scaf	167	1257	974380168
sel_scaf	168	1158	974380168
sel_scaf	169	1255	974380168
sel_scaf	170	1104	974380168
sel_scaf	171	1209	974380168
sel_scaf	172	1106	974380168
sel_scaf	173	1160	974380168
sel_scaf	174	1124	974380168
sel_scaf	175	1151	974380168
sel_scaf	176	1035	974380168
sel_scaf	177	1054	974380168
sel_scaf	178	1072	974380168
sel_scaf	179	1149	974380168
sel_scaf	180	1079	974380168
sel_scaf	181	1022	974380168
sel_scaf	182	1012	974380168
sel_scaf	183	986	974380168
sel_scaf	184	886	974380168
sel_scaf	185	938	974380168
sel_scaf	186	951	974380168
sel_scaf	187	926	974380168
sel_scaf	188	889	974380168
sel_scaf	189	909	974380168
sel_scaf	190	866	974380168
sel_scaf	191	874	974380168
sel_scaf	192	834	974380168
sel_scaf	193	832	974380168
sel_scaf	194	781	974380168
sel_scaf	195	816	974380168
sel_scaf	196	838	974380168
sel_scaf	197	832	974380168
sel_scaf	198	881	974380168
sel_scaf	199	800	974380168
sel_scaf	200	727	974380168
sel_scaf	201	757	974380168
sel_scaf	202	771	974380168
sel_scaf	203	723	974380168
sel_scaf	204	741	974380168
sel_scaf	205	825	974380168
sel_scaf	206	729	974380168
sel_scaf	207	676	974380168
sel_scaf	208	649	974380168
sel_scaf	209	646	974380168
sel_scaf	210	661	974380168
sel_scaf	211	631	974380168
sel_scaf	212	637	974380168
sel_scaf	213	589	974380168
sel_scaf	214	645	974380168
sel_scaf	215	587	974380168
sel_scaf	216	662	974380168
sel_scaf	217	594	974380168
sel_scaf	218	588	974380168
sel_scaf	219	599	974380168
sel_scaf	220	554	974380168
sel_scaf	221	665	974380168
sel_scaf	222	614	974380168
sel_scaf	223	584	974380168
sel_scaf	224	612	974380168
sel_scaf	225	530	974380168
sel_scaf	226	525	974380168
sel_scaf	227	537	974380168
sel_scaf	228	531	974380168
sel_scaf	229	487	974380168
sel_scaf	230	524	974380168
sel_scaf	231	547	974380168
sel_scaf	232	466	974380168
sel_scaf	233	428	974380168
sel_scaf	234	459	974380168
sel_scaf	235	472	974380168
sel_scaf	236	479	974380168
sel_scaf	237	517	974380168
sel_scaf	238	530	974380168
sel_scaf	239	497	974380168
sel_scaf	240	441	974380168
sel_scaf	241	491	974380168
sel_scaf	242	456	974380168
sel_scaf	243	471	974380168
sel_scaf	244	482	974380168
sel_scaf	245	453	974380168
sel_scaf	246	439	974380168
sel_scaf	247	429	974380168
sel_scaf	248	446	974380168
sel_scaf	249	436	974380168
sel_scaf	250	433	974380168
sel_scaf	251	477	974380168
sel_scaf	252	451	974380168
sel_scaf	253	422	974380168
sel_scaf	254	449	974380168
sel_scaf	255	518	974380168
sel_scaf	256	438	974380168
sel_scaf	257	444	974380168
sel_scaf	258	411	974380168
sel_scaf	259	451	974380168
sel_scaf	260	480	974380168
sel_scaf	261	425	974380168
sel_scaf	262	478	974380168
sel_scaf	263	457	974380168
sel_scaf	264	480	974380168
sel_scaf	265	497	974380168
sel_scaf	266	453	974380168
sel_scaf	267	471	974380168
sel_scaf	268	444	974380168
sel_scaf	269	450	974380168
sel_scaf	270	384	974380168
sel_scaf	271	415	974380168
sel_scaf	272	379	974380168
sel_scaf	273	369	974380168
sel_scaf	274	405	974380168
sel_scaf	275	431	974380168
sel_scaf	276	413	974380168
sel_scaf	277	384	974380168
sel_scaf	278	379	974380168
sel_scaf	279	369	974380168
sel_scaf	280	366	974380168
sel_scaf	281	356	974380168
sel_scaf	282	341	974380168
sel_scaf	283	356	974380168
sel_scaf	284	395	974380168
sel_scaf	285	315	974380168
sel_scaf	286	328	974380168
sel_scaf	287	379	974380168
sel_scaf	288	341	974380168
sel_scaf	289	312	974380168
sel_scaf	290	354	974380168
sel_scaf	291	349	974380168
sel_scaf	292	317	974380168
sel_scaf	293	381	974380168
sel_scaf	294	358	974380168
sel_scaf	295	369	974380168
sel_scaf	296	331	974380168
sel_scaf	297	294	974380168
sel_scaf	298	288	974380168
sel_scaf	299	251	974380168
sel_scaf	300	260	974380168
sel_scaf	301	254	974380168
sel_scaf	302	258	974380168
sel_scaf	303	268	974380168
sel_scaf	304	243	974380168
sel_scaf	305	248	974380168
sel_scaf	306	265	974380168
sel_scaf	307	247	974380168
sel_scaf	308	259	974380168
sel_scaf	309	239	974380168
sel_scaf	310	267	974380168
sel_scaf	311	276	974380168
sel_scaf	312	259	974380168
sel_scaf	313	240	974380168
sel_scaf	314	267	974380168
sel_scaf	315	261	974380168
sel_scaf	316	228	974380168
sel_scaf	317	273	974380168
sel_scaf	318	240	974380168
sel_scaf	319	260	974380168
sel_scaf	320	233	974380168
sel_scaf	321	231	974380168
sel_scaf	322	230	974380168
sel_scaf	323	230	974380168
sel_scaf	324	260	974380168
sel_scaf	325	232	974380168
sel_scaf	326	258	974380168
sel_scaf	327	241	974380168
sel_scaf	328	205	974380168
sel_scaf	329	230	974380168
sel_scaf	330	256	974380168
sel_scaf	331	221	974380168
sel_scaf	332	231	974380168
sel_scaf	333	211	974380168
sel_scaf	334	211	974380168
sel_scaf	335	186	974380168
sel_scaf	336	230	974380168
sel_scaf	337	233	974380168
sel_scaf	338	220	974380168
sel_scaf	339	215	974380168
sel_scaf	340	220	974380168
sel_scaf	341	217	974380168
sel_scaf	342	177	974380168
sel_scaf	343	194	974380168
sel_scaf	344	203	974380168
sel_scaf	345	199	974380168
sel_scaf	346	192	974380168
sel_scaf	347	209	974380168
sel_scaf	348	212	974380168
sel_scaf	349	199	974380168
sel_scaf	350	199	974380168
sel_scaf	351	204	974380168
sel_scaf	352	183	974380168
sel_scaf	353	178	974380168
sel_scaf	354	153	974380168
sel_scaf	355	193	974380168
sel_scaf	356	151	974380168
sel_scaf	357	170	974380168
sel_scaf	358	189	974380168
sel_scaf	359	175	974380168
sel_scaf	360	197	974380168
sel_scaf	361	171	974380168
sel_scaf	362	183	974380168
sel_scaf	363	172	974380168
sel_scaf	364	141	974380168
sel_scaf	365	207	974380168
sel_scaf	366	154	974380168
sel_scaf	367	170	974380168
sel_scaf	368	157	974380168
sel_scaf	369	148	974380168
sel_scaf	370	171	974380168
sel_scaf	371	156	974380168
sel_scaf	372	180	974380168
sel_scaf	373	167	974380168
sel_scaf	374	138	974380168
sel_scaf	375	138	974380168
sel_scaf	376	153	974380168
sel_scaf	377	164	974380168
sel_scaf	378	164	974380168
sel_scaf	379	163	974380168
sel_scaf	380	138	974380168
sel_scaf	381	154	974380168
sel_scaf	382	172	974380168
sel_scaf	383	130	974380168
sel_scaf	384	177	974380168
sel_scaf	385	146	974380168
sel_scaf	386	143	974380168
sel_scaf	387	123	974380168
sel_scaf	388	123	974380168
sel_scaf	389	118	974380168
sel_scaf	390	145	974380168
sel_scaf	391	162	974380168
sel_scaf	392	149	974380168
sel_scaf	393	149	974380168
sel_scaf	394	145	974380168
sel_scaf	395	155	974380168
sel_scaf	396	144	974380168
sel_scaf	397	155	974380168
sel_scaf	398	105	974380168
sel_scaf	399	162	974380168
sel_scaf	400	141	974380168
sel_scaf	401	128	974380168
sel_scaf	402	125	974380168
sel_scaf	403	119	974380168
sel_scaf	404	109	974380168
sel_scaf	405	166	974380168
sel_scaf	406	126	974380168
sel_scaf	407	132	974380168
sel_scaf	408	125	974380168
sel_scaf	409	130	974380168
sel_scaf	410	124	974380168
sel_scaf	411	129	974380168
sel_scaf	412	128	974380168
sel_scaf	413	124	974380168
sel_scaf	414	102	974380168
sel_scaf	415	119	974380168
sel_scaf	416	102	974380168
sel_scaf	417	97	974380168
sel_scaf	418	105	974380168
sel_scaf	419	98	974380168
sel_scaf	420	114	974380168
sel_scaf	421	113	974380168
sel_scaf	422	108	974380168
sel_scaf	423	104	974380168
sel_scaf	424	92	974380168
sel_scaf	425	92	974380168
sel_scaf	426	102	974380168
sel_scaf	427	108	974380168
sel_scaf	428	116	974380168
sel_scaf	429	91	974380168
sel_scaf	430	110	974380168
sel_scaf	431	102	974380168
sel_scaf	432	103	974380168
sel_scaf	433	124	974380168
sel_scaf	434	105	974380168
sel_scaf	435	89	974380168
sel_scaf	436	68	974380168
sel_scaf	437	89	974380168
sel_scaf	438	94	974380168
sel_scaf	439	74	974380168
sel_scaf	440	88	974380168
sel_scaf	441	117	974380168
sel_scaf	442	97	974380168
sel_scaf	443	81	974380168
sel_scaf	444	86	974380168
sel_scaf	445	107	974380168
sel_scaf	446	101	974380168
sel_scaf	447	108	974380168
sel_scaf	448	88	974380168
sel_scaf	449	83	974380168
sel_scaf	450	123	974380168
sel_scaf	451	102	974380168
sel_scaf	452	105	974380168
sel_scaf	453	115	974380168
sel_scaf	454	99	974380168
sel_scaf	455	100	974380168
sel_scaf	456	101	974380168
sel_scaf	457	116	974380168
sel_scaf	458	106	974380168
sel_scaf	459	95	974380168
sel_scaf	460	109	974380168
sel_scaf	461	95	974380168
sel_scaf	462	98	974380168
sel_scaf	463	79	974380168
sel_scaf	464	108	974380168
sel_scaf	465	101	974380168
sel_scaf	466	77	974380168
sel_scaf	467	87	974380168
sel_scaf	468	101	974380168
sel_scaf	469	92	974380168
sel_scaf	470	109	974380168
sel_scaf	471	113	974380168
sel_scaf	472	87	974380168
sel_scaf	473	103	974380168
sel_scaf	474	102	974380168
sel_scaf	475	88	974380168
sel_scaf	476	82	974380168
sel_scaf	477	105	974380168
sel_scaf	478	93	974380168
sel_scaf	479	101	974380168
sel_scaf	480	94	974380168
sel_scaf	481	93	974380168
sel_scaf	482	80	974380168
sel_scaf	483	76	974380168
sel_scaf	484	82	974380168
sel_scaf	485	90	974380168
sel_scaf	486	108	974380168
sel_scaf	487	71	974380168
sel_scaf	488	75	974380168
sel_scaf	489	80	974380168
sel_scaf	490	77	974380168
sel_scaf	491	87	974380168
sel_scaf	492	108	974380168
sel_scaf	493	106	974380168
sel_scaf	494	81	974380168
sel_scaf	495	104	974380168
sel_scaf	496	74	974380168
sel_scaf	497	75	974380168
sel_scaf	498	75	974380168
sel_scaf	499	91	974380168
sel_scaf	500	70	974380168
sel_scaf	501	98	974380168
sel_scaf	502	102	974380168
sel_scaf	503	95	974380168
sel_scaf	504	120	974380168
sel_scaf	505	83	974380168
sel_scaf	506	84	974380168
sel_scaf	507	83	974380168
sel_scaf	508	91	974380168
sel_scaf	509	85	974380168
sel_scaf	510	91	974380168
sel_scaf	511	99	974380168
sel_scaf	512	85	974380168
sel_scaf	513	83	974380168
sel_scaf	514	96	974380168
sel_scaf	515	73	974380168
sel_scaf	516	66	974380168
sel_scaf	517	91	974380168
sel_scaf	518	82	974380168
sel_scaf	519	74	974380168
sel_scaf	520	61	974380168
sel_scaf	521	77	974380168
sel_scaf	522	77	974380168
sel_scaf	523	73	974380168
sel_scaf	524	80	974380168
sel_scaf	525	89	974380168
sel_scaf	526	62	974380168
sel_scaf	527	70	974380168
sel_scaf	528	69	974380168
sel_scaf	529	55	974380168
sel_scaf	530	74	974380168
sel_scaf	531	70	974380168
sel_scaf	532	77	974380168
sel_scaf	533	69	974380168
sel_scaf	534	66	974380168
sel_scaf	535	69	974380168
sel_scaf	536	87	974380168
sel_scaf	537	86	974380168
sel_scaf	538	73	974380168
sel_scaf	539	66	974380168
sel_scaf	540	76	974380168
sel_scaf	541	69	974380168
sel_scaf	542	87	974380168
sel_scaf	543	82	974380168
sel_scaf	544	73	974380168
sel_scaf	545	83	974380168
sel_scaf	546	58	974380168
sel_scaf	547	52	974380168
sel_scaf	548	72	974380168
sel_scaf	549	72	974380168
sel_scaf	550	73	974380168
sel_scaf	551	66	974380168
sel_scaf	552	84	974380168
sel_scaf	553	69	974380168
sel_scaf	554	60	974380168
sel_scaf	555	63	974380168
sel_scaf	556	66	974380168
sel_scaf	557	67	974380168
sel_scaf	558	72	974380168
sel_scaf	559	77	974380168
sel_scaf	560	64	974380168
sel_scaf	561	61	974380168
sel_scaf	562	76	974380168
sel_scaf	563	70	974380168
sel_scaf	564	71	974380168
sel_scaf	565	65	974380168
sel_scaf	566	65	974380168
sel_scaf	567	64	974380168
sel_scaf	568	72	974380168
sel_scaf	569	78	974380168
sel_scaf	570	73	974380168
sel_scaf	571	57	974380168
sel_scaf	572	62	974380168
sel_scaf	573	79	974380168
sel_scaf	574	67	974380168
sel_scaf	575	97	974380168
sel_scaf	576	62	974380168
sel_scaf	577	60	974380168
sel_scaf	578	51	974380168
sel_scaf	579	57	974380168
sel_scaf	580	60	974380168
sel_scaf	581	52	974380168
sel_scaf	582	45	974380168
sel_scaf	583	74	974380168
sel_scaf	584	51	974380168
sel_scaf	585	57	974380168
sel_scaf	586	48	974380168
sel_scaf	587	63	974380168
sel_scaf	588	53	974380168
sel_scaf	589	51	974380168
sel_scaf	590	56	974380168
sel_scaf	591	43	974380168
sel_scaf	592	51	974380168
sel_scaf	593	49	974380168
sel_scaf	594	46	974380168
sel_scaf	595	43	974380168
sel_scaf	596	52	974380168
sel_scaf	597	44	974380168
sel_scaf	598	58	974380168
sel_scaf	599	40	974380168
sel_scaf	600	52	974380168
sel_scaf	601	48	974380168
sel_scaf	602	47	974380168
sel_scaf	603	51	974380168
sel_scaf	604	52	974380168
sel_scaf	605	44	974380168
sel_scaf	606	42	974380168
sel_scaf	607	42	974380168
sel_scaf	608	41	974380168
sel_scaf	609	44	974380168
sel_scaf	610	56	974380168
sel_scaf	611	48	974380168
sel_scaf	612	53	974380168
sel_scaf	613	54	974380168
sel_scaf	614	68	974380168
sel_scaf	615	58	974380168
sel_scaf	616	52	974380168
sel_scaf	617	63	974380168
sel_scaf	618	47	974380168
sel_scaf	619	48	974380168
sel_scaf	620	69	974380168
sel_scaf	621	63	974380168
sel_scaf	622	61	974380168
sel_scaf	623	45	974380168
sel_scaf	624	63	974380168
sel_scaf	625	43	974380168
sel_scaf	626	67	974380168
sel_scaf	627	60	974380168
sel_scaf	628	58	974380168
sel_scaf	629	42	974380168
sel_scaf	630	61	974380168
sel_scaf	631	56	974380168
sel_scaf	632	45	974380168
sel_scaf	633	56	974380168
sel_scaf	634	61	974380168
sel_scaf	635	60	974380168
sel_scaf	636	54	974380168
sel_scaf	637	65	974380168
sel_scaf	638	60	974380168
sel_scaf	639	77	974380168
sel_scaf	640	66	974380168
sel_scaf	641	65	974380168
sel_scaf	642	61	974380168
sel_scaf	643	64	974380168
sel_scaf	644	44	974380168
sel_scaf	645	52	974380168
sel_scaf	646	50	974380168
sel_scaf	647	57	974380168
sel_scaf	648	65	974380168
sel_scaf	649	62	974380168
sel_scaf	650	75	974380168
sel_scaf	651	57	974380168
sel_scaf	652	57	974380168
sel_scaf	653	54	974380168
sel_scaf	654	43	974380168
sel_scaf	655	48	974380168
sel_scaf	656	49	974380168
sel_scaf	657	69	974380168
sel_scaf	658	46	974380168
sel_scaf	659	53	974380168
sel_scaf	660	50	974380168
sel_scaf	661	86	974380168
sel_scaf	662	68	974380168
sel_scaf	663	49	974380168
sel_scaf	664	67	974380168
sel_scaf	665	56	974380168
sel_scaf	666	78	974380168
sel_scaf	667	54	974380168
sel_scaf	668	52	974380168
sel_scaf	669	58	974380168
sel_scaf	670	43	974380168
sel_scaf	671	44	974380168
sel_scaf	672	55	974380168
sel_scaf	673	75	974380168
sel_scaf	674	57	974380168
sel_scaf	675	60	974380168
sel_scaf	676	50	974380168
sel_scaf	677	70	974380168
sel_scaf	678	62	974380168
sel_scaf	679	38	974380168
sel_scaf	680	71	974380168
sel_scaf	681	53	974380168
sel_scaf	682	64	974380168
sel_scaf	683	68	974380168
sel_scaf	684	51	974380168
sel_scaf	685	51	974380168
sel_scaf	686	49	974380168
sel_scaf	687	42	974380168
sel_scaf	688	53	974380168
sel_scaf	689	56	974380168
sel_scaf	690	63	974380168
sel_scaf	691	61	974380168
sel_scaf	692	44	974380168
sel_scaf	693	45	974380168
sel_scaf	694	42	974380168
sel_scaf	695	53	974380168
sel_scaf	696	50	974380168
sel_scaf	697	58	974380168
sel_scaf	698	54	974380168
sel_scaf	699	56	974380168
sel_scaf	700	42	974380168
sel_scaf	701	45	974380168
sel_scaf	702	47	974380168
sel_scaf	703	42	974380168
sel_scaf	704	34	974380168
sel_scaf	705	37	974380168
sel_scaf	706	37	974380168
sel_scaf	707	27	974380168
sel_scaf	708	37	974380168
sel_scaf	709	41	974380168
sel_scaf	710	45	974380168
sel_scaf	711	24	974380168
sel_scaf	712	35	974380168
sel_scaf	713	44	974380168
sel_scaf	714	39	974380168
sel_scaf	715	36	974380168
sel_scaf	716	43	974380168
sel_scaf	717	22	974380168
sel_scaf	718	35	974380168
sel_scaf	719	42	974380168
sel_scaf	720	35	974380168
sel_scaf	721	23	974380168
sel_scaf	722	46	974380168
sel_scaf	723	47	974380168
sel_scaf	724	40	974380168
sel_scaf	725	45	974380168
sel_scaf	726	46	974380168
sel_scaf	727	45	974380168
sel_scaf	728	30	974380168
sel_scaf	729	43	974380168
sel_scaf	730	45	974380168
sel_scaf	731	51	974380168
sel_scaf	732	40	974380168
sel_scaf	733	45	974380168
sel_scaf	734	47	974380168
sel_scaf	735	46	974380168
sel_scaf	736	45	974380168
sel_scaf	737	41	974380168
sel_scaf	738	42	974380168
sel_scaf	739	32	974380168
sel_scaf	740	38	974380168
sel_scaf	741	34	974380168
sel_scaf	742	29	974380168
sel_scaf	743	41	974380168
sel_scaf	744	47	974380168
sel_scaf	745	41	974380168
sel_scaf	746	31	974380168
sel_scaf	747	36	974380168
sel_scaf	748	34	974380168
sel_scaf	749	28	974380168
sel_scaf	750	28	974380168
sel_scaf	751	30	974380168
sel_scaf	752	37	974380168
sel_scaf	753	33	974380168
sel_scaf	754	38	974380168
sel_scaf	755	37	974380168
sel_scaf	756	28	974380168
sel_scaf	757	31	974380168
sel_scaf	758	45	974380168
sel_scaf	759	30	974380168
sel_scaf	760	34	974380168
sel_scaf	761	45	974380168
sel_scaf	762	74	974380168
sel_scaf	763	48	974380168
sel_scaf	764	28	974380168
sel_scaf	765	34	974380168
sel_scaf	766	26	974380168
sel_scaf	767	24	974380168
sel_scaf	768	41	974380168
sel_scaf	769	42	974380168
sel_scaf	770	36	974380168
sel_scaf	771	26	974380168
sel_scaf	772	34	974380168
sel_scaf	773	38	974380168
sel_scaf	774	23	974380168
sel_scaf	775	37	974380168
sel_scaf	776	34	974380168
sel_scaf	777	32	974380168
sel_scaf	778	32	974380168
sel_scaf	779	38	974380168
sel_scaf	780	30	974380168
sel_scaf	781	38	974380168
sel_scaf	782	22	974380168
sel_scaf	783	32	974380168
sel_scaf	784	26	974380168
sel_scaf	785	40	974380168
sel_scaf	786	27	974380168
sel_scaf	787	29	974380168
sel_scaf	788	33	974380168
sel_scaf	789	28	974380168
sel_scaf	790	23	974380168
sel_scaf	791	25	974380168
sel_scaf	792	28	974380168
sel_scaf	793	31	974380168
sel_scaf	794	30	974380168
sel_scaf	795	33	974380168
sel_scaf	796	32	974380168
sel_scaf	797	25	974380168
sel_scaf	798	31	974380168
sel_scaf	799	21	974380168
sel_scaf	800	26	974380168
sel_scaf	801	24	974380168
sel_scaf	802	34	974380168
sel_scaf	803	28	974380168
sel_scaf	804	31	974380168
sel_scaf	805	30	974380168
sel_scaf	806	33	974380168
sel_scaf	807	29	974380168
sel_scaf	808	21	974380168
sel_scaf	809	27	974380168
sel_scaf	810	25	974380168
sel_scaf	811	30	974380168
sel_scaf	812	29	974380168
sel_scaf	813	34	974380168
sel_scaf	814	27	974380168
sel_scaf	815	45	974380168
sel_scaf	816	30	974380168
sel_scaf	817	28	974380168
sel_scaf	818	38	974380168
sel_scaf	819	35	974380168
sel_scaf	820	36	974380168
sel_scaf	821	34	974380168
sel_scaf	822	54	974380168
sel_scaf	823	44	974380168
sel_scaf	824	40	974380168
sel_scaf	825	41	974380168
sel_scaf	826	45	974380168
sel_scaf	827	41	974380168
sel_scaf	828	34	974380168
sel_scaf	829	54	974380168
sel_scaf	830	42	974380168
sel_scaf	831	35	974380168
sel_scaf	832	30	974380168
sel_scaf	833	28	974380168
sel_scaf	834	34	974380168
sel_scaf	835	44	974380168
sel_scaf	836	29	974380168
sel_scaf	837	35	974380168
sel_scaf	838	21	974380168
sel_scaf	839	37	974380168
sel_scaf	840	29	974380168
sel_scaf	841	30	974380168
sel_scaf	842	33	974380168
sel_scaf	843	26	974380168
sel_scaf	844	31	974380168
sel_scaf	845	35	974380168
sel_scaf	846	35	974380168
sel_scaf	847	36	974380168
sel_scaf	848	34	974380168
sel_scaf	849	38	974380168
sel_scaf	850	35	974380168
sel_scaf	851	54	974380168
sel_scaf	852	33	974380168
sel_scaf	853	32	974380168
sel_scaf	854	31	974380168
sel_scaf	855	41	974380168
sel_scaf	856	25	974380168
sel_scaf	857	28	974380168
sel_scaf	858	26	974380168
sel_scaf	859	28	974380168
sel_scaf	860	26	974380168
sel_scaf	861	21	974380168
sel_scaf	862	23	974380168
sel_scaf	863	17	974380168
sel_scaf	864	37	974380168
sel_scaf	865	28	974380168
sel_scaf	866	36	974380168
sel_scaf	867	26	974380168
sel_scaf	868	23	974380168
sel_scaf	869	26	974380168
sel_scaf	870	28	974380168
sel_scaf	871	23	974380168
sel_scaf	872	11	974380168
sel_scaf	873	22	974380168
sel_scaf	874	19	974380168
sel_scaf	875	26	974380168
sel_scaf	876	17	974380168
sel_scaf	877	30	974380168
sel_scaf	878	22	974380168
sel_scaf	879	22	974380168
sel_scaf	880	37	974380168
sel_scaf	881	28	974380168
sel_scaf	882	22	974380168
sel_scaf	883	30	974380168
sel_scaf	884	16	974380168
sel_scaf	885	24	974380168
sel_scaf	886	20	974380168
sel_scaf	887	20	974380168
sel_scaf	888	26	974380168
sel_scaf	889	16	974380168
sel_scaf	890	29	974380168
sel_scaf	891	16	974380168
sel_scaf	892	20	974380168
sel_scaf	893	34	974380168
sel_scaf	894	25	974380168
sel_scaf	895	21	974380168
sel_scaf	896	19	974380168
sel_scaf	897	19	974380168
sel_scaf	898	22	974380168
sel_scaf	899	28	974380168
sel_scaf	900	21	974380168
sel_scaf	901	18	974380168
sel_scaf	902	20	974380168
sel_scaf	903	19	974380168
sel_scaf	904	18	974380168
sel_scaf	905	21	974380168
sel_scaf	906	32	974380168
sel_scaf	907	17	974380168
sel_scaf	908	26	974380168
sel_scaf	909	23	974380168
sel_scaf	910	17	974380168
sel_scaf	911	28	974380168
sel_scaf	912	21	974380168
sel_scaf	913	28	974380168
sel_scaf	914	24	974380168
sel_scaf	915	16	974380168
sel_scaf	916	20	974380168
sel_scaf	917	26	974380168
sel_scaf	918	25	974380168
sel_scaf	919	26	974380168
sel_scaf	920	30	974380168
sel_scaf	921	24	974380168
sel_scaf	922	31	974380168
sel_scaf	923	19	974380168
sel_scaf	924	21	974380168
sel_scaf	925	19	974380168
sel_scaf	926	25	974380168
sel_scaf	927	25	974380168
sel_scaf	928	26	974380168
sel_scaf	929	33	974380168
sel_scaf	930	25	974380168
sel_scaf	931	27	974380168
sel_scaf	932	40	974380168
sel_scaf	933	27	974380168
sel_scaf	934	18	974380168
sel_scaf	935	21	974380168
sel_scaf	936	23	974380168
sel_scaf	937	21	974380168
sel_scaf	938	21	974380168
sel_scaf	939	27	974380168
sel_scaf	940	22	974380168
sel_scaf	941	25	974380168
sel_scaf	942	22	974380168
sel_scaf	943	18	974380168
sel_scaf	944	24	974380168
sel_scaf	945	12	974380168
sel_scaf	946	31	974380168
sel_scaf	947	23	974380168
sel_scaf	948	22	974380168
sel_scaf	949	29	974380168
sel_scaf	950	29	974380168
sel_scaf	951	30	974380168
sel_scaf	952	32	974380168
sel_scaf	953	24	974380168
sel_scaf	954	24	974380168
sel_scaf	955	21	974380168
sel_scaf	956	19	974380168
sel_scaf	957	21	974380168
sel_scaf	958	21	974380168
sel_scaf	959	28	974380168
sel_scaf	960	30	974380168
sel_scaf	961	20	974380168
sel_scaf	962	17	974380168
sel_scaf	963	15	974380168
sel_scaf	964	16	974380168
sel_scaf	965	18	974380168
sel_scaf	966	18	974380168
sel_scaf	967	18	974380168
sel_scaf	968	9	974380168
sel_scaf	969	25	974380168
sel_scaf	970	14	974380168
sel_scaf	971	20	974380168
sel_scaf	972	13	974380168
sel_scaf	973	17	974380168
sel_scaf	974	17	974380168
sel_scaf	975	25	974380168
sel_scaf	976	13	974380168
sel_scaf	977	24	974380168
sel_scaf	978	16	974380168
sel_scaf	979	14	974380168
sel_scaf	980	14	974380168
sel_scaf	981	14	974380168
sel_scaf	982	20	974380168
sel_scaf	983	22	974380168
sel_scaf	984	24	974380168
sel_scaf	985	22	974380168
sel_scaf	986	16	974380168
sel_scaf	987	20	974380168
sel_scaf	988	17	974380168
sel_scaf	989	19	974380168
sel_scaf	990	15	974380168
sel_scaf	991	14	974380168
sel_scaf	992	12	974380168
sel_scaf	993	24	974380168
sel_scaf	994	14	974380168
sel_scaf	995	11	974380168
sel_scaf	996	12	974380168
sel_scaf	997	20	974380168
sel_scaf	998	12	974380168
sel_scaf	999	18	974380168
sel_scaf	1000	14	974380168
sel_scaf	1001	15	974380168
sel_scaf	1002	15	974380168
sel_scaf	1003	20	974380168
sel_scaf	1004	17	974380168
sel_scaf	1005	10	974380168
sel_scaf	1006	13	974380168
sel_scaf	1007	20	974380168
sel_scaf	1008	15	974380168
sel_scaf	1009	22	974380168
sel_scaf	1010	17	974380168
sel_scaf	1011	16	974380168
sel_scaf	1012	10	974380168
sel_scaf	1013	18	974380168
sel_scaf	1014	15	974380168
sel_scaf	1015	13	974380168
sel_scaf	1016	15	974380168
sel_scaf	1017	13	974380168
sel_scaf	1018	21	974380168
sel_scaf	1019	10	974380168
sel_scaf	1020	16	974380168
sel_scaf	1021	17	974380168
sel_scaf	1022	27	974380168
sel_scaf	1023	15	974380168
sel_scaf	1024	9	974380168
sel_scaf	1025	7	974380168
sel_scaf	1026	16	974380168
sel_scaf	1027	9	974380168
sel_scaf	1028	11	974380168
sel_scaf	1029	16	974380168
sel_scaf	1030	13	974380168
sel_scaf	1031	11	974380168
sel_scaf	1032	20	974380168
sel_scaf	1033	15	974380168
sel_scaf	1034	15	974380168
sel_scaf	1035	18	974380168
sel_scaf	1036	14	974380168
sel_scaf	1037	16	974380168
sel_scaf	1038	9	974380168
sel_scaf	1039	6	974380168
sel_scaf	1040	14	974380168
sel_scaf	1041	19	974380168
sel_scaf	1042	17	974380168
sel_scaf	1043	19	974380168
sel_scaf	1044	13	974380168
sel_scaf	1045	12	974380168
sel_scaf	1046	16	974380168
sel_scaf	1047	12	974380168
sel_scaf	1048	16	974380168
sel_scaf	1049	7	974380168
sel_scaf	1050	11	974380168
sel_scaf	1051	17	974380168
sel_scaf	1052	12	974380168
sel_scaf	1053	18	974380168
sel_scaf	1054	12	974380168
sel_scaf	1055	9	974380168
sel_scaf	1056	17	974380168
sel_scaf	1057	16	974380168
sel_scaf	1058	15	974380168
sel_scaf	1059	12	974380168
sel_scaf	1060	12	974380168
sel_scaf	1061	20	974380168
sel_scaf	1062	13	974380168
sel_scaf	1063	9	974380168
sel_scaf	1064	10	974380168
sel_scaf	1065	15	974380168
sel_scaf	1066	11	974380168
sel_scaf	1067	14	974380168
sel_scaf	1068	15	974380168
sel_scaf	1069	18	974380168
sel_scaf	1070	13	974380168
sel_scaf	1071	14	974380168
sel_scaf	1072	20	974380168
sel_scaf	1073	13	974380168
sel_scaf	1074	15	974380168
sel_scaf	1075	10	974380168
sel_scaf	1076	10	974380168
sel_scaf	1077	12	974380168
sel_scaf	1078	11	974380168
sel_scaf	1079	18	974380168
sel_scaf	1080	14	974380168
sel_scaf	1081	9	974380168
sel_scaf	1082	15	974380168
sel_scaf	1083	13	974380168
sel_scaf	1084	3	974380168
sel_scaf	1085	19	974380168
sel_scaf	1086	17	974380168
sel_scaf	1087	11	974380168
sel_scaf	1088	8	974380168
sel_scaf	1089	13	974380168
sel_scaf	1090	5	974380168
sel_scaf	1091	13	974380168
sel_scaf	1092	13	974380168
sel_scaf	1093	16	974380168
sel_scaf	1094	13	974380168
sel_scaf	1095	7	974380168
sel_scaf	1096	11	974380168
sel_scaf	1097	12	974380168
sel_scaf	1098	16	974380168
sel_scaf	1099	17	974380168
sel_scaf	1100	9	974380168
sel_scaf	1101	15	974380168
sel_scaf	1102	16	974380168
sel_scaf	1103	15	974380168
sel_scaf	1104	11	974380168
sel_scaf	1105	12	974380168
sel_scaf	1106	12	974380168
sel_scaf	1107	11	974380168
sel_scaf	1108	14	974380168
sel_scaf	1109	13	974380168
sel_scaf	1110	9	974380168
sel_scaf	1111	15	974380168
sel_scaf	1112	11	974380168
sel_scaf	1113	12	974380168
sel_scaf	1114	12	974380168
sel_scaf	1115	14	974380168
sel_scaf	1116	16	974380168
sel_scaf	1117	13	974380168
sel_scaf	1118	13	974380168
sel_scaf	1119	14	974380168
sel_scaf	1120	16	974380168
sel_scaf	1121	9	974380168
sel_scaf	1122	11	974380168
sel_scaf	1123	15	974380168
sel_scaf	1124	12	974380168
sel_scaf	1125	22	974380168
sel_scaf	1126	18	974380168
sel_scaf	1127	11	974380168
sel_scaf	1128	14	974380168
sel_scaf	1129	7	974380168
sel_scaf	1130	12	974380168
sel_scaf	1131	20	974380168
sel_scaf	1132	7	974380168
sel_scaf	1133	9	974380168
sel_scaf	1134	14	974380168
sel_scaf	1135	15	974380168
sel_scaf	1136	15	974380168
sel_scaf	1137	13	974380168
sel_scaf	1138	17	974380168
sel_scaf	1139	20	974380168
sel_scaf	1140	17	974380168
sel_scaf	1141	16	974380168
sel_scaf	1142	22	974380168
sel_scaf	1143	10	974380168
sel_scaf	1144	15	974380168
sel_scaf	1145	23	974380168
sel_scaf	1146	16	974380168
sel_scaf	1147	15	974380168
sel_scaf	1148	19	974380168
sel_scaf	1149	15	974380168
sel_scaf	1150	23	974380168
sel_scaf	1151	17	974380168
sel_scaf	1152	15	974380168
sel_scaf	1153	9	974380168
sel_scaf	1154	17	974380168
sel_scaf	1155	13	974380168
sel_scaf	1156	11	974380168
sel_scaf	1157	12	974380168
sel_scaf	1158	14	974380168
sel_scaf	1159	9	974380168
sel_scaf	1160	12	974380168
sel_scaf	1161	10	974380168
sel_scaf	1162	15	974380168
sel_scaf	1163	20	974380168
sel_scaf	1164	12	974380168
sel_scaf	1165	23	974380168
sel_scaf	1166	19	974380168
sel_scaf	1167	14	974380168
sel_scaf	1168	11	974380168
sel_scaf	1169	13	974380168
sel_scaf	1170	10	974380168
sel_scaf	1171	11	974380168
sel_scaf	1172	23	974380168
sel_scaf	1173	13	974380168
sel_scaf	1174	9	974380168
sel_scaf	1175	15	974380168
sel_scaf	1176	17	974380168
sel_scaf	1177	11	974380168
sel_scaf	1178	11	974380168
sel_scaf	1179	15	974380168
sel_scaf	1180	15	974380168
sel_scaf	1181	10	974380168
sel_scaf	1182	10	974380168
sel_scaf	1183	10	974380168
sel_scaf	1184	11	974380168
sel_scaf	1185	7	974380168
sel_scaf	1186	7	974380168
sel_scaf	1187	9	974380168
sel_scaf	1188	8	974380168
sel_scaf	1189	10	974380168
sel_scaf	1190	15	974380168
sel_scaf	1191	14	974380168
sel_scaf	1192	10	974380168
sel_scaf	1193	7	974380168
sel_scaf	1194	9	974380168
sel_scaf	1195	8	974380168
sel_scaf	1196	6	974380168
sel_scaf	1197	9	974380168
sel_scaf	1198	13	974380168
sel_scaf	1199	7	974380168
sel_scaf	1200	11	974380168
sel_scaf	1201	16	974380168
sel_scaf	1202	15	974380168
sel_scaf	1203	13	974380168
sel_scaf	1204	7	974380168
sel_scaf	1205	7	974380168
sel_scaf	1206	10	974380168
sel_scaf	1207	13	974380168
sel_scaf	1208	11	974380168
sel_scaf	1209	13	974380168
sel_scaf	1210	14	974380168
sel_scaf	1211	10	974380168
sel_scaf	1212	18	974380168
sel_scaf	1213	8	974380168
sel_scaf	1214	9	974380168
sel_scaf	1215	12	974380168
sel_scaf	1216	13	974380168
sel_scaf	1217	7	974380168
sel_scaf	1218	12	974380168
sel_scaf	1219	9	974380168
sel_scaf	1220	7	974380168
sel_scaf	1221	10	974380168
sel_scaf	1222	9	974380168
sel_scaf	1223	12	974380168
sel_scaf	1224	12	974380168
sel_scaf	1225	7	974380168
sel_scaf	1226	4	974380168
sel_scaf	1227	10	974380168
sel_scaf	1228	11	974380168
sel_scaf	1229	10	974380168
sel_scaf	1230	14	974380168
sel_scaf	1231	10	974380168
sel_scaf	1232	8	974380168
sel_scaf	1233	10	974380168
sel_scaf	1234	5	974380168
sel_scaf	1235	13	974380168
sel_scaf	1236	11	974380168
sel_scaf	1237	11	974380168
sel_scaf	1238	9	974380168
sel_scaf	1239	19	974380168
sel_scaf	1240	6	974380168
sel_scaf	1241	15	974380168
sel_scaf	1242	12	974380168
sel_scaf	1243	15	974380168
sel_scaf	1244	7	974380168
sel_scaf	1245	12	974380168
sel_scaf	1246	12	974380168
sel_scaf	1247	12	974380168
sel_scaf	1248	12	974380168
sel_scaf	1249	14	974380168
sel_scaf	1250	12	974380168
sel_scaf	1251	13	974380168
sel_scaf	1252	26	974380168
sel_scaf	1253	8	974380168
sel_scaf	1254	12	974380168
sel_scaf	1255	5	974380168
sel_scaf	1256	11	974380168
sel_scaf	1257	18	974380168
sel_scaf	1258	11	974380168
sel_scaf	1259	12	974380168
sel_scaf	1260	9	974380168
sel_scaf	1261	8	974380168
sel_scaf	1262	10	974380168
sel_scaf	1263	8	974380168
sel_scaf	1264	10	974380168
sel_scaf	1265	13	974380168
sel_scaf	1266	10	974380168
sel_scaf	1267	10	974380168
sel_scaf	1268	5	974380168
sel_scaf	1269	15	974380168
sel_scaf	1270	16	974380168
sel_scaf	1271	10	974380168
sel_scaf	1272	13	974380168
sel_scaf	1273	12	974380168
sel_scaf	1274	9	974380168
sel_scaf	1275	11	974380168
sel_scaf	1276	13	974380168
sel_scaf	1277	6	974380168
sel_scaf	1278	11	974380168
sel_scaf	1279	14	974380168
sel_scaf	1280	11	974380168
sel_scaf	1281	8	974380168
sel_scaf	1282	9	974380168
sel_scaf	1283	8	974380168
sel_scaf	1284	11	974380168
sel_scaf	1285	9	974380168
sel_scaf	1286	18	974380168
sel_scaf	1287	13	974380168
sel_scaf	1288	15	974380168
sel_scaf	1289	16	974380168
sel_scaf	1290	18	974380168
sel_scaf	1291	20	974380168
sel_scaf	1292	24	974380168
sel_scaf	1293	12	974380168
sel_scaf	1294	6	974380168
sel_scaf	1295	4	974380168
sel_scaf	1296	7	974380168
sel_scaf	1297	6	974380168
sel_scaf	1298	11	974380168
sel_scaf	1299	5	974380168
sel_scaf	1300	6	974380168
sel_scaf	1301	5	974380168
sel_scaf	1302	8	974380168
sel_scaf	1303	5	974380168
sel_scaf	1304	14	974380168
sel_scaf	1305	10	974380168
sel_scaf	1306	3	974380168
sel_scaf	1307	4	974380168
sel_scaf	1308	8	974380168
sel_scaf	1309	7	974380168
sel_scaf	1310	9	974380168
sel_scaf	1311	7	974380168
sel_scaf	1312	5	974380168
sel_scaf	1313	15	974380168
sel_scaf	1314	7	974380168
sel_scaf	1315	8	974380168
sel_scaf	1316	9	974380168
sel_scaf	1317	5	974380168
sel_scaf	1318	5	974380168
sel_scaf	1319	8	974380168
sel_scaf	1320	7	974380168
sel_scaf	1321	10	974380168
sel_scaf	1322	13	974380168
sel_scaf	1323	14	974380168
sel_scaf	1324	9	974380168
sel_scaf	1325	10	974380168
sel_scaf	1326	5	974380168
sel_scaf	1327	5	974380168
sel_scaf	1328	6	974380168
sel_scaf	1329	11	974380168
sel_scaf	1330	9	974380168
sel_scaf	1331	10	974380168
sel_scaf	1332	11	974380168
sel_scaf	1333	5	974380168
sel_scaf	1334	9	974380168
sel_scaf	1335	13	974380168
sel_scaf	1336	12	974380168
sel_scaf	1337	5	974380168
sel_scaf	1338	8	974380168
sel_scaf	1339	9	974380168
sel_scaf	1340	9	974380168
sel_scaf	1341	7	974380168
sel_scaf	1342	12	974380168
sel_scaf	1343	4	974380168
sel_scaf	1344	6	974380168
sel_scaf	1345	8	974380168
sel_scaf	1346	9	974380168
sel_scaf	1347	3	974380168
sel_scaf	1348	6	974380168
sel_scaf	1349	12	974380168
sel_scaf	1350	2	974380168
sel_scaf	1351	5	974380168
sel_scaf	1352	3	974380168
sel_scaf	1353	3	974380168
sel_scaf	1354	7	974380168
sel_scaf	1355	10	974380168
sel_scaf	1356	5	974380168
sel_scaf	1357	5	974380168
sel_scaf	1358	8	974380168
sel_scaf	1359	8	974380168
sel_scaf	1360	5	974380168
sel_scaf	1361	7	974380168
sel_scaf	1362	5	974380168
sel_scaf	1363	8	974380168
sel_scaf	1364	14	974380168
sel_scaf	1365	7	974380168
sel_scaf	1366	7	974380168
sel_scaf	1367	9	974380168
sel_scaf	1368	6	974380168
sel_scaf	1369	3	974380168
sel_scaf	1370	4	974380168
sel_scaf	1371	2	974380168
sel_scaf	1372	5	974380168
sel_scaf	1373	9	974380168
sel_scaf	1374	5	974380168
sel_scaf	1375	11	974380168
sel_scaf	1376	6	974380168
sel_scaf	1377	12	974380168
sel_scaf	1378	4	974380168
sel_scaf	1379	10	974380168
sel_scaf	1380	5	974380168
sel_scaf	1381	8	974380168
sel_scaf	1382	3	974380168
sel_scaf	1383	2	974380168
sel_scaf	1384	7	974380168
sel_scaf	1385	5	974380168
sel_scaf	1386	10	974380168
sel_scaf	1387	8	974380168
sel_scaf	1388	3	974380168
sel_scaf	1389	3	974380168
sel_scaf	1390	2	974380168
sel_scaf	1391	6	974380168
sel_scaf	1392	4	974380168
sel_scaf	1393	7	974380168
sel_scaf	1394	5	974380168
sel_scaf	1395	4	974380168
sel_scaf	1396	4	974380168
sel_scaf	1397	11	974380168
sel_scaf	1398	6	974380168
sel_scaf	1399	5	974380168
sel_scaf	1400	7	974380168
sel_scaf	1401	1	974380168
sel_scaf	1402	5	974380168
sel_scaf	1403	8	974380168
sel_scaf	1404	6	974380168
sel_scaf	1405	6	974380168
sel_scaf	1406	4	974380168
sel_scaf	1407	7	974380168
sel_scaf	1408	6	974380168
sel_scaf	1409	5	974380168
sel_scaf	1410	7	974380168
sel_scaf	1411	7	974380168
sel_scaf	1412	5	974380168
sel_scaf	1413	6	974380168
sel_scaf	1414	10	974380168
sel_scaf	1415	6	974380168
sel_scaf	1416	4	974380168
sel_scaf	1417	12	974380168
sel_scaf	1418	7	974380168
sel_scaf	1419	6	974380168
sel_scaf	1420	12	974380168
sel_scaf	1421	5	974380168
sel_scaf	1422	4	974380168
sel_scaf	1423	9	974380168
sel_scaf	1424	9	974380168
sel_scaf	1425	9	974380168
sel_scaf	1426	8	974380168
sel_scaf	1427	6	974380168
sel_scaf	1428	9	974380168
sel_scaf	1429	8	974380168
sel_scaf	1430	8	974380168
sel_scaf	1431	6	974380168
sel_scaf	1432	8	974380168
sel_scaf	1433	6	974380168
sel_scaf	1434	9	974380168
sel_scaf	1435	8	974380168
sel_scaf	1436	8	974380168
sel_scaf	1437	12	974380168
sel_scaf	1438	16	974380168
sel_scaf	1439	3	974380168
sel_scaf	1440	1	974380168
sel_scaf	1441	8	974380168
sel_scaf	1442	7	974380168
sel_scaf	1443	13	974380168
sel_scaf	1444	3	974380168
sel_scaf	1445	4	974380168
sel_scaf	1446	6	974380168
sel_scaf	1447	10	974380168
sel_scaf	1448	8	974380168
sel_scaf	1449	5	974380168
sel_scaf	1450	4	974380168
sel_scaf	1451	4	974380168
sel_scaf	1452	9	974380168
sel_scaf	1453	10	974380168
sel_scaf	1454	7	974380168
sel_scaf	1455	10	974380168
sel_scaf	1456	6	974380168
sel_scaf	1457	4	974380168
sel_scaf	1458	7	974380168
sel_scaf	1459	9	974380168
sel_scaf	1460	9	974380168
sel_scaf	1461	6	974380168
sel_scaf	1462	6	974380168
sel_scaf	1463	6	974380168
sel_scaf	1464	5	974380168
sel_scaf	1465	6	974380168
sel_scaf	1466	10	974380168
sel_scaf	1467	3	974380168
sel_scaf	1468	3	974380168
sel_scaf	1469	6	974380168
sel_scaf	1470	8	974380168
sel_scaf	1471	6	974380168
sel_scaf	1472	4	974380168
sel_scaf	1473	3	974380168
sel_scaf	1474	5	974380168
sel_scaf	1475	8	974380168
sel_scaf	1476	3	974380168
sel_scaf	1477	8	974380168
sel_scaf	1478	5	974380168
sel_scaf	1479	7	974380168
sel_scaf	1480	5	974380168
sel_scaf	1481	9	974380168
sel_scaf	1482	7	974380168
sel_scaf	1483	8	974380168
sel_scaf	1484	5	974380168
sel_scaf	1485	5	974380168
sel_scaf	1486	3	974380168
sel_scaf	1487	4	974380168
sel_scaf	1488	7	974380168
sel_scaf	1489	3	974380168
sel_scaf	1490	2	974380168
sel_scaf	1491	5	974380168
sel_scaf	1492	2	974380168
sel_scaf	1493	5	974380168
sel_scaf	1494	6	974380168
sel_scaf	1495	8	974380168
sel_scaf	1496	4	974380168
sel_scaf	1497	7	974380168
sel_scaf	1498	7	974380168
sel_scaf	1499	6	974380168
sel_scaf	1500	6	974380168
sel_scaf	1501	2	974380168
sel_scaf	1502	3	974380168
sel_scaf	1503	6	974380168
sel_scaf	1504	6	974380168
sel_scaf	1505	4	974380168
sel_scaf	1506	3	974380168
sel_scaf	1507	5	974380168
sel_scaf	1508	4	974380168
sel_scaf	1509	5	974380168
sel_scaf	1510	6	974380168
sel_scaf	1511	4	974380168
sel_scaf	1512	5	974380168
sel_scaf	1513	7	974380168
sel_scaf	1514	5	974380168
sel_scaf	1515	3	974380168
sel_scaf	1516	6	974380168
sel_scaf	1517	5	974380168
sel_scaf	1518	7	974380168
sel_scaf	1519	3	974380168
sel_scaf	1520	7	974380168
sel_scaf	1521	4	974380168
sel_scaf	1522	3	974380168
sel_scaf	1523	5	974380168
sel_scaf	1524	5	974380168
sel_scaf	1525	4	974380168
sel_scaf	1526	6	974380168
sel_scaf	1527	5	974380168
sel_scaf	1528	5	974380168
sel_scaf	1529	3	974380168
sel_scaf	1530	4	974380168
sel_scaf	1531	4	974380168
sel_scaf	1532	7	974380168
sel_scaf	1533	7	974380168
sel_scaf	1534	8	974380168
sel_scaf	1535	4	974380168
sel_scaf	1536	1	974380168
sel_scaf	1537	8	974380168
sel_scaf	1538	2	974380168
sel_scaf	1539	6	974380168
sel_scaf	1540	5	974380168
sel_scaf	1541	12	974380168
sel_scaf	1542	12	974380168
sel_scaf	1543	16	974380168
sel_scaf	1544	6	974380168
sel_scaf	1545	11	974380168
sel_scaf	1546	10	974380168
sel_scaf	1547	10	974380168
sel_scaf	1548	8	974380168
sel_scaf	1549	10	974380168
sel_scaf	1550	10	974380168
sel_scaf	1551	2	974380168
sel_scaf	1552	3	974380168
sel_scaf	1553	6	974380168
sel_scaf	1554	3	974380168
sel_scaf	1555	5	974380168
sel_scaf	1556	4	974380168
sel_scaf	1557	10	974380168
sel_scaf	1558	8	974380168
sel_scaf	1559	4	974380168
sel_scaf	1560	6	974380168
sel_scaf	1561	5	974380168
sel_scaf	1562	6	974380168
sel_scaf	1563	5	974380168
sel_scaf	1564	5	974380168
sel_scaf	1565	4	974380168
sel_scaf	1566	7	974380168
sel_scaf	1567	3	974380168
sel_scaf	1568	3	974380168
sel_scaf	1569	4	974380168
sel_scaf	1570	4	974380168
sel_scaf	1571	6	974380168
sel_scaf	1572	6	974380168
sel_scaf	1573	7	974380168
sel_scaf	1574	10	974380168
sel_scaf	1575	6	974380168
sel_scaf	1576	8	974380168
sel_scaf	1577	6	974380168
sel_scaf	1578	7	974380168
sel_scaf	1579	5	974380168
sel_scaf	1580	4	974380168
sel_scaf	1581	3	974380168
sel_scaf	1582	3	974380168
sel_scaf	1583	5	974380168
sel_scaf	1584	4	974380168
sel_scaf	1585	1	974380168
sel_scaf	1586	6	974380168
sel_scaf	1587	12	974380168
sel_scaf	1588	6	974380168
sel_scaf	1589	4	974380168
sel_scaf	1590	6	974380168
sel_scaf	1591	6	974380168
sel_scaf	1592	7	974380168
sel_scaf	1593	9	974380168
sel_scaf	1594	6	974380168
sel_scaf	1595	4	974380168
sel_scaf	1596	5	974380168
sel_scaf	1597	4	974380168
sel_scaf	1598	5	974380168
sel_scaf	1599	3	974380168
sel_scaf	1600	3	974380168
sel_scaf	1601	6	974380168
sel_scaf	1602	5	974380168
sel_scaf	1603	9	974380168
sel_scaf	1604	4	974380168
sel_scaf	1605	3	974380168
sel_scaf	1606	3	974380168
sel_scaf	1607	5	974380168
sel_scaf	1608	5	974380168
sel_scaf	1609	5	974380168
sel_scaf	1611	3	974380168
sel_scaf	1612	4	974380168
sel_scaf	1613	4	974380168
sel_scaf	1614	4	974380168
sel_scaf	1615	1	974380168
sel_scaf	1616	2	974380168
sel_scaf	1617	4	974380168
sel_scaf	1618	4	974380168
sel_scaf	1619	4	974380168
sel_scaf	1620	3	974380168
sel_scaf	1621	2	974380168
sel_scaf	1622	3	974380168
sel_scaf	1623	5	974380168
sel_scaf	1624	2	974380168
sel_scaf	1625	3	974380168
sel_scaf	1626	2	974380168
sel_scaf	1627	1	974380168
sel_scaf	1628	2	974380168
sel_scaf	1629	4	974380168
sel_scaf	1630	1	974380168
sel_scaf	1631	5	974380168
sel_scaf	1632	3	974380168
sel_scaf	1633	1	974380168
sel_scaf	1634	5	974380168
sel_scaf	1636	2	974380168
sel_scaf	1637	4	974380168
sel_scaf	1638	2	974380168
sel_scaf	1639	1	974380168
sel_scaf	1640	4	974380168
sel_scaf	1641	4	974380168
sel_scaf	1642	5	974380168
sel_scaf	1643	6	974380168
sel_scaf	1644	7	974380168
sel_scaf	1645	1	974380168
sel_scaf	1646	4	974380168
sel_scaf	1647	2	974380168
sel_scaf	1648	2	974380168
sel_scaf	1649	1	974380168
sel_scaf	1650	3	974380168
sel_scaf	1651	3	974380168
sel_scaf	1652	2	974380168
sel_scaf	1653	5	974380168
sel_scaf	1654	5	974380168
sel_scaf	1655	1	974380168
sel_scaf	1656	6	974380168
sel_scaf	1658	6	974380168
sel_scaf	1659	2	974380168
sel_scaf	1660	6	974380168
sel_scaf	1661	5	974380168
sel_scaf	1662	1	974380168
sel_scaf	1663	2	974380168
sel_scaf	1664	2	974380168
sel_scaf	1665	5	974380168
sel_scaf	1666	5	974380168
sel_scaf	1667	5	974380168
sel_scaf	1668	1	974380168
sel_scaf	1669	3	974380168
sel_scaf	1670	4	974380168
sel_scaf	1671	2	974380168
sel_scaf	1672	5	974380168
sel_scaf	1673	5	974380168
sel_scaf	1674	10	974380168
sel_scaf	1675	7	974380168
sel_scaf	1676	7	974380168
sel_scaf	1677	9	974380168
sel_scaf	1678	2	974380168
sel_scaf	1679	4	974380168
sel_scaf	1680	4	974380168
sel_scaf	1681	4	974380168
sel_scaf	1682	4	974380168
sel_scaf	1683	6	974380168
sel_scaf	1684	5	974380168
sel_scaf	1685	5	974380168
sel_scaf	1686	3	974380168
sel_scaf	1687	2	974380168
sel_scaf	1688	9	974380168
sel_scaf	1689	4	974380168
sel_scaf	1690	5	974380168
sel_scaf	1691	8	974380168
sel_scaf	1692	9	974380168
sel_scaf	1693	2	974380168
sel_scaf	1694	6	974380168
sel_scaf	1695	5	974380168
sel_scaf	1696	6	974380168
sel_scaf	1697	4	974380168
sel_scaf	1698	7	974380168
sel_scaf	1699	13	974380168
sel_scaf	1700	6	974380168
sel_scaf	1701	6	974380168
sel_scaf	1702	8	974380168
sel_scaf	1703	2	974380168
sel_scaf	1704	1	974380168
sel_scaf	1705	2	974380168
sel_scaf	1706	5	974380168
sel_scaf	1707	2	974380168
sel_scaf	1708	7	974380168
sel_scaf	1709	4	974380168
sel_scaf	1710	6	974380168
sel_scaf	1711	3	974380168
sel_scaf	1712	6	974380168
sel_scaf	1713	8	974380168
sel_scaf	1714	5	974380168
sel_scaf	1715	7	974380168
sel_scaf	1716	6	974380168
sel_scaf	1717	2	974380168
sel_scaf	1718	5	974380168
sel_scaf	1719	4	974380168
sel_scaf	1720	6	974380168
sel_scaf	1721	5	974380168
sel_scaf	1722	3	974380168
sel_scaf	1723	2	974380168
sel_scaf	1724	3	974380168
sel_scaf	1725	3	974380168
sel_scaf	1726	4	974380168
sel_scaf	1727	4	974380168
sel_scaf	1728	4	974380168
sel_scaf	1729	8	974380168
sel_scaf	1730	4	974380168
sel_scaf	1731	1	974380168
sel_scaf	1732	2	974380168
sel_scaf	1733	3	974380168
sel_scaf	1734	2	974380168
sel_scaf	1735	3	974380168
sel_scaf	1737	3	974380168
sel_scaf	1738	4	974380168
sel_scaf	1739	2	974380168
sel_scaf	1740	5	974380168
sel_scaf	1741	4	974380168
sel_scaf	1742	7	974380168
sel_scaf	1743	5	974380168
sel_scaf	1744	1	974380168
sel_scaf	1745	6	974380168
sel_scaf	1746	4	974380168
sel_scaf	1747	1	974380168
sel_scaf	1748	2	974380168
sel_scaf	1749	2	974380168
sel_scaf	1750	3	974380168
sel_scaf	1751	1	974380168
sel_scaf	1752	2	974380168
sel_scaf	1753	3	974380168
sel_scaf	1754	2	974380168
sel_scaf	1755	3	974380168
sel_scaf	1756	5	974380168
sel_scaf	1757	5	974380168
sel_scaf	1759	2	974380168
sel_scaf	1760	7	974380168
sel_scaf	1761	4	974380168
sel_scaf	1762	2	974380168
sel_scaf	1763	4	974380168
sel_scaf	1764	4	974380168
sel_scaf	1765	2	974380168
sel_scaf	1766	3	974380168
sel_scaf	1767	3	974380168
sel_scaf	1768	6	974380168
sel_scaf	1769	2	974380168
sel_scaf	1771	2	974380168
sel_scaf	1772	4	974380168
sel_scaf	1773	3	974380168
sel_scaf	1774	3	974380168
sel_scaf	1776	2	974380168
sel_scaf	1777	3	974380168
sel_scaf	1778	1	974380168
sel_scaf	1779	3	974380168
sel_scaf	1780	4	974380168
sel_scaf	1781	3	974380168
sel_scaf	1782	1	974380168
sel_scaf	1783	5	974380168
sel_scaf	1784	2	974380168
sel_scaf	1785	3	974380168
sel_scaf	1786	2	974380168
sel_scaf	1787	1	974380168
sel_scaf	1788	4	974380168
sel_scaf	1789	2	974380168
sel_scaf	1790	2	974380168
sel_scaf	1791	3	974380168
sel_scaf	1792	3	974380168
sel_scaf	1793	4	974380168
sel_scaf	1794	2	974380168
sel_scaf	1795	3	974380168
sel_scaf	1796	3	974380168
sel_scaf	1797	1	974380168
sel_scaf	1798	2	974380168
sel_scaf	1799	1	974380168
sel_scaf	1800	2	974380168
sel_scaf	1801	4	974380168
sel_scaf	1802	2	974380168
sel_scaf	1803	4	974380168
sel_scaf	1804	3	974380168
sel_scaf	1805	1	974380168
sel_scaf	1806	1	974380168
sel_scaf	1807	2	974380168
sel_scaf	1808	5	974380168
sel_scaf	1809	2	974380168
sel_scaf	1810	1	974380168
sel_scaf	1811	2	974380168
sel_scaf	1812	1	974380168
sel_scaf	1813	4	974380168
sel_scaf	1814	3	974380168
sel_scaf	1815	2	974380168
sel_scaf	1816	1	974380168
sel_scaf	1817	1	974380168
sel_scaf	1818	7	974380168
sel_scaf	1819	5	974380168
sel_scaf	1820	5	974380168
sel_scaf	1821	6	974380168
sel_scaf	1822	2	974380168
sel_scaf	1823	6	974380168
sel_scaf	1824	3	974380168
sel_scaf	1825	1	974380168
sel_scaf	1826	2	974380168
sel_scaf	1827	4	974380168
sel_scaf	1828	2	974380168
sel_scaf	1830	1	974380168
sel_scaf	1831	2	974380168
sel_scaf	1832	3	974380168
sel_scaf	1833	4	974380168
sel_scaf	1834	4	974380168
sel_scaf	1835	1	974380168
sel_scaf	1836	1	974380168
sel_scaf	1837	2	974380168
sel_scaf	1838	1	974380168
sel_scaf	1839	4	974380168
sel_scaf	1840	5	974380168
sel_scaf	1841	4	974380168
sel_scaf	1843	3	974380168
sel_scaf	1845	1	974380168
sel_scaf	1846	4	974380168
sel_scaf	1847	2	974380168
sel_scaf	1848	3	974380168
sel_scaf	1849	1	974380168
sel_scaf	1850	3	974380168
sel_scaf	1851	3	974380168
sel_scaf	1852	5	974380168
sel_scaf	1853	5	974380168
sel_scaf	1854	2	974380168
sel_scaf	1855	2	974380168
sel_scaf	1856	3	974380168
sel_scaf	1857	2	974380168
sel_scaf	1858	1	974380168
sel_scaf	1859	4	974380168
sel_scaf	1861	3	974380168
sel_scaf	1862	5	974380168
sel_scaf	1863	3	974380168
sel_scaf	1864	4	974380168
sel_scaf	1865	4	974380168
sel_scaf	1866	2	974380168
sel_scaf	1867	3	974380168
sel_scaf	1868	2	974380168
sel_scaf	1869	2	974380168
sel_scaf	1870	2	974380168
sel_scaf	1872	2	974380168
sel_scaf	1873	3	974380168
sel_scaf	1874	2	974380168
sel_scaf	1875	2	974380168
sel_scaf	1876	1	974380168
sel_scaf	1877	3	974380168
sel_scaf	1878	1	974380168
sel_scaf	1879	3	974380168
sel_scaf	1881	1	974380168
sel_scaf	1882	4	974380168
sel_scaf	1883	3	974380168
sel_scaf	1884	3	974380168
sel_scaf	1885	2	974380168
sel_scaf	1886	1	974380168
sel_scaf	1887	1	974380168
sel_scaf	1888	2	974380168
sel_scaf	1889	2	974380168
sel_scaf	1890	8	974380168
sel_scaf	1891	4	974380168
sel_scaf	1892	3	974380168
sel_scaf	1893	4	974380168
sel_scaf	1894	3	974380168
sel_scaf	1895	3	974380168
sel_scaf	1896	3	974380168
sel_scaf	1897	2	974380168
sel_scaf	1898	4	974380168
sel_scaf	1899	1	974380168
sel_scaf	1900	1	974380168
sel_scaf	1901	1	974380168
sel_scaf	1902	2	974380168
sel_scaf	1904	3	974380168
sel_scaf	1905	1	974380168
sel_scaf	1906	8	974380168
sel_scaf	1907	9	974380168
sel_scaf	1908	4	974380168
sel_scaf	1909	3	974380168
sel_scaf	1910	5	974380168
sel_scaf	1911	3	974380168
sel_scaf	1912	2	974380168
sel_scaf	1913	2	974380168
sel_scaf	1916	4	974380168
sel_scaf	1917	2	974380168
sel_scaf	1919	1	974380168
sel_scaf	1920	3	974380168
sel_scaf	1921	1	974380168
sel_scaf	1922	2	974380168
sel_scaf	1923	3	974380168
sel_scaf	1924	4	974380168
sel_scaf	1925	3	974380168
sel_scaf	1926	2	974380168
sel_scaf	1927	1	974380168
sel_scaf	1928	2	974380168
sel_scaf	1929	1	974380168
sel_scaf	1931	4	974380168
sel_scaf	1932	2	974380168
sel_scaf	1933	2	974380168
sel_scaf	1934	1	974380168
sel_scaf	1936	2	974380168
sel_scaf	1938	2	974380168
sel_scaf	1939	3	974380168
sel_scaf	1940	1	974380168
sel_scaf	1943	2	974380168
sel_scaf	1944	3	974380168
sel_scaf	1945	2	974380168
sel_scaf	1946	2	974380168
sel_scaf	1947	4	974380168
sel_scaf	1948	1	974380168
sel_scaf	1949	1	974380168
sel_scaf	1951	1	974380168
sel_scaf	1952	5	974380168
sel_scaf	1954	1	974380168
sel_scaf	1955	2	974380168
sel_scaf	1956	1	974380168
sel_scaf	1957	4	974380168
sel_scaf	1958	2	974380168
sel_scaf	1959	3	974380168
sel_scaf	1960	4	974380168
sel_scaf	1961	2	974380168
sel_scaf	1962	1	974380168
sel_scaf	1963	2	974380168
sel_scaf	1964	2	974380168
sel_scaf	1966	2	974380168
sel_scaf	1967	2	974380168
sel_scaf	1968	4	974380168
sel_scaf	1969	1	974380168
sel_scaf	1970	2	974380168
sel_scaf	1971	4	974380168
sel_scaf	1972	3	974380168
sel_scaf	1973	2	974380168
sel_scaf	1975	4	974380168
sel_scaf	1976	1	974380168
sel_scaf	1977	2	974380168
sel_scaf	1978	3	974380168
sel_scaf	1979	2	974380168
sel_scaf	1980	2	974380168
sel_scaf	1981	3	974380168
sel_scaf	1982	4	974380168
sel_scaf	1983	4	974380168
sel_scaf	1984	2	974380168
sel_scaf	1985	2	974380168
sel_scaf	1986	2	974380168
sel_scaf	1988	2	974380168
sel_scaf	1989	1	974380168
sel_scaf	1991	4	974380168
sel_scaf	1993	8	974380168
sel_scaf	1994	7	974380168
sel_scaf	1995	4	974380168
sel_scaf	1996	1	974380168
sel_scaf	1997	5	974380168
sel_scaf	1998	4	974380168
sel_scaf	1999	2	974380168
sel_scaf	2000	1	974380168
sel_scaf	2001	3	974380168
sel_scaf	2002	2	974380168
sel_scaf	2003	2	974380168
sel_scaf	2004	2	974380168
sel_scaf	2005	2	974380168
sel_scaf	2006	2	974380168
sel_scaf	2007	2	974380168
sel_scaf	2009	2	974380168
sel_scaf	2011	1	974380168
sel_scaf	2012	2	974380168
sel_scaf	2013	2	974380168
sel_scaf	2014	3	974380168
sel_scaf	2015	1	974380168
sel_scaf	2016	2	974380168
sel_scaf	2017	5	974380168
sel_scaf	2018	1	974380168
sel_scaf	2020	1	974380168
sel_scaf	2021	4	974380168
sel_scaf	2022	2	974380168
sel_scaf	2023	1	974380168
sel_scaf	2024	2	974380168
sel_scaf	2025	3	974380168
sel_scaf	2026	3	974380168
sel_scaf	2028	1	974380168
sel_scaf	2029	6	974380168
sel_scaf	2030	1	974380168
sel_scaf	2031	2	974380168
sel_scaf	2032	2	974380168
sel_scaf	2033	2	974380168
sel_scaf	2035	5	974380168
sel_scaf	2036	2	974380168
sel_scaf	2037	2	974380168
sel_scaf	2038	1	974380168
sel_scaf	2039	3	974380168
sel_scaf	2040	1	974380168
sel_scaf	2042	3	974380168
sel_scaf	2043	1	974380168
sel_scaf	2045	3	974380168
sel_scaf	2046	2	974380168
sel_scaf	2047	3	974380168
sel_scaf	2048	5	974380168
sel_scaf	2050	2	974380168
sel_scaf	2051	2	974380168
sel_scaf	2052	4	974380168
sel_scaf	2055	2	974380168
sel_scaf	2056	1	974380168
sel_scaf	2057	3	974380168
sel_scaf	2058	1	974380168
sel_scaf	2059	2	974380168
sel_scaf	2060	2	974380168
sel_scaf	2061	3	974380168
sel_scaf	2062	2	974380168
sel_scaf	2064	5	974380168
sel_scaf	2065	3	974380168
sel_scaf	2066	2	974380168
sel_scaf	2068	3	974380168
sel_scaf	2069	2	974380168
sel_scaf	2071	1	974380168
sel_scaf	2072	1	974380168
sel_scaf	2074	3	974380168
sel_scaf	2075	1	974380168
sel_scaf	2076	5	974380168
sel_scaf	2077	2	974380168
sel_scaf	2078	1	974380168
sel_scaf	2079	1	974380168
sel_scaf	2080	1	974380168
sel_scaf	2082	3	974380168
sel_scaf	2083	1	974380168
sel_scaf	2084	3	974380168
sel_scaf	2085	2	974380168
sel_scaf	2086	1	974380168
sel_scaf	2088	1	974380168
sel_scaf	2089	2	974380168
sel_scaf	2092	3	974380168
sel_scaf	2093	4	974380168
sel_scaf	2095	1	974380168
sel_scaf	2096	1	974380168
sel_scaf	2099	1	974380168
sel_scaf	2102	3	974380168
sel_scaf	2103	2	974380168
sel_scaf	2104	1	974380168
sel_scaf	2105	2	974380168
sel_scaf	2106	1	974380168
sel_scaf	2107	2	974380168
sel_scaf	2108	1	974380168
sel_scaf	2109	2	974380168
sel_scaf	2111	1	974380168
sel_scaf	2113	3	974380168
sel_scaf	2114	4	974380168
sel_scaf	2116	1	974380168
sel_scaf	2117	1	974380168
sel_scaf	2118	1	974380168
sel_scaf	2120	1	974380168
sel_scaf	2121	2	974380168
sel_scaf	2122	2	974380168
sel_scaf	2123	1	974380168
sel_scaf	2124	2	974380168
sel_scaf	2125	1	974380168
sel_scaf	2126	2	974380168
sel_scaf	2128	3	974380168
sel_scaf	2129	1	974380168
sel_scaf	2130	1	974380168
sel_scaf	2131	2	974380168
sel_scaf	2132	3	974380168
sel_scaf	2133	1	974380168
sel_scaf	2135	3	974380168
sel_scaf	2137	1	974380168
sel_scaf	2138	1	974380168
sel_scaf	2139	1	974380168
sel_scaf	2140	1	974380168
sel_scaf	2141	1	974380168
sel_scaf	2142	3	974380168
sel_scaf	2143	1	974380168
sel_scaf	2144	1	974380168
sel_scaf	2145	1	974380168
sel_scaf	2146	4	974380168
sel_scaf	2147	2	974380168
sel_scaf	2148	1	974380168
sel_scaf	2149	2	974380168
sel_scaf	2150	1	974380168
sel_scaf	2151	1	974380168
sel_scaf	2154	2	974380168
sel_scaf	2157	5	974380168
sel_scaf	2158	4	974380168
sel_scaf	2159	3	974380168
sel_scaf	2160	4	974380168
sel_scaf	2161	3	974380168
sel_scaf	2162	3	974380168
sel_scaf	2163	1	974380168
sel_scaf	2164	2	974380168
sel_scaf	2165	3	974380168
sel_scaf	2166	5	974380168
sel_scaf	2167	6	974380168
sel_scaf	2169	2	974380168
sel_scaf	2170	3	974380168
sel_scaf	2171	4	974380168
sel_scaf	2172	1	974380168
sel_scaf	2173	2	974380168
sel_scaf	2174	2	974380168
sel_scaf	2175	3	974380168
sel_scaf	2176	1	974380168
sel_scaf	2177	3	974380168
sel_scaf	2178	4	974380168
sel_scaf	2179	4	974380168
sel_scaf	2180	5	974380168
sel_scaf	2181	2	974380168
sel_scaf	2182	2	974380168
sel_scaf	2183	3	974380168
sel_scaf	2184	4	974380168
sel_scaf	2185	2	974380168
sel_scaf	2186	2	974380168
sel_scaf	2187	1	974380168
sel_scaf	2188	3	974380168
sel_scaf	2189	3	974380168
sel_scaf	2190	3	974380168
sel_scaf	2191	2	974380168
sel_scaf	2192	1	974380168
sel_scaf	2193	3	974380168
sel_scaf	2194	3	974380168
sel_scaf	2195	5	974380168
sel_scaf	2196	3	974380168
sel_scaf	2197	2	974380168
sel_scaf	2198	2	974380168
sel_scaf	2200	2	974380168
sel_scaf	2201	2	974380168
sel_scaf	2202	3	974380168
sel_scaf	2204	1	974380168
sel_scaf	2205	3	974380168
sel_scaf	2206	1	974380168
sel_scaf	2207	3	974380168
sel_scaf	2209	2	974380168
sel_scaf	2211	2	974380168
sel_scaf	2213	1	974380168
sel_scaf	2214	2	974380168
sel_scaf	2215	1	974380168
sel_scaf	2216	3	974380168
sel_scaf	2217	4	974380168
sel_scaf	2218	1	974380168
sel_scaf	2221	3	974380168
sel_scaf	2222	1	974380168
sel_scaf	2223	1	974380168
sel_scaf	2226	1	974380168
sel_scaf	2228	1	974380168
sel_scaf	2229	1	974380168
sel_scaf	2230	2	974380168
sel_scaf	2231	1	974380168
sel_scaf	2232	1	974380168
sel_scaf	2233	2	974380168
sel_scaf	2234	6	974380168
sel_scaf	2236	1	974380168
sel_scaf	2241	1	974380168
sel_scaf	2242	1	974380168
sel_scaf	2243	1	974380168
sel_scaf	2244	1	974380168
sel_scaf	2245	1	974380168
sel_scaf	2247	1	974380168
sel_scaf	2249	3	974380168
sel_scaf	2250	1	974380168
sel_scaf	2251	1	974380168
sel_scaf	2252	2	974380168
sel_scaf	2253	1	974380168
sel_scaf	2255	1	974380168
sel_scaf	2256	1	974380168
sel_scaf	2259	1	974380168
sel_scaf	2260	3	974380168
sel_scaf	2262	1	974380168
sel_scaf	2263	1	974380168
sel_scaf	2264	1	974380168
sel_scaf	2265	1	974380168
sel_scaf	2266	1	974380168
sel_scaf	2268	3	974380168
sel_scaf	2269	3	974380168
sel_scaf	2272	1	974380168
sel_scaf	2273	1	974380168
sel_scaf	2274	1	974380168
sel_scaf	2276	1	974380168
sel_scaf	2277	1	974380168
sel_scaf	2278	1	974380168
sel_scaf	2279	1	974380168
sel_scaf	2280	3	974380168
sel_scaf	2281	1	974380168
sel_scaf	2285	1	974380168
sel_scaf	2286	1	974380168
sel_scaf	2289	1	974380168
sel_scaf	2291	1	974380168
sel_scaf	2292	1	974380168
sel_scaf	2294	1	974380168
sel_scaf	2295	1	974380168
sel_scaf	2296	2	974380168
sel_scaf	2297	2	974380168
sel_scaf	2298	2	974380168
sel_scaf	2300	3	974380168
sel_scaf	2301	1	974380168
sel_scaf	2302	3	974380168
sel_scaf	2303	2	974380168
sel_scaf	2304	2	974380168
sel_scaf	2305	1	974380168
sel_scaf	2306	1	974380168
sel_scaf	2308	2	974380168
sel_scaf	2309	1	974380168
sel_scaf	2311	1	974380168
sel_scaf	2312	2	974380168
sel_scaf	2313	3	974380168
sel_scaf	2314	1	974380168
sel_scaf	2315	1	974380168
sel_scaf	2316	1	974380168
sel_scaf	2318	2	974380168
sel_scaf	2319	1	974380168
sel_scaf	2321	1	974380168
sel_scaf	2322	3	974380168
sel_scaf	2328	1	974380168
sel_scaf	2329	1	974380168
sel_scaf	2330	3	974380168
sel_scaf	2332	2	974380168
sel_scaf	2333	1	974380168
sel_scaf	2334	1	974380168
sel_scaf	2343	1	974380168
sel_scaf	2345	1	974380168
sel_scaf	2346	1	974380168
sel_scaf	2350	1	974380168
sel_scaf	2352	1	974380168
sel_scaf	2354	1	974380168
sel_scaf	2357	1	974380168
sel_scaf	2360	4	974380168
sel_scaf	2361	1	974380168
sel_scaf	2365	2	974380168
sel_scaf	2368	1	974380168
sel_scaf	2373	1	974380168
sel_scaf	2375	1	974380168
sel_scaf	2377	2	974380168
sel_scaf	2379	1	974380168
sel_scaf	2382	2	974380168
sel_scaf	2384	1	974380168
sel_scaf	2386	1	974380168
sel_scaf	2390	2	974380168
sel_scaf	2391	1	974380168
sel_scaf	2394	1	974380168
sel_scaf	2395	1	974380168
sel_scaf	2397	1	974380168
sel_scaf	2399	1	974380168
sel_scaf	2400	1	974380168
sel_scaf	2401	1	974380168
sel_scaf	2403	1	974380168
sel_scaf	2405	2	974380168
sel_scaf	2406	2	974380168
sel_scaf	2409	1	974380168
sel_scaf	2411	3	974380168
sel_scaf	2412	1	974380168
sel_scaf	2415	3	974380168
sel_scaf	2416	1	974380168
sel_scaf	2417	2	974380168
sel_scaf	2419	1	974380168
sel_scaf	2420	1	974380168
sel_scaf	2422	4	974380168
sel_scaf	2425	1	974380168
sel_scaf	2426	1	974380168
sel_scaf	2427	1	974380168
sel_scaf	2428	2	974380168
sel_scaf	2432	2	974380168
sel_scaf	2434	1	974380168
sel_scaf	2435	1	974380168
sel_scaf	2437	2	974380168
sel_scaf	2438	2	974380168
sel_scaf	2439	1	974380168
sel_scaf	2440	1	974380168
sel_scaf	2444	2	974380168
sel_scaf	2447	1	974380168
sel_scaf	2448	2	974380168
sel_scaf	2449	2	974380168
sel_scaf	2450	2	974380168
sel_scaf	2452	3	974380168
sel_scaf	2453	2	974380168
sel_scaf	2454	1	974380168
sel_scaf	2455	2	974380168
sel_scaf	2458	1	974380168
sel_scaf	2459	2	974380168
sel_scaf	2460	2	974380168
sel_scaf	2461	1	974380168
sel_scaf	2462	1	974380168
sel_scaf	2463	2	974380168
sel_scaf	2464	1	974380168
sel_scaf	2465	2	974380168
sel_scaf	2466	1	974380168
sel_scaf	2469	3	974380168
sel_scaf	2471	3	974380168
sel_scaf	2472	2	974380168
sel_scaf	2473	2	974380168
sel_scaf	2474	3	974380168
sel_scaf	2475	3	974380168
sel_scaf	2476	2	974380168
sel_scaf	2477	3	974380168
sel_scaf	2478	2	974380168
sel_scaf	2479	5	974380168
sel_scaf	2481	3	974380168
sel_scaf	2482	3	974380168
sel_scaf	2483	4	974380168
sel_scaf	2484	2	974380168
sel_scaf	2485	2	974380168
sel_scaf	2486	3	974380168
sel_scaf	2487	1	974380168
sel_scaf	2488	1	974380168
sel_scaf	2489	1	974380168
sel_scaf	2490	1	974380168
sel_scaf	2491	1	974380168
sel_scaf	2492	2	974380168
sel_scaf	2493	3	974380168
sel_scaf	2494	2	974380168
sel_scaf	2495	2	974380168
sel_scaf	2497	1	974380168
sel_scaf	2498	2	974380168
sel_scaf	2499	4	974380168
sel_scaf	2500	4	974380168
sel_scaf	2501	3	974380168
sel_scaf	2502	3	974380168
sel_scaf	2503	1	974380168
sel_scaf	2504	2	974380168
sel_scaf	2505	4	974380168
sel_scaf	2508	2	974380168
sel_scaf	2509	1	974380168
sel_scaf	2510	3	974380168
sel_scaf	2511	3	974380168
sel_scaf	2514	2	974380168
sel_scaf	2516	2	974380168
sel_scaf	2517	1	974380168
sel_scaf	2518	2	974380168
sel_scaf	2519	1	974380168
sel_scaf	2520	3	974380168
sel_scaf	2521	2	974380168
sel_scaf	2522	3	974380168
sel_scaf	2523	2	974380168
sel_scaf	2524	1	974380168
sel_scaf	2525	1	974380168
sel_scaf	2526	5	974380168
sel_scaf	2527	2	974380168
sel_scaf	2528	2	974380168
sel_scaf	2529	4	974380168
sel_scaf	2530	2	974380168
sel_scaf	2533	2	974380168
sel_scaf	2534	1	974380168
sel_scaf	2535	1	974380168
sel_scaf	2537	1	974380168
sel_scaf	2538	2	974380168
sel_scaf	2539	2	974380168
sel_scaf	2540	1	974380168
sel_scaf	2544	2	974380168
sel_scaf	2545	3	974380168
sel_scaf	2548	2	974380168
sel_scaf	2550	1	974380168
sel_scaf	2552	2	974380168
sel_scaf	2553	3	974380168
sel_scaf	2556	1	974380168
sel_scaf	2558	3	974380168
sel_scaf	2559	2	974380168
sel_scaf	2560	1	974380168
sel_scaf	2565	1	974380168
sel_scaf	2567	1	974380168
sel_scaf	2568	1	974380168
sel_scaf	2571	3	974380168
sel_scaf	2573	1	974380168
sel_scaf	2574	1	974380168
sel_scaf	2575	2	974380168
sel_scaf	2577	1	974380168
sel_scaf	2578	1	974380168
sel_scaf	2580	1	974380168
sel_scaf	2581	2	974380168
sel_scaf	2583	2	974380168
sel_scaf	2584	2	974380168
sel_scaf	2585	1	974380168
sel_scaf	2586	1	974380168
sel_scaf	2592	1	974380168
sel_scaf	2593	3	974380168
sel_scaf	2595	1	974380168
sel_scaf	2596	1	974380168
sel_scaf	2598	1	974380168
sel_scaf	2600	1	974380168
sel_scaf	2601	1	974380168
sel_scaf	2602	1	974380168
sel_scaf	2603	1	974380168
sel_scaf	2605	2	974380168
sel_scaf	2608	1	974380168
sel_scaf	2610	2	974380168
sel_scaf	2611	2	974380168
sel_scaf	2612	2	974380168
sel_scaf	2614	1	974380168
sel_scaf	2615	1	974380168
sel_scaf	2616	1	974380168
sel_scaf	2619	2	974380168
sel_scaf	2621	2	974380168
sel_scaf	2622	1	974380168
sel_scaf	2627	1	974380168
sel_scaf	2628	2	974380168
sel_scaf	2629	1	974380168
sel_scaf	2630	2	974380168
sel_scaf	2634	1	974380168
sel_scaf	2638	2	974380168
sel_scaf	2639	1	974380168
sel_scaf	2640	4	974380168
sel_scaf	2641	1	974380168
sel_scaf	2642	1	974380168
sel_scaf	2644	1	974380168
sel_scaf	2645	2	974380168
sel_scaf	2647	2	974380168
sel_scaf	2648	1	974380168
sel_scaf	2650	1	974380168
sel_scaf	2654	1	974380168
sel_scaf	2656	3	974380168
sel_scaf	2657	1	974380168
sel_scaf	2659	1	974380168
sel_scaf	2660	1	974380168
sel_scaf	2662	1	974380168
sel_scaf	2666	1	974380168
sel_scaf	2667	1	974380168
sel_scaf	2669	2	974380168
sel_scaf	2670	1	974380168
sel_scaf	2672	1	974380168
sel_scaf	2673	2	974380168
sel_scaf	2676	2	974380168
sel_scaf	2677	1	974380168
sel_scaf	2679	1	974380168
sel_scaf	2681	1	974380168
sel_scaf	2687	1	974380168
sel_scaf	2690	1	974380168
sel_scaf	2693	1	974380168
sel_scaf	2694	1	974380168
sel_scaf	2696	1	974380168
sel_scaf	2697	1	974380168
sel_scaf	2698	1	974380168
sel_scaf	2699	1	974380168
sel_scaf	2700	1	974380168
sel_scaf	2701	1	974380168
sel_scaf	2702	2	974380168
sel_scaf	2704	2	974380168
sel_scaf	2706	3	974380168
sel_scaf	2707	3	974380168
sel_scaf	2708	1	974380168
sel_scaf	2709	7	974380168
sel_scaf	2710	3	974380168
sel_scaf	2711	14	974380168
sel_scaf	2712	9	974380168
sel_scaf	2713	3	974380168
sel_scaf	2716	1	974380168
sel_scaf	2717	1	974380168
sel_scaf	2718	1	974380168
sel_scaf	2719	1	974380168
sel_scaf	2726	1	974380168
sel_scaf	2728	1	974380168
sel_scaf	2731	1	974380168
sel_scaf	2733	1	974380168
sel_scaf	2735	1	974380168
sel_scaf	2738	1	974380168
sel_scaf	2739	2	974380168
sel_scaf	2741	1	974380168
sel_scaf	2742	1	974380168
sel_scaf	2743	2	974380168
sel_scaf	2747	1	974380168
sel_scaf	2748	1	974380168
sel_scaf	2752	1	974380168
sel_scaf	2753	1	974380168
sel_scaf	2758	1	974380168
sel_scaf	2759	2	974380168
sel_scaf	2760	1	974380168
sel_scaf	2762	1	974380168
sel_scaf	2764	1	974380168
sel_scaf	2765	1	974380168
sel_scaf	2767	1	974380168
sel_scaf	2770	1	974380168
sel_scaf	2773	1	974380168
sel_scaf	2775	1	974380168
sel_scaf	2781	1	974380168
sel_scaf	2782	2	974380168
sel_scaf	2783	1	974380168
sel_scaf	2784	2	974380168
sel_scaf	2787	1	974380168
sel_scaf	2788	1	974380168
sel_scaf	2789	1	974380168
sel_scaf	2792	1	974380168
sel_scaf	2794	1	974380168
sel_scaf	2795	1	974380168
sel_scaf	2796	2	974380168
sel_scaf	2797	2	974380168
sel_scaf	2799	2	974380168
sel_scaf	2800	2	974380168
sel_scaf	2801	1	974380168
sel_scaf	2803	1	974380168
sel_scaf	2805	1	974380168
sel_scaf	2807	2	974380168
sel_scaf	2808	2	974380168
sel_scaf	2809	2	974380168
sel_scaf	2810	1	974380168
sel_scaf	2812	2	974380168
sel_scaf	2813	1	974380168
sel_scaf	2814	1	974380168
sel_scaf	2815	5	974380168
sel_scaf	2816	2	974380168
sel_scaf	2817	1	974380168
sel_scaf	2819	2	974380168
sel_scaf	2820	2	974380168
sel_scaf	2821	1	974380168
sel_scaf	2822	1	974380168
sel_scaf	2823	2	974380168
sel_scaf	2825	4	974380168
sel_scaf	2826	1	974380168
sel_scaf	2828	1	974380168
sel_scaf	2829	1	974380168
sel_scaf	2830	1	974380168
sel_scaf	2832	1	974380168
sel_scaf	2833	7	974380168
sel_scaf	2834	3	974380168
sel_scaf	2837	1	974380168
sel_scaf	2838	3	974380168
sel_scaf	2839	1	974380168
sel_scaf	2840	5	974380168
sel_scaf	2841	2	974380168
sel_scaf	2842	1	974380168
sel_scaf	2844	1	974380168
sel_scaf	2845	1	974380168
sel_scaf	2846	2	974380168
sel_scaf	2847	2	974380168
sel_scaf	2848	1	974380168
sel_scaf	2849	1	974380168
sel_scaf	2850	2	974380168
sel_scaf	2851	2	974380168
sel_scaf	2852	3	974380168
sel_scaf	2855	4	974380168
sel_scaf	2856	1	974380168
sel_scaf	2857	1	974380168
sel_scaf	2858	2	974380168
sel_scaf	2859	1	974380168
sel_scaf	2860	1	974380168
sel_scaf	2861	2	974380168
sel_scaf	2867	2	974380168
sel_scaf	2868	1	974380168
sel_scaf	2872	1	974380168
sel_scaf	2874	1	974380168
sel_scaf	2878	1	974380168
sel_scaf	2879	1	974380168
sel_scaf	2880	1	974380168
sel_scaf	2882	1	974380168
sel_scaf	2883	1	974380168
sel_scaf	2885	1	974380168
sel_scaf	2886	1	974380168
sel_scaf	2887	1	974380168
sel_scaf	2888	1	974380168
sel_scaf	2889	1	974380168
sel_scaf	2890	2	974380168
sel_scaf	2891	1	974380168
sel_scaf	2892	1	974380168
sel_scaf	2893	2	974380168
sel_scaf	2894	2	974380168
sel_scaf	2896	1	974380168
sel_scaf	2897	1	974380168
sel_scaf	2898	2	974380168
sel_scaf	2899	1	974380168
sel_scaf	2902	1	974380168
sel_scaf	2906	1	974380168
sel_scaf	2908	1	974380168
sel_scaf	2911	1	974380168
sel_scaf	2912	3	974380168
sel_scaf	2917	1	974380168
sel_scaf	2918	1	974380168
sel_scaf	2919	1	974380168
sel_scaf	2922	1	974380168
sel_scaf	2924	1	974380168
sel_scaf	2926	1	974380168
sel_scaf	2932	1	974380168
sel_scaf	2933	1	974380168
sel_scaf	2945	1	974380168
sel_scaf	2948	1	974380168
sel_scaf	2949	1	974380168
sel_scaf	2953	1	974380168
sel_scaf	2955	2	974380168
sel_scaf	2956	1	974380168
sel_scaf	2961	1	974380168
sel_scaf	2964	1	974380168
sel_scaf	2968	1	974380168
sel_scaf	2976	1	974380168
sel_scaf	2977	1	974380168
sel_scaf	2978	1	974380168
sel_scaf	2983	1	974380168
sel_scaf	2993	1	974380168
sel_scaf	2997	2	974380168
sel_scaf	3000	1	974380168
sel_scaf	3003	2	974380168
sel_scaf	3004	1	974380168
sel_scaf	3006	2	974380168
sel_scaf	3008	1	974380168
sel_scaf	3012	1	974380168
sel_scaf	3015	1	974380168
sel_scaf	3016	1	974380168
sel_scaf	3024	1	974380168
sel_scaf	3025	1	974380168
sel_scaf	3028	1	974380168
sel_scaf	3029	1	974380168
sel_scaf	3035	1	974380168
sel_scaf	3039	1	974380168
sel_scaf	3040	1	974380168
sel_scaf	3041	2	974380168
sel_scaf	3043	2	974380168
sel_scaf	3047	1	974380168
sel_scaf	3050	2	974380168
sel_scaf	3051	1	974380168
sel_scaf	3052	1	974380168
sel_scaf	3055	1	974380168
sel_scaf	3056	1	974380168
sel_scaf	3057	3	974380168
sel_scaf	3060	1	974380168
sel_scaf	3061	1	974380168
sel_scaf	3063	1	974380168
sel_scaf	3065	2	974380168
sel_scaf	3069	1	974380168
sel_scaf	3073	1	974380168
sel_scaf	3074	2	974380168
sel_scaf	3075	1	974380168
sel_scaf	3076	3	974380168
sel_scaf	3077	1	974380168
sel_scaf	3080	3	974380168
sel_scaf	3081	2	974380168
sel_scaf	3082	1	974380168
sel_scaf	3083	1	974380168
sel_scaf	3084	2	974380168
sel_scaf	3085	2	974380168
sel_scaf	3087	1	974380168
sel_scaf	3088	1	974380168
sel_scaf	3092	2	974380168
sel_scaf	3093	3	974380168
sel_scaf	3096	2	974380168
sel_scaf	3098	1	974380168
sel_scaf	3099	1	974380168
sel_scaf	3100	1	974380168
sel_scaf	3104	2	974380168
sel_scaf	3107	1	974380168
sel_scaf	3108	1	974380168
sel_scaf	3109	2	974380168
sel_scaf	3111	2	974380168
sel_scaf	3112	2	974380168
sel_scaf	3114	1	974380168
sel_scaf	3116	1	974380168
sel_scaf	3118	1	974380168
sel_scaf	3119	3	974380168
sel_scaf	3122	2	974380168
sel_scaf	3123	2	974380168
sel_scaf	3124	1	974380168
sel_scaf	3125	1	974380168
sel_scaf	3126	2	974380168
sel_scaf	3127	2	974380168
sel_scaf	3128	1	974380168
sel_scaf	3129	2	974380168
sel_scaf	3130	1	974380168
sel_scaf	3131	1	974380168
sel_scaf	3133	1	974380168
sel_scaf	3134	1	974380168
sel_scaf	3135	1	974380168
sel_scaf	3136	3	974380168
sel_scaf	3139	1	974380168
sel_scaf	3140	3	974380168
sel_scaf	3141	3	974380168
sel_scaf	3144	1	974380168
sel_scaf	3146	1	974380168
sel_scaf	3148	2	974380168
sel_scaf	3149	1	974380168
sel_scaf	3150	3	974380168
sel_scaf	3153	4	974380168
sel_scaf	3154	1	974380168
sel_scaf	3155	3	974380168
sel_scaf	3156	3	974380168
sel_scaf	3157	3	974380168
sel_scaf	3158	1	974380168
sel_scaf	3160	2	974380168
sel_scaf	3161	3	974380168
sel_scaf	3162	3	974380168
sel_scaf	3163	2	974380168
sel_scaf	3164	2	974380168
sel_scaf	3165	2	974380168
sel_scaf	3166	1	974380168
sel_scaf	3167	1	974380168
sel_scaf	3168	4	974380168
sel_scaf	3169	2	974380168
sel_scaf	3170	2	974380168
sel_scaf	3171	1	974380168
sel_scaf	3173	2	974380168
sel_scaf	3176	3	974380168
sel_scaf	3177	1	974380168
sel_scaf	3178	2	974380168
sel_scaf	3179	2	974380168
sel_scaf	3180	1	974380168
sel_scaf	3183	1	974380168
sel_scaf	3184	1	974380168
sel_scaf	3188	2	974380168
sel_scaf	3189	4	974380168
sel_scaf	3190	2	974380168
sel_scaf	3192	1	974380168
sel_scaf	3193	2	974380168
sel_scaf	3195	2	974380168
sel_scaf	3196	3	974380168
sel_scaf	3200	2	974380168
sel_scaf	3201	1	974380168
sel_scaf	3202	2	974380168
sel_scaf	3204	1	974380168
sel_scaf	3205	1	974380168
sel_scaf	3207	1	974380168
sel_scaf	3208	1	974380168
sel_scaf	3209	1	974380168
sel_scaf	3210	1	974380168
sel_scaf	3211	1	974380168
sel_scaf	3212	1	974380168
sel_scaf	3213	1	974380168
sel_scaf	3214	1	974380168
sel_scaf	3216	1	974380168
sel_scaf	3217	1	974380168
sel_scaf	3219	1	974380168
sel_scaf	3223	1	974380168
sel_scaf	3224	1	974380168
sel_scaf	3227	1	974380168
sel_scaf	3228	1	974380168
sel_scaf	3229	1	974380168
sel_scaf	3230	2	974380168
sel_scaf	3232	1	974380168
sel_scaf	3233	2	974380168
sel_scaf	3234	1	974380168
sel_scaf	3235	3	974380168
sel_scaf	3236	1	974380168
sel_scaf	3237	1	974380168
sel_scaf	3238	1	974380168
sel_scaf	3240	1	974380168
sel_scaf	3241	2	974380168
sel_scaf	3243	2	974380168
sel_scaf	3244	5	974380168
sel_scaf	3245	1	974380168
sel_scaf	3246	1	974380168
sel_scaf	3249	3	974380168
sel_scaf	3250	1	974380168
sel_scaf	3251	1	974380168
sel_scaf	3252	2	974380168
sel_scaf	3253	1	974380168
sel_scaf	3254	1	974380168
sel_scaf	3255	1	974380168
sel_scaf	3257	1	974380168
sel_scaf	3259	2	974380168
sel_scaf	3260	4	974380168
sel_scaf	3261	1	974380168
sel_scaf	3262	2	974380168
sel_scaf	3263	1	974380168
sel_scaf	3264	1	974380168
sel_scaf	3265	1	974380168
sel_scaf	3266	3	974380168
sel_scaf	3267	2	974380168
sel_scaf	3269	1	974380168
sel_scaf	3270	3	974380168
sel_scaf	3271	2	974380168
sel_scaf	3272	1	974380168
sel_scaf	3273	1	974380168
sel_scaf	3274	1	974380168
sel_scaf	3275	3	974380168
sel_scaf	3276	1	974380168
sel_scaf	3277	1	974380168
sel_scaf	3278	2	974380168
sel_scaf	3279	3	974380168
sel_scaf	3280	2	974380168
sel_scaf	3281	2	974380168
sel_scaf	3282	4	974380168
sel_scaf	3283	5	974380168
sel_scaf	3284	2	974380168
sel_scaf	3285	1	974380168
sel_scaf	3286	1	974380168
sel_scaf	3287	3	974380168
sel_scaf	3288	2	974380168
sel_scaf	3290	4	974380168
sel_scaf	3292	5	974380168
sel_scaf	3293	2	974380168
sel_scaf	3294	3	974380168
sel_scaf	3296	2	974380168
sel_scaf	3297	1	974380168
sel_scaf	3298	1	974380168
sel_scaf	3299	1	974380168
sel_scaf	3300	4	974380168
sel_scaf	3302	1	974380168
sel_scaf	3303	2	974380168
sel_scaf	3322	1	974380168
sel_scaf	3337	1	974380168
sel_scaf	3349	1	974380168
sel_scaf	3359	1	974380168
sel_scaf	3373	1	974380168
sel_scaf	3387	1	974380168
sel_scaf	3423	2	974380168
sel_scaf	3445	1	974380168
sel_scaf	3447	1	974380168
sel_scaf	3469	1	974380168
sel_scaf	3479	1	974380168
sel_scaf	3508	1	974380168
sel_scaf	3526	1	974380168
sel_scaf	3540	1	974380168
sel_scaf	3590	1	974380168
sel_scaf	3591	1	974380168
sel_scaf	3611	1	974380168
sel_scaf	3632	1	974380168
sel_scaf	3640	1	974380168
sel_scaf	3657	1	974380168
sel_scaf	3683	1	974380168
sel_scaf	3684	1	974380168
sel_scaf	3703	1	974380168
sel_scaf	3721	1	974380168
sel_scaf	3749	2	974380168
sel_scaf	3755	1	974380168
sel_scaf	3774	1	974380168
sel_scaf	3794	1	974380168
sel_scaf	3808	1	974380168
sel_scaf	3820	1	974380168
sel_scaf	3834	1	974380168
sel_scaf	3843	1	974380168
sel_scaf	3870	1	974380168
sel_scaf	3894	1	974380168
sel_scaf	3895	1	974380168
sel_scaf	3907	1	974380168
sel_scaf	3929	1	974380168
sel_scaf	3937	1	974380168
sel_scaf	3959	1	974380168
sel_scaf	3964	1	974380168
sel_scaf	3968	1	974380168
sel_scaf	3980	1	974380168
sel_scaf	4019	1	974380168
sel_scaf	4021	1	974380168
sel_scaf	4024	1	974380168
sel_scaf	4032	1	974380168
sel_scaf	4071	1	974380168
sel_scaf	4074	1	974380168
sel_scaf	4076	1	974380168
sel_scaf	4090	2	974380168
sel_scaf	4123	1	974380168
sel_scaf	4126	1	974380168
sel_scaf	4135	1	974380168
sel_scaf	4140	1	974380168
sel_scaf	4167	1	974380168
sel_scaf	4175	1	974380168
sel_scaf	4184	1	974380168
sel_scaf	4189	1	974380168
sel_scaf	4192	1	974380168
sel_scaf	4210	1	974380168
sel_scaf	4215	1	974380168
sel_scaf	4223	1	974380168
sel_scaf	4251	1	974380168
sel_scaf	4255	1	974380168
sel_scaf	4264	2	974380168
sel_scaf	4278	1	974380168
sel_scaf	4290	1	974380168
sel_scaf	4300	1	974380168
sel_scaf	4305	1	974380168
sel_scaf	4309	1	974380168
sel_scaf	4319	1	974380168
sel_scaf	4345	2	974380168
sel_scaf	4346	1	974380168
sel_scaf	4362	1	974380168
sel_scaf	4366	1	974380168
sel_scaf	4369	1	974380168
sel_scaf	4372	2	974380168
sel_scaf	4379	1	974380168
sel_scaf	4404	1	974380168
sel_scaf	4408	1	974380168
sel_scaf	4409	1	974380168
sel_scaf	4413	1	974380168
sel_scaf	4427	1	974380168
sel_scaf	4430	1	974380168
sel_scaf	4431	1	974380168
sel_scaf	4432	1	974380168
sel_scaf	4439	1	974380168
sel_scaf	4441	1	974380168
sel_scaf	4444	1	974380168
sel_scaf	4458	1	974380168
sel_scaf	4461	1	974380168
sel_scaf	4463	1	974380168
sel_scaf	4464	1	974380168
sel_scaf	4466	1	974380168
sel_scaf	4468	1	974380168
sel_scaf	4469	1	974380168
sel_scaf	4472	1	974380168
sel_scaf	4478	1	974380168
sel_scaf	4480	1	974380168
sel_scaf	4485	1	974380168
sel_scaf	4487	1	974380168
sel_scaf	4488	1	974380168
sel_scaf	4498	1	974380168
sel_scaf	4501	1	974380168
sel_scaf	4503	1	974380168
sel_scaf	4511	1	974380168
sel_scaf	4518	1	974380168
sel_scaf	4519	1	974380168
sel_scaf	4530	1	974380168
sel_scaf	4531	1	974380168
sel_scaf	4534	1	974380168
sel_scaf	4535	1	974380168
sel_scaf	4540	1	974380168
sel_scaf	4542	1	974380168
sel_scaf	4546	1	974380168
sel_scaf	4548	3	974380168
sel_scaf	4549	1	974380168
sel_scaf	4550	2	974380168
sel_scaf	4551	2	974380168
sel_scaf	4553	2	974380168
sel_scaf	4554	1	974380168
sel_scaf	4558	1	974380168
sel_scaf	4561	1	974380168
sel_scaf	4583	1	974380168
sel_scaf	4586	1	974380168
sel_scaf	4610	1	974380168
sel_scaf	4620	1	974380168
sel_scaf	4628	1	974380168
sel_scaf	4629	2	974380168
sel_scaf	4645	1	974380168
sel_scaf	4658	1	974380168
sel_scaf	4660	1	974380168
sel_scaf	4669	1	974380168
sel_scaf	4674	1	974380168
sel_scaf	4678	1	974380168
sel_scaf	4691	1	974380168
sel_scaf	4697	1	974380168
sel_scaf	4724	1	974380168
sel_scaf	4733	1	974380168
sel_scaf	4737	1	974380168
sel_scaf	4743	2	974380168
sel_scaf	4755	1	974380168
sel_scaf	4769	1	974380168
sel_scaf	4775	1	974380168
sel_scaf	4779	1	974380168
sel_scaf	4787	1	974380168
sel_scaf	4789	2	974380168
sel_scaf	4792	1	974380168
sel_scaf	4796	1	974380168
sel_scaf	4799	1	974380168
sel_scaf	4801	1	974380168
sel_scaf	4803	1	974380168
sel_scaf	4805	1	974380168
sel_scaf	4806	1	974380168
sel_scaf	4807	4	974380168
sel_scaf	4808	1	974380168
sel_scaf	4814	1	974380168
sel_scaf	4838	1	974380168
sel_scaf	4865	1	974380168
sel_scaf	4889	1	974380168
sel_scaf	4928	1	974380168
sel_scaf	4944	1	974380168
sel_scaf	4952	1	974380168
sel_scaf	4956	1	974380168
sel_scaf	4991	1	974380168
sel_scaf	4994	1	974380168
sel_scaf	5052	1	974380168
sel_scaf	5053	1	974380168
sel_scaf	5086	1	974380168
sel_scaf	5091	1	974380168
sel_scaf	5104	1	974380168
sel_scaf	5133	1	974380168
sel_scaf	5163	1	974380168
sel_scaf	5164	1	974380168
sel_scaf	5197	1	974380168
sel_scaf	5215	1	974380168
sel_scaf	5234	1	974380168
sel_scaf	5264	1	974380168
sel_scaf	5266	1	974380168
sel_scaf	5286	1	974380168
sel_scaf	5321	1	974380168
sel_scaf	5350	1	974380168
sel_scaf	5351	1	974380168
sel_scaf	5372	1	974380168
sel_scaf	5383	1	974380168
sel_scaf	5404	1	974380168
sel_scaf	5421	1	974380168
sel_scaf	5444	1	974380168
sel_scaf	5455	1	974380168
sel_scaf	5458	1	974380168
sel_scaf	5475	1	974380168
sel_scaf	5478	1	974380168
sel_scaf	5482	1	974380168
sel_scaf	5505	1	974380168
sel_scaf	5527	1	974380168
sel_scaf	5537	1	974380168
sel_scaf	5547	1	974380168
sel_scaf	5559	1	974380168
sel_scaf	5562	1	974380168
sel_scaf	5579	1	974380168
sel_scaf	5582	1	974380168
sel_scaf	5588	1	974380168
sel_scaf	5601	1	974380168
sel_scaf	5603	1	974380168
sel_scaf	5607	1	974380168
sel_scaf	5611	1	974380168
sel_scaf	5614	1	974380168
sel_scaf	5618	1	974380168
sel_scaf	5622	1	974380168
sel_scaf	5637	1	974380168
sel_scaf	5639	1	974380168
sel_scaf	5640	1	974380168
sel_scaf	5665	1	974380168
sel_scaf	5666	1	974380168
sel_scaf	5679	1	974380168
sel_scaf	5680	1	974380168
sel_scaf	5684	1	974380168
sel_scaf	5690	1	974380168
sel_scaf	5691	1	974380168
sel_scaf	5693	1	974380168
sel_scaf	5694	1	974380168
sel_scaf	5695	2	974380168
sel_scaf	5700	2	974380168
sel_scaf	5701	1	974380168
sel_scaf	5711	1	974380168
sel_scaf	5713	1	974380168
sel_scaf	5715	1	974380168
sel_scaf	5722	2	974380168
sel_scaf	5724	1	974380168
sel_scaf	5727	1	974380168
sel_scaf	5738	1	974380168
sel_scaf	5743	1	974380168
sel_scaf	5747	1	974380168
sel_scaf	5752	1	974380168
sel_scaf	5762	1	974380168
sel_scaf	5764	1	974380168
sel_scaf	5767	1	974380168
sel_scaf	5768	1	974380168
sel_scaf	5769	1	974380168
sel_scaf	5770	1	974380168
sel_scaf	5771	1	974380168
sel_scaf	5772	1	974380168
sel_scaf	5776	1	974380168
sel_scaf	5783	1	974380168
sel_scaf	5789	1	974380168
sel_scaf	5794	2	974380168
sel_scaf	5803	1	974380168
sel_scaf	5810	2	974380168
sel_scaf	5816	1	974380168
sel_scaf	5818	1	974380168
sel_scaf	5823	1	974380168
sel_scaf	5824	1	974380168
sel_scaf	5889	1	974380168
sel_scaf	5925	1	974380168
sel_scaf	5986	1	974380168
sel_scaf	6039	1	974380168
sel_scaf	6068	1	974380168
sel_scaf	6073	1	974380168
sel_scaf	6088	1	974380168
sel_scaf	6106	1	974380168
sel_scaf	6125	1	974380168
sel_scaf	6137	1	974380168
sel_scaf	6140	1	974380168
sel_scaf	6146	1	974380168
sel_scaf	6152	1	974380168
sel_scaf	6154	1	974380168
sel_scaf	6156	1	974380168
sel_scaf	6157	2	974380168
sel_scaf	6158	1	974380168
sel_scaf	6159	2	974380168
sel_scaf	6160	5	974380168
sel_scaf	6169	1	974380168
sel_scaf	6177	1	974380168
sel_scaf	6186	2	974380168
sel_scaf	6189	1	974380168
sel_scaf	6191	4	974380168
sel_scaf	6192	5	974380168
sel_scaf	6193	18	974380168
sel_scaf	6194	2	974380168
sel_scaf	6195	1	974380168
sel_scaf	6468	1	974380168
sel_scaf	6640	1	974380168
sel_scaf	6823	1	974380168
sel_scaf	7035	1	974380168
sel_scaf	7546	1	974380168
sel_scaf	7897	1	974380168
sel_scaf	7922	1	974380168
sel_scaf	8067	1	974380168
sel_scaf	8081	1	974380168
sel_scaf	8250	1	974380168
sel_scaf	8412	1	974380168
sel_scaf	8441	1	974380168
sel_scaf	8558	1	974380168
sel_scaf	8604	1	974380168
sel_scaf	8746	1	974380168
sel_scaf	8759	1	974380168
sel_scaf	8905	1	974380168
sel_scaf	8909	1	974380168
sel_scaf	9035	1	974380168
sel_scaf	9059	1	974380168
sel_scaf	9086	1	974380168
sel_scaf	9103	1	974380168
sel_scaf	9205	1	974380168
sel_scaf	9230	1	974380168
sel_scaf	9353	1	974380168
sel_scaf	9366	1	974380168
sel_scaf	9498	1	974380168
sel_scaf	9523	1	974380168
sel_scaf	9632	1	974380168
sel_scaf	9651	1	974380168
sel_scaf	9736	1	974380168
sel_scaf	9840	1	974380168
sel_scaf	9878	1	974380168
sel_scaf	10002	1	974380168
sel_scaf	10005	1	974380168
sel_scaf	10130	1	974380168
sel_scaf	10144	1	974380168
sel_scaf	10246	1	974380168
sel_scaf	10280	1	974380168
sel_scaf	10316	1	974380168
sel_scaf	10364	1	974380168
sel_scaf	10392	1	974380168
sel_scaf	10412	1	974380168
sel_scaf	10413	1	974380168
sel_scaf	10457	1	974380168
sel_scaf	10535	1	974380168
sel_scaf	10642	1	974380168
sel_scaf	10646	1	974380168
sel_scaf	10680	1	974380168
sel_scaf	10723	1	974380168
sel_scaf	10730	1	974380168
sel_scaf	10799	1	974380168
sel_scaf	10810	1	974380168
sel_scaf	10859	1	974380168
sel_scaf	10896	1	974380168
sel_scaf	10930	1	974380168
sel_scaf	10981	1	974380168
sel_scaf	10985	1	974380168
sel_scaf	11061	1	974380168
sel_scaf	11112	1	974380168
sel_scaf	11180	1	974380168
sel_scaf	11245	1	974380168
sel_scaf	11314	1	974380168
sel_scaf	11326	1	974380168
sel_scaf	11376	1	974380168
sel_scaf	11385	1	974380168
sel_scaf	11440	1	974380168
sel_scaf	11456	1	974380168
sel_scaf	11481	1	974380168
sel_scaf	11487	1	974380168
sel_scaf	11497	1	974380168
sel_scaf	11517	1	974380168
sel_scaf	11524	1	974380168
sel_scaf	11538	1	974380168
sel_scaf	11539	1	974380168
sel_scaf	11551	1	974380168
sel_scaf	11555	2	974380168
sel_scaf	11558	1	974380168
sel_scaf	11559	1	974380168
