feature	depth	Nsites	totalNsites
sel_scaf	0	6432482	42355970
sel_scaf	1	689573	42355970
sel_scaf	2	555858	42355970
sel_scaf	3	512149	42355970
sel_scaf	4	512081	42355970
sel_scaf	5	506776	42355970
sel_scaf	6	518661	42355970
sel_scaf	7	535128	42355970
sel_scaf	8	555587	42355970
sel_scaf	9	585545	42355970
sel_scaf	10	622738	42355970
sel_scaf	11	657622	42355970
sel_scaf	12	697289	42355970
sel_scaf	13	727878	42355970
sel_scaf	14	759768	42355970
sel_scaf	15	787972	42355970
sel_scaf	16	802656	42355970
sel_scaf	17	820163	42355970
sel_scaf	18	831233	42355970
sel_scaf	19	836382	42355970
sel_scaf	20	843682	42355970
sel_scaf	21	845386	42355970
sel_scaf	22	856788	42355970
sel_scaf	23	868499	42355970
sel_scaf	24	883769	42355970
sel_scaf	25	902989	42355970
sel_scaf	26	921247	42355970
sel_scaf	27	946749	42355970
sel_scaf	28	973683	42355970
sel_scaf	29	994957	42355970
sel_scaf	30	1013642	42355970
sel_scaf	31	1016018	42355970
sel_scaf	32	1012672	42355970
sel_scaf	33	1000702	42355970
sel_scaf	34	978743	42355970
sel_scaf	35	946702	42355970
sel_scaf	36	907414	42355970
sel_scaf	37	863944	42355970
sel_scaf	38	809874	42355970
sel_scaf	39	750989	42355970
sel_scaf	40	687391	42355970
sel_scaf	41	620957	42355970
sel_scaf	42	558210	42355970
sel_scaf	43	492073	42355970
sel_scaf	44	431648	42355970
sel_scaf	45	371521	42355970
sel_scaf	46	317408	42355970
sel_scaf	47	268917	42355970
sel_scaf	48	225705	42355970
sel_scaf	49	186674	42355970
sel_scaf	50	152693	42355970
sel_scaf	51	124604	42355970
sel_scaf	52	100001	42355970
sel_scaf	53	80153	42355970
sel_scaf	54	64242	42355970
sel_scaf	55	51204	42355970
sel_scaf	56	39926	42355970
sel_scaf	57	31987	42355970
sel_scaf	58	25345	42355970
sel_scaf	59	20322	42355970
sel_scaf	60	16145	42355970
sel_scaf	61	13162	42355970
sel_scaf	62	10849	42355970
sel_scaf	63	9246	42355970
sel_scaf	64	8034	42355970
sel_scaf	65	6790	42355970
sel_scaf	66	6072	42355970
sel_scaf	67	5332	42355970
sel_scaf	68	4989	42355970
sel_scaf	69	4630	42355970
sel_scaf	70	4429	42355970
sel_scaf	71	4151	42355970
sel_scaf	72	3867	42355970
sel_scaf	73	3694	42355970
sel_scaf	74	3647	42355970
sel_scaf	75	3285	42355970
sel_scaf	76	3078	42355970
sel_scaf	77	3045	42355970
sel_scaf	78	3043	42355970
sel_scaf	79	2892	42355970
sel_scaf	80	2765	42355970
sel_scaf	81	2691	42355970
sel_scaf	82	2593	42355970
sel_scaf	83	2411	42355970
sel_scaf	84	2410	42355970
sel_scaf	85	2214	42355970
sel_scaf	86	2145	42355970
sel_scaf	87	1968	42355970
sel_scaf	88	1952	42355970
sel_scaf	89	2072	42355970
sel_scaf	90	1837	42355970
sel_scaf	91	1684	42355970
sel_scaf	92	1633	42355970
sel_scaf	93	1724	42355970
sel_scaf	94	1633	42355970
sel_scaf	95	1495	42355970
sel_scaf	96	1533	42355970
sel_scaf	97	1435	42355970
sel_scaf	98	1314	42355970
sel_scaf	99	1245	42355970
sel_scaf	100	1170	42355970
sel_scaf	101	1092	42355970
sel_scaf	102	1027	42355970
sel_scaf	103	1040	42355970
sel_scaf	104	1012	42355970
sel_scaf	105	1012	42355970
sel_scaf	106	948	42355970
sel_scaf	107	890	42355970
sel_scaf	108	877	42355970
sel_scaf	109	757	42355970
sel_scaf	110	745	42355970
sel_scaf	111	734	42355970
sel_scaf	112	724	42355970
sel_scaf	113	704	42355970
sel_scaf	114	684	42355970
sel_scaf	115	696	42355970
sel_scaf	116	637	42355970
sel_scaf	117	651	42355970
sel_scaf	118	557	42355970
sel_scaf	119	524	42355970
sel_scaf	120	550	42355970
sel_scaf	121	555	42355970
sel_scaf	122	510	42355970
sel_scaf	123	468	42355970
sel_scaf	124	458	42355970
sel_scaf	125	490	42355970
sel_scaf	126	511	42355970
sel_scaf	127	497	42355970
sel_scaf	128	482	42355970
sel_scaf	129	471	42355970
sel_scaf	130	443	42355970
sel_scaf	131	454	42355970
sel_scaf	132	440	42355970
sel_scaf	133	474	42355970
sel_scaf	134	507	42355970
sel_scaf	135	415	42355970
sel_scaf	136	362	42355970
sel_scaf	137	400	42355970
sel_scaf	138	389	42355970
sel_scaf	139	383	42355970
sel_scaf	140	404	42355970
sel_scaf	141	434	42355970
sel_scaf	142	389	42355970
sel_scaf	143	395	42355970
sel_scaf	144	424	42355970
sel_scaf	145	418	42355970
sel_scaf	146	408	42355970
sel_scaf	147	425	42355970
sel_scaf	148	419	42355970
sel_scaf	149	406	42355970
sel_scaf	150	363	42355970
sel_scaf	151	377	42355970
sel_scaf	152	322	42355970
sel_scaf	153	326	42355970
sel_scaf	154	348	42355970
sel_scaf	155	285	42355970
sel_scaf	156	288	42355970
sel_scaf	157	368	42355970
sel_scaf	158	331	42355970
sel_scaf	159	264	42355970
sel_scaf	160	276	42355970
sel_scaf	161	277	42355970
sel_scaf	162	297	42355970
sel_scaf	163	267	42355970
sel_scaf	164	266	42355970
sel_scaf	165	281	42355970
sel_scaf	166	328	42355970
sel_scaf	167	314	42355970
sel_scaf	168	248	42355970
sel_scaf	169	316	42355970
sel_scaf	170	288	42355970
sel_scaf	171	333	42355970
sel_scaf	172	283	42355970
sel_scaf	173	306	42355970
sel_scaf	174	239	42355970
sel_scaf	175	259	42355970
sel_scaf	176	243	42355970
sel_scaf	177	250	42355970
sel_scaf	178	237	42355970
sel_scaf	179	242	42355970
sel_scaf	180	222	42355970
sel_scaf	181	239	42355970
sel_scaf	182	190	42355970
sel_scaf	183	241	42355970
sel_scaf	184	215	42355970
sel_scaf	185	235	42355970
sel_scaf	186	199	42355970
sel_scaf	187	166	42355970
sel_scaf	188	185	42355970
sel_scaf	189	180	42355970
sel_scaf	190	147	42355970
sel_scaf	191	163	42355970
sel_scaf	192	161	42355970
sel_scaf	193	164	42355970
sel_scaf	194	174	42355970
sel_scaf	195	152	42355970
sel_scaf	196	150	42355970
sel_scaf	197	215	42355970
sel_scaf	198	194	42355970
sel_scaf	199	181	42355970
sel_scaf	200	168	42355970
sel_scaf	201	177	42355970
sel_scaf	202	163	42355970
sel_scaf	203	156	42355970
sel_scaf	204	205	42355970
sel_scaf	205	186	42355970
sel_scaf	206	187	42355970
sel_scaf	207	138	42355970
sel_scaf	208	146	42355970
sel_scaf	209	151	42355970
sel_scaf	210	176	42355970
sel_scaf	211	137	42355970
sel_scaf	212	92	42355970
sel_scaf	213	99	42355970
sel_scaf	214	110	42355970
sel_scaf	215	105	42355970
sel_scaf	216	98	42355970
sel_scaf	217	106	42355970
sel_scaf	218	119	42355970
sel_scaf	219	155	42355970
sel_scaf	220	81	42355970
sel_scaf	221	63	42355970
sel_scaf	222	68	42355970
sel_scaf	223	84	42355970
sel_scaf	224	99	42355970
sel_scaf	225	72	42355970
sel_scaf	226	81	42355970
sel_scaf	227	86	42355970
sel_scaf	228	72	42355970
sel_scaf	229	68	42355970
sel_scaf	230	64	42355970
sel_scaf	231	78	42355970
sel_scaf	232	81	42355970
sel_scaf	233	79	42355970
sel_scaf	234	76	42355970
sel_scaf	235	68	42355970
sel_scaf	236	71	42355970
sel_scaf	237	90	42355970
sel_scaf	238	73	42355970
sel_scaf	239	66	42355970
sel_scaf	240	74	42355970
sel_scaf	241	89	42355970
sel_scaf	242	85	42355970
sel_scaf	243	95	42355970
sel_scaf	244	74	42355970
sel_scaf	245	55	42355970
sel_scaf	246	72	42355970
sel_scaf	247	38	42355970
sel_scaf	248	47	42355970
sel_scaf	249	56	42355970
sel_scaf	250	55	42355970
sel_scaf	251	55	42355970
sel_scaf	252	51	42355970
sel_scaf	253	71	42355970
sel_scaf	254	70	42355970
sel_scaf	255	64	42355970
sel_scaf	256	111	42355970
sel_scaf	257	41	42355970
sel_scaf	258	56	42355970
sel_scaf	259	57	42355970
sel_scaf	260	71	42355970
sel_scaf	261	59	42355970
sel_scaf	262	67	42355970
sel_scaf	263	45	42355970
sel_scaf	264	75	42355970
sel_scaf	265	64	42355970
sel_scaf	266	46	42355970
sel_scaf	267	40	42355970
sel_scaf	268	51	42355970
sel_scaf	269	36	42355970
sel_scaf	270	47	42355970
sel_scaf	271	64	42355970
sel_scaf	272	57	42355970
sel_scaf	273	53	42355970
sel_scaf	274	50	42355970
sel_scaf	275	50	42355970
sel_scaf	276	46	42355970
sel_scaf	277	65	42355970
sel_scaf	278	53	42355970
sel_scaf	279	79	42355970
sel_scaf	280	69	42355970
sel_scaf	281	53	42355970
sel_scaf	282	58	42355970
sel_scaf	283	67	42355970
sel_scaf	284	59	42355970
sel_scaf	285	45	42355970
sel_scaf	286	59	42355970
sel_scaf	287	58	42355970
sel_scaf	288	72	42355970
sel_scaf	289	75	42355970
sel_scaf	290	58	42355970
sel_scaf	291	54	42355970
sel_scaf	292	46	42355970
sel_scaf	293	47	42355970
sel_scaf	294	52	42355970
sel_scaf	295	44	42355970
sel_scaf	296	42	42355970
sel_scaf	297	32	42355970
sel_scaf	298	54	42355970
sel_scaf	299	38	42355970
sel_scaf	300	48	42355970
sel_scaf	301	52	42355970
sel_scaf	302	58	42355970
sel_scaf	303	65	42355970
sel_scaf	304	60	42355970
sel_scaf	305	42	42355970
sel_scaf	306	53	42355970
sel_scaf	307	52	42355970
sel_scaf	308	56	42355970
sel_scaf	309	53	42355970
sel_scaf	310	60	42355970
sel_scaf	311	40	42355970
sel_scaf	312	52	42355970
sel_scaf	313	52	42355970
sel_scaf	314	58	42355970
sel_scaf	315	36	42355970
sel_scaf	316	34	42355970
sel_scaf	317	31	42355970
sel_scaf	318	35	42355970
sel_scaf	319	46	42355970
sel_scaf	320	44	42355970
sel_scaf	321	39	42355970
sel_scaf	322	22	42355970
sel_scaf	323	26	42355970
sel_scaf	324	29	42355970
sel_scaf	325	29	42355970
sel_scaf	326	37	42355970
sel_scaf	327	56	42355970
sel_scaf	328	34	42355970
sel_scaf	329	28	42355970
sel_scaf	330	34	42355970
sel_scaf	331	41	42355970
sel_scaf	332	38	42355970
sel_scaf	333	52	42355970
sel_scaf	334	37	42355970
sel_scaf	335	42	42355970
sel_scaf	336	36	42355970
sel_scaf	337	40	42355970
sel_scaf	338	37	42355970
sel_scaf	339	41	42355970
sel_scaf	340	34	42355970
sel_scaf	341	30	42355970
sel_scaf	342	41	42355970
sel_scaf	343	38	42355970
sel_scaf	344	38	42355970
sel_scaf	345	31	42355970
sel_scaf	346	57	42355970
sel_scaf	347	41	42355970
sel_scaf	348	47	42355970
sel_scaf	349	49	42355970
sel_scaf	350	48	42355970
sel_scaf	351	55	42355970
sel_scaf	352	49	42355970
sel_scaf	353	51	42355970
sel_scaf	354	25	42355970
sel_scaf	355	46	42355970
sel_scaf	356	43	42355970
sel_scaf	357	47	42355970
sel_scaf	358	39	42355970
sel_scaf	359	43	42355970
sel_scaf	360	42	42355970
sel_scaf	361	50	42355970
sel_scaf	362	35	42355970
sel_scaf	363	24	42355970
sel_scaf	364	50	42355970
sel_scaf	365	34	42355970
sel_scaf	366	39	42355970
sel_scaf	367	35	42355970
sel_scaf	368	30	42355970
sel_scaf	369	27	42355970
sel_scaf	370	27	42355970
sel_scaf	371	34	42355970
sel_scaf	372	27	42355970
sel_scaf	373	23	42355970
sel_scaf	374	18	42355970
sel_scaf	375	35	42355970
sel_scaf	376	34	42355970
sel_scaf	377	25	42355970
sel_scaf	378	43	42355970
sel_scaf	379	25	42355970
sel_scaf	380	21	42355970
sel_scaf	381	25	42355970
sel_scaf	382	33	42355970
sel_scaf	383	17	42355970
sel_scaf	384	18	42355970
sel_scaf	385	18	42355970
sel_scaf	386	25	42355970
sel_scaf	387	11	42355970
sel_scaf	388	35	42355970
sel_scaf	389	21	42355970
sel_scaf	390	21	42355970
sel_scaf	391	25	42355970
sel_scaf	392	26	42355970
sel_scaf	393	24	42355970
sel_scaf	394	20	42355970
sel_scaf	395	16	42355970
sel_scaf	396	28	42355970
sel_scaf	397	19	42355970
sel_scaf	398	31	42355970
sel_scaf	399	31	42355970
sel_scaf	400	21	42355970
sel_scaf	401	30	42355970
sel_scaf	402	21	42355970
sel_scaf	403	21	42355970
sel_scaf	404	31	42355970
sel_scaf	405	31	42355970
sel_scaf	406	27	42355970
sel_scaf	407	26	42355970
sel_scaf	408	14	42355970
sel_scaf	409	16	42355970
sel_scaf	410	14	42355970
sel_scaf	411	29	42355970
sel_scaf	412	21	42355970
sel_scaf	413	20	42355970
sel_scaf	414	33	42355970
sel_scaf	415	22	42355970
sel_scaf	416	19	42355970
sel_scaf	417	21	42355970
sel_scaf	418	35	42355970
sel_scaf	419	33	42355970
sel_scaf	420	19	42355970
sel_scaf	421	30	42355970
sel_scaf	422	21	42355970
sel_scaf	423	28	42355970
sel_scaf	424	31	42355970
sel_scaf	425	14	42355970
sel_scaf	426	15	42355970
sel_scaf	427	6	42355970
sel_scaf	428	22	42355970
sel_scaf	429	20	42355970
sel_scaf	430	19	42355970
sel_scaf	431	22	42355970
sel_scaf	432	16	42355970
sel_scaf	433	25	42355970
sel_scaf	434	21	42355970
sel_scaf	435	45	42355970
sel_scaf	436	26	42355970
sel_scaf	437	32	42355970
sel_scaf	438	39	42355970
sel_scaf	439	28	42355970
sel_scaf	440	27	42355970
sel_scaf	441	25	42355970
sel_scaf	442	27	42355970
sel_scaf	443	21	42355970
sel_scaf	444	15	42355970
sel_scaf	445	7	42355970
sel_scaf	446	16	42355970
sel_scaf	447	14	42355970
sel_scaf	448	27	42355970
sel_scaf	449	20	42355970
sel_scaf	450	12	42355970
sel_scaf	451	19	42355970
sel_scaf	452	14	42355970
sel_scaf	453	13	42355970
sel_scaf	454	12	42355970
sel_scaf	455	9	42355970
sel_scaf	456	12	42355970
sel_scaf	457	9	42355970
sel_scaf	458	15	42355970
sel_scaf	459	13	42355970
sel_scaf	460	12	42355970
sel_scaf	461	12	42355970
sel_scaf	462	13	42355970
sel_scaf	463	5	42355970
sel_scaf	464	14	42355970
sel_scaf	465	12	42355970
sel_scaf	466	12	42355970
sel_scaf	467	10	42355970
sel_scaf	468	8	42355970
sel_scaf	469	4	42355970
sel_scaf	470	14	42355970
sel_scaf	471	21	42355970
sel_scaf	472	17	42355970
sel_scaf	473	15	42355970
sel_scaf	474	8	42355970
sel_scaf	475	12	42355970
sel_scaf	476	9	42355970
sel_scaf	477	6	42355970
sel_scaf	478	12	42355970
sel_scaf	479	8	42355970
sel_scaf	480	6	42355970
sel_scaf	481	6	42355970
sel_scaf	482	5	42355970
sel_scaf	483	2	42355970
sel_scaf	484	9	42355970
sel_scaf	485	6	42355970
sel_scaf	486	11	42355970
sel_scaf	487	15	42355970
sel_scaf	488	10	42355970
sel_scaf	489	11	42355970
sel_scaf	490	12	42355970
sel_scaf	491	5	42355970
sel_scaf	492	4	42355970
sel_scaf	493	9	42355970
sel_scaf	494	9	42355970
sel_scaf	495	9	42355970
sel_scaf	496	5	42355970
sel_scaf	497	4	42355970
sel_scaf	498	7	42355970
sel_scaf	499	1	42355970
sel_scaf	500	4	42355970
sel_scaf	501	9	42355970
sel_scaf	502	5	42355970
sel_scaf	503	10	42355970
sel_scaf	504	12	42355970
sel_scaf	505	5	42355970
sel_scaf	506	6	42355970
sel_scaf	507	6	42355970
sel_scaf	508	9	42355970
sel_scaf	509	8	42355970
sel_scaf	510	8	42355970
sel_scaf	511	7	42355970
sel_scaf	512	8	42355970
sel_scaf	513	11	42355970
sel_scaf	514	8	42355970
sel_scaf	515	8	42355970
sel_scaf	516	5	42355970
sel_scaf	517	6	42355970
sel_scaf	518	9	42355970
sel_scaf	519	12	42355970
sel_scaf	520	18	42355970
sel_scaf	521	9	42355970
sel_scaf	522	13	42355970
sel_scaf	523	6	42355970
sel_scaf	524	11	42355970
sel_scaf	525	10	42355970
sel_scaf	526	18	42355970
sel_scaf	527	15	42355970
sel_scaf	528	13	42355970
sel_scaf	529	15	42355970
sel_scaf	530	15	42355970
sel_scaf	531	10	42355970
sel_scaf	532	13	42355970
sel_scaf	533	16	42355970
sel_scaf	534	8	42355970
sel_scaf	535	20	42355970
sel_scaf	536	9	42355970
sel_scaf	537	9	42355970
sel_scaf	538	14	42355970
sel_scaf	539	13	42355970
sel_scaf	540	16	42355970
sel_scaf	541	12	42355970
sel_scaf	542	3	42355970
sel_scaf	543	9	42355970
sel_scaf	544	4	42355970
sel_scaf	545	4	42355970
sel_scaf	546	5	42355970
sel_scaf	547	5	42355970
sel_scaf	548	8	42355970
sel_scaf	549	7	42355970
sel_scaf	550	8	42355970
sel_scaf	551	7	42355970
sel_scaf	552	8	42355970
sel_scaf	553	11	42355970
sel_scaf	554	5	42355970
sel_scaf	555	3	42355970
sel_scaf	556	5	42355970
sel_scaf	557	5	42355970
sel_scaf	558	6	42355970
sel_scaf	559	10	42355970
sel_scaf	560	8	42355970
sel_scaf	561	11	42355970
sel_scaf	562	8	42355970
sel_scaf	563	5	42355970
sel_scaf	564	3	42355970
sel_scaf	565	3	42355970
sel_scaf	566	8	42355970
sel_scaf	567	4	42355970
sel_scaf	568	5	42355970
sel_scaf	569	5	42355970
sel_scaf	570	4	42355970
sel_scaf	571	6	42355970
sel_scaf	572	1	42355970
sel_scaf	573	8	42355970
sel_scaf	574	7	42355970
sel_scaf	575	4	42355970
sel_scaf	576	1	42355970
sel_scaf	577	2	42355970
sel_scaf	578	7	42355970
sel_scaf	579	3	42355970
sel_scaf	580	5	42355970
sel_scaf	581	6	42355970
sel_scaf	582	3	42355970
sel_scaf	583	6	42355970
sel_scaf	584	4	42355970
sel_scaf	585	6	42355970
sel_scaf	586	5	42355970
sel_scaf	587	6	42355970
sel_scaf	588	4	42355970
sel_scaf	589	14	42355970
sel_scaf	590	7	42355970
sel_scaf	591	11	42355970
sel_scaf	592	7	42355970
sel_scaf	593	9	42355970
sel_scaf	594	7	42355970
sel_scaf	595	12	42355970
sel_scaf	596	13	42355970
sel_scaf	597	14	42355970
sel_scaf	598	11	42355970
sel_scaf	599	10	42355970
sel_scaf	600	11	42355970
sel_scaf	601	3	42355970
sel_scaf	602	7	42355970
sel_scaf	603	11	42355970
sel_scaf	604	14	42355970
sel_scaf	605	17	42355970
sel_scaf	606	13	42355970
sel_scaf	607	13	42355970
sel_scaf	608	10	42355970
sel_scaf	609	9	42355970
sel_scaf	610	5	42355970
sel_scaf	611	8	42355970
sel_scaf	612	4	42355970
sel_scaf	613	3	42355970
sel_scaf	614	4	42355970
sel_scaf	615	3	42355970
sel_scaf	616	8	42355970
sel_scaf	617	10	42355970
sel_scaf	618	6	42355970
sel_scaf	619	12	42355970
sel_scaf	620	9	42355970
sel_scaf	621	10	42355970
sel_scaf	622	6	42355970
sel_scaf	623	5	42355970
sel_scaf	624	4	42355970
sel_scaf	625	4	42355970
sel_scaf	626	11	42355970
sel_scaf	627	12	42355970
sel_scaf	628	7	42355970
sel_scaf	629	5	42355970
sel_scaf	630	3	42355970
sel_scaf	631	5	42355970
sel_scaf	632	12	42355970
sel_scaf	633	2	42355970
sel_scaf	634	7	42355970
sel_scaf	635	6	42355970
sel_scaf	636	6	42355970
sel_scaf	638	6	42355970
sel_scaf	639	7	42355970
sel_scaf	640	9	42355970
sel_scaf	641	4	42355970
sel_scaf	642	8	42355970
sel_scaf	643	5	42355970
sel_scaf	644	5	42355970
sel_scaf	645	6	42355970
sel_scaf	646	9	42355970
sel_scaf	647	7	42355970
sel_scaf	648	3	42355970
sel_scaf	649	6	42355970
sel_scaf	650	3	42355970
sel_scaf	651	4	42355970
sel_scaf	652	7	42355970
sel_scaf	653	10	42355970
sel_scaf	654	8	42355970
sel_scaf	655	5	42355970
sel_scaf	656	5	42355970
sel_scaf	657	5	42355970
sel_scaf	658	3	42355970
sel_scaf	659	6	42355970
sel_scaf	660	8	42355970
sel_scaf	661	4	42355970
sel_scaf	662	8	42355970
sel_scaf	663	15	42355970
sel_scaf	664	14	42355970
sel_scaf	665	12	42355970
sel_scaf	666	17	42355970
sel_scaf	667	8	42355970
sel_scaf	668	15	42355970
sel_scaf	669	9	42355970
sel_scaf	670	6	42355970
sel_scaf	671	8	42355970
sel_scaf	672	7	42355970
sel_scaf	673	3	42355970
sel_scaf	674	4	42355970
sel_scaf	675	4	42355970
sel_scaf	676	3	42355970
sel_scaf	677	3	42355970
sel_scaf	678	4	42355970
sel_scaf	679	1	42355970
sel_scaf	680	1	42355970
sel_scaf	681	5	42355970
sel_scaf	683	3	42355970
sel_scaf	684	1	42355970
sel_scaf	687	2	42355970
sel_scaf	688	3	42355970
sel_scaf	689	2	42355970
sel_scaf	690	3	42355970
sel_scaf	691	1	42355970
sel_scaf	692	5	42355970
sel_scaf	693	3	42355970
sel_scaf	694	4	42355970
sel_scaf	695	2	42355970
sel_scaf	696	5	42355970
sel_scaf	697	3	42355970
sel_scaf	698	3	42355970
sel_scaf	699	3	42355970
sel_scaf	700	1	42355970
sel_scaf	701	4	42355970
sel_scaf	702	5	42355970
sel_scaf	703	3	42355970
sel_scaf	704	2	42355970
sel_scaf	705	4	42355970
sel_scaf	706	2	42355970
sel_scaf	707	6	42355970
sel_scaf	708	7	42355970
sel_scaf	709	2	42355970
sel_scaf	710	2	42355970
sel_scaf	711	1	42355970
sel_scaf	713	2	42355970
sel_scaf	714	3	42355970
sel_scaf	715	1	42355970
sel_scaf	716	2	42355970
sel_scaf	717	3	42355970
sel_scaf	718	4	42355970
sel_scaf	719	6	42355970
sel_scaf	720	3	42355970
sel_scaf	722	5	42355970
sel_scaf	723	2	42355970
sel_scaf	724	2	42355970
sel_scaf	725	2	42355970
sel_scaf	726	3	42355970
sel_scaf	727	10	42355970
sel_scaf	728	5	42355970
sel_scaf	729	3	42355970
sel_scaf	730	4	42355970
sel_scaf	731	6	42355970
sel_scaf	732	2	42355970
sel_scaf	733	6	42355970
sel_scaf	734	3	42355970
sel_scaf	735	4	42355970
sel_scaf	736	1	42355970
sel_scaf	737	5	42355970
sel_scaf	738	2	42355970
sel_scaf	740	3	42355970
sel_scaf	741	3	42355970
sel_scaf	742	3	42355970
sel_scaf	743	2	42355970
sel_scaf	744	4	42355970
sel_scaf	745	5	42355970
sel_scaf	746	3	42355970
sel_scaf	747	3	42355970
sel_scaf	748	3	42355970
sel_scaf	749	1	42355970
sel_scaf	750	7	42355970
sel_scaf	751	3	42355970
sel_scaf	752	2	42355970
sel_scaf	753	1	42355970
sel_scaf	754	2	42355970
sel_scaf	755	2	42355970
sel_scaf	756	2	42355970
sel_scaf	757	3	42355970
sel_scaf	758	1	42355970
sel_scaf	760	2	42355970
sel_scaf	761	1	42355970
sel_scaf	762	2	42355970
sel_scaf	763	4	42355970
sel_scaf	764	4	42355970
sel_scaf	765	1	42355970
sel_scaf	767	2	42355970
sel_scaf	768	3	42355970
sel_scaf	769	3	42355970
sel_scaf	771	2	42355970
sel_scaf	772	1	42355970
sel_scaf	773	2	42355970
sel_scaf	774	3	42355970
sel_scaf	775	1	42355970
sel_scaf	776	2	42355970
sel_scaf	777	1	42355970
sel_scaf	778	2	42355970
sel_scaf	779	1	42355970
sel_scaf	780	1	42355970
sel_scaf	781	3	42355970
sel_scaf	783	2	42355970
sel_scaf	784	4	42355970
sel_scaf	785	2	42355970
sel_scaf	786	2	42355970
sel_scaf	787	3	42355970
sel_scaf	788	2	42355970
sel_scaf	789	1	42355970
sel_scaf	790	5	42355970
sel_scaf	791	2	42355970
sel_scaf	792	5	42355970
sel_scaf	793	7	42355970
sel_scaf	794	6	42355970
sel_scaf	795	14	42355970
sel_scaf	796	7	42355970
sel_scaf	797	6	42355970
sel_scaf	798	6	42355970
sel_scaf	799	5	42355970
sel_scaf	800	4	42355970
sel_scaf	801	7	42355970
sel_scaf	802	3	42355970
sel_scaf	803	4	42355970
sel_scaf	804	7	42355970
sel_scaf	805	3	42355970
sel_scaf	806	4	42355970
sel_scaf	807	3	42355970
sel_scaf	808	1	42355970
sel_scaf	809	7	42355970
sel_scaf	810	1	42355970
sel_scaf	811	2	42355970
sel_scaf	812	2	42355970
sel_scaf	813	1	42355970
sel_scaf	814	3	42355970
sel_scaf	815	2	42355970
sel_scaf	816	3	42355970
sel_scaf	817	4	42355970
sel_scaf	818	8	42355970
sel_scaf	819	4	42355970
sel_scaf	820	9	42355970
sel_scaf	821	2	42355970
sel_scaf	822	6	42355970
sel_scaf	823	1	42355970
sel_scaf	824	2	42355970
sel_scaf	825	2	42355970
sel_scaf	826	1	42355970
sel_scaf	827	3	42355970
sel_scaf	828	1	42355970
sel_scaf	829	7	42355970
sel_scaf	830	5	42355970
sel_scaf	831	2	42355970
sel_scaf	832	2	42355970
sel_scaf	833	1	42355970
sel_scaf	834	2	42355970
sel_scaf	835	5	42355970
sel_scaf	836	1	42355970
sel_scaf	837	1	42355970
sel_scaf	838	5	42355970
sel_scaf	839	5	42355970
sel_scaf	840	1	42355970
sel_scaf	841	4	42355970
sel_scaf	842	7	42355970
sel_scaf	843	2	42355970
sel_scaf	844	2	42355970
sel_scaf	845	3	42355970
sel_scaf	846	2	42355970
sel_scaf	847	5	42355970
sel_scaf	848	2	42355970
sel_scaf	849	2	42355970
sel_scaf	850	2	42355970
sel_scaf	851	4	42355970
sel_scaf	852	5	42355970
sel_scaf	853	2	42355970
sel_scaf	854	2	42355970
sel_scaf	855	2	42355970
sel_scaf	856	4	42355970
sel_scaf	857	3	42355970
sel_scaf	858	5	42355970
sel_scaf	859	2	42355970
sel_scaf	860	4	42355970
sel_scaf	861	3	42355970
sel_scaf	862	4	42355970
sel_scaf	863	5	42355970
sel_scaf	864	2	42355970
sel_scaf	865	9	42355970
sel_scaf	866	3	42355970
sel_scaf	867	5	42355970
sel_scaf	868	5	42355970
sel_scaf	869	12	42355970
sel_scaf	870	7	42355970
sel_scaf	871	2	42355970
sel_scaf	872	3	42355970
sel_scaf	873	2	42355970
sel_scaf	874	3	42355970
sel_scaf	875	3	42355970
sel_scaf	877	1	42355970
sel_scaf	878	3	42355970
sel_scaf	879	2	42355970
sel_scaf	880	1	42355970
sel_scaf	883	4	42355970
sel_scaf	884	1	42355970
sel_scaf	885	1	42355970
sel_scaf	886	2	42355970
sel_scaf	887	2	42355970
sel_scaf	888	3	42355970
sel_scaf	890	3	42355970
sel_scaf	891	2	42355970
sel_scaf	893	2	42355970
sel_scaf	894	3	42355970
sel_scaf	895	1	42355970
sel_scaf	896	4	42355970
sel_scaf	898	5	42355970
sel_scaf	899	3	42355970
sel_scaf	902	2	42355970
sel_scaf	904	2	42355970
sel_scaf	906	1	42355970
sel_scaf	907	3	42355970
sel_scaf	908	3	42355970
sel_scaf	909	1	42355970
sel_scaf	910	1	42355970
sel_scaf	911	1	42355970
sel_scaf	912	1	42355970
sel_scaf	913	3	42355970
sel_scaf	914	1	42355970
sel_scaf	915	3	42355970
sel_scaf	916	2	42355970
sel_scaf	917	1	42355970
sel_scaf	921	2	42355970
sel_scaf	922	2	42355970
sel_scaf	923	4	42355970
sel_scaf	924	2	42355970
sel_scaf	926	1	42355970
sel_scaf	927	1	42355970
sel_scaf	928	1	42355970
sel_scaf	929	2	42355970
sel_scaf	930	1	42355970
sel_scaf	934	3	42355970
sel_scaf	935	1	42355970
sel_scaf	936	1	42355970
sel_scaf	937	1	42355970
sel_scaf	938	5	42355970
sel_scaf	939	3	42355970
sel_scaf	940	2	42355970
sel_scaf	941	4	42355970
sel_scaf	942	2	42355970
sel_scaf	943	4	42355970
sel_scaf	944	2	42355970
sel_scaf	945	7	42355970
sel_scaf	946	2	42355970
sel_scaf	947	6	42355970
sel_scaf	948	1	42355970
sel_scaf	949	2	42355970
sel_scaf	950	8	42355970
sel_scaf	951	1	42355970
sel_scaf	952	8	42355970
sel_scaf	953	9	42355970
sel_scaf	954	10	42355970
sel_scaf	955	2	42355970
sel_scaf	956	2	42355970
sel_scaf	957	2	42355970
sel_scaf	958	1	42355970
sel_scaf	960	1	42355970
sel_scaf	961	2	42355970
sel_scaf	962	1	42355970
sel_scaf	964	2	42355970
sel_scaf	965	1	42355970
sel_scaf	967	2	42355970
sel_scaf	968	4	42355970
sel_scaf	970	2	42355970
sel_scaf	972	3	42355970
sel_scaf	973	2	42355970
sel_scaf	974	3	42355970
sel_scaf	975	2	42355970
sel_scaf	976	1	42355970
sel_scaf	979	1	42355970
sel_scaf	980	2	42355970
sel_scaf	982	1	42355970
sel_scaf	983	6	42355970
sel_scaf	985	1	42355970
sel_scaf	987	2	42355970
sel_scaf	989	2	42355970
sel_scaf	992	1	42355970
sel_scaf	993	1	42355970
sel_scaf	995	1	42355970
sel_scaf	997	1	42355970
sel_scaf	1000	2	42355970
sel_scaf	1001	2	42355970
sel_scaf	1004	2	42355970
sel_scaf	1005	1	42355970
sel_scaf	1006	4	42355970
sel_scaf	1007	2	42355970
sel_scaf	1008	2	42355970
sel_scaf	1009	2	42355970
sel_scaf	1010	3	42355970
sel_scaf	1011	2	42355970
sel_scaf	1012	1	42355970
sel_scaf	1014	2	42355970
sel_scaf	1015	2	42355970
sel_scaf	1016	1	42355970
sel_scaf	1017	3	42355970
sel_scaf	1018	1	42355970
sel_scaf	1019	1	42355970
sel_scaf	1020	2	42355970
sel_scaf	1021	2	42355970
sel_scaf	1022	1	42355970
sel_scaf	1023	1	42355970
sel_scaf	1024	5	42355970
sel_scaf	1027	2	42355970
sel_scaf	1028	5	42355970
sel_scaf	1029	3	42355970
sel_scaf	1030	2	42355970
sel_scaf	1031	3	42355970
sel_scaf	1032	1	42355970
sel_scaf	1034	2	42355970
sel_scaf	1037	2	42355970
sel_scaf	1038	1	42355970
sel_scaf	1039	1	42355970
sel_scaf	1040	3	42355970
sel_scaf	1041	2	42355970
sel_scaf	1042	2	42355970
sel_scaf	1044	1	42355970
sel_scaf	1045	2	42355970
sel_scaf	1046	3	42355970
sel_scaf	1047	3	42355970
sel_scaf	1049	1	42355970
sel_scaf	1050	1	42355970
sel_scaf	1051	3	42355970
sel_scaf	1052	1	42355970
sel_scaf	1054	1	42355970
sel_scaf	1056	1	42355970
sel_scaf	1058	3	42355970
sel_scaf	1062	3	42355970
sel_scaf	1063	1	42355970
sel_scaf	1064	1	42355970
sel_scaf	1065	1	42355970
sel_scaf	1066	1	42355970
sel_scaf	1067	2	42355970
sel_scaf	1068	2	42355970
sel_scaf	1070	1	42355970
sel_scaf	1071	2	42355970
sel_scaf	1072	1	42355970
sel_scaf	1073	3	42355970
sel_scaf	1074	1	42355970
sel_scaf	1075	2	42355970
sel_scaf	1076	1	42355970
sel_scaf	1077	1	42355970
sel_scaf	1079	2	42355970
sel_scaf	1080	2	42355970
sel_scaf	1081	3	42355970
sel_scaf	1083	1	42355970
sel_scaf	1084	4	42355970
sel_scaf	1085	2	42355970
sel_scaf	1086	1	42355970
sel_scaf	1087	9	42355970
sel_scaf	1088	14	42355970
sel_scaf	1089	10	42355970
sel_scaf	1090	14	42355970
sel_scaf	1091	6	42355970
sel_scaf	1092	6	42355970
sel_scaf	1093	4	42355970
sel_scaf	1094	19	42355970
sel_scaf	1095	4	42355970
sel_scaf	1096	2	42355970
sel_scaf	1097	2	42355970
sel_scaf	1098	2	42355970
sel_scaf	1099	2	42355970
sel_scaf	1103	2	42355970
sel_scaf	1104	2	42355970
sel_scaf	1105	1	42355970
sel_scaf	1106	1	42355970
sel_scaf	1108	1	42355970
sel_scaf	1109	1	42355970
sel_scaf	1110	2	42355970
sel_scaf	1111	1	42355970
sel_scaf	1112	2	42355970
sel_scaf	1113	1	42355970
sel_scaf	1114	1	42355970
sel_scaf	1115	3	42355970
sel_scaf	1117	5	42355970
sel_scaf	1118	1	42355970
sel_scaf	1120	4	42355970
sel_scaf	1121	2	42355970
sel_scaf	1122	1	42355970
sel_scaf	1123	2	42355970
sel_scaf	1124	4	42355970
sel_scaf	1125	1	42355970
sel_scaf	1126	2	42355970
sel_scaf	1127	2	42355970
sel_scaf	1128	1	42355970
sel_scaf	1130	1	42355970
sel_scaf	1131	1	42355970
sel_scaf	1132	5	42355970
sel_scaf	1133	2	42355970
sel_scaf	1134	2	42355970
sel_scaf	1135	1	42355970
sel_scaf	1136	1	42355970
sel_scaf	1137	5	42355970
sel_scaf	1139	3	42355970
sel_scaf	1140	3	42355970
sel_scaf	1142	3	42355970
sel_scaf	1143	3	42355970
sel_scaf	1145	1	42355970
sel_scaf	1146	5	42355970
sel_scaf	1147	1	42355970
sel_scaf	1148	3	42355970
sel_scaf	1149	1	42355970
sel_scaf	1150	3	42355970
sel_scaf	1151	1	42355970
sel_scaf	1152	4	42355970
sel_scaf	1153	2	42355970
sel_scaf	1157	2	42355970
sel_scaf	1158	2	42355970
sel_scaf	1159	1	42355970
sel_scaf	1160	1	42355970
sel_scaf	1162	3	42355970
sel_scaf	1163	1	42355970
sel_scaf	1164	1	42355970
sel_scaf	1166	1	42355970
sel_scaf	1168	4	42355970
sel_scaf	1173	1	42355970
sel_scaf	1175	1	42355970
sel_scaf	1176	2	42355970
sel_scaf	1177	1	42355970
sel_scaf	1178	1	42355970
sel_scaf	1180	2	42355970
sel_scaf	1183	1	42355970
sel_scaf	1184	1	42355970
sel_scaf	1185	1	42355970
sel_scaf	1186	2	42355970
sel_scaf	1187	3	42355970
sel_scaf	1188	1	42355970
sel_scaf	1191	1	42355970
sel_scaf	1192	3	42355970
sel_scaf	1193	1	42355970
sel_scaf	1194	2	42355970
sel_scaf	1195	2	42355970
sel_scaf	1196	1	42355970
sel_scaf	1197	1	42355970
sel_scaf	1198	3	42355970
sel_scaf	1199	2	42355970
sel_scaf	1200	1	42355970
sel_scaf	1201	1	42355970
sel_scaf	1203	1	42355970
sel_scaf	1206	1	42355970
sel_scaf	1207	2	42355970
sel_scaf	1208	2	42355970
sel_scaf	1210	2	42355970
sel_scaf	1211	1	42355970
sel_scaf	1212	2	42355970
sel_scaf	1213	2	42355970
sel_scaf	1214	1	42355970
sel_scaf	1215	1	42355970
sel_scaf	1216	1	42355970
sel_scaf	1217	1	42355970
sel_scaf	1218	4	42355970
sel_scaf	1219	1	42355970
sel_scaf	1220	1	42355970
sel_scaf	1221	1	42355970
sel_scaf	1222	1	42355970
sel_scaf	1227	2	42355970
sel_scaf	1228	1	42355970
sel_scaf	1230	1	42355970
sel_scaf	1231	1	42355970
sel_scaf	1232	1	42355970
sel_scaf	1233	4	42355970
sel_scaf	1234	2	42355970
sel_scaf	1236	1	42355970
sel_scaf	1237	2	42355970
sel_scaf	1238	2	42355970
sel_scaf	1239	1	42355970
sel_scaf	1240	4	42355970
sel_scaf	1241	3	42355970
sel_scaf	1242	6	42355970
sel_scaf	1245	5	42355970
sel_scaf	1246	2	42355970
sel_scaf	1248	2	42355970
sel_scaf	1249	2	42355970
sel_scaf	1250	2	42355970
sel_scaf	1251	2	42355970
sel_scaf	1252	3	42355970
sel_scaf	1253	35	42355970
sel_scaf	1254	1	42355970
sel_scaf	1257	2	42355970
sel_scaf	1259	6	42355970
sel_scaf	1262	2	42355970
sel_scaf	1263	2	42355970
sel_scaf	1264	2	42355970
sel_scaf	1268	2	42355970
sel_scaf	1271	1	42355970
sel_scaf	1272	1	42355970
sel_scaf	1273	3	42355970
sel_scaf	1274	1	42355970
sel_scaf	1276	1	42355970
sel_scaf	1277	3	42355970
sel_scaf	1279	2	42355970
sel_scaf	1280	1	42355970
sel_scaf	1282	3	42355970
sel_scaf	1283	1	42355970
sel_scaf	1284	1	42355970
sel_scaf	1285	2	42355970
sel_scaf	1286	1	42355970
sel_scaf	1287	4	42355970
sel_scaf	1288	6	42355970
sel_scaf	1289	1	42355970
sel_scaf	1290	2	42355970
sel_scaf	1291	2	42355970
sel_scaf	1292	2	42355970
sel_scaf	1293	1	42355970
sel_scaf	1294	2	42355970
sel_scaf	1296	1	42355970
sel_scaf	1297	2	42355970
sel_scaf	1298	3	42355970
sel_scaf	1299	1	42355970
sel_scaf	1300	2	42355970
sel_scaf	1301	9	42355970
sel_scaf	1302	4	42355970
sel_scaf	1304	4	42355970
sel_scaf	1305	7	42355970
sel_scaf	1306	1	42355970
sel_scaf	1307	1	42355970
sel_scaf	1310	2	42355970
sel_scaf	1311	1	42355970
sel_scaf	1314	1	42355970
sel_scaf	1315	2	42355970
sel_scaf	1319	2	42355970
sel_scaf	1321	1	42355970
sel_scaf	1323	1	42355970
sel_scaf	1325	2	42355970
sel_scaf	1327	1	42355970
sel_scaf	1332	1	42355970
sel_scaf	1333	3	42355970
sel_scaf	1334	1	42355970
sel_scaf	1335	2	42355970
sel_scaf	1337	1	42355970
sel_scaf	1341	1	42355970
sel_scaf	1343	1	42355970
sel_scaf	1344	2	42355970
sel_scaf	1348	1	42355970
sel_scaf	1350	1	42355970
sel_scaf	1351	2	42355970
sel_scaf	1353	1	42355970
sel_scaf	1354	2	42355970
sel_scaf	1356	2	42355970
sel_scaf	1357	4	42355970
sel_scaf	1361	1	42355970
sel_scaf	1366	1	42355970
sel_scaf	1369	1	42355970
sel_scaf	1372	1	42355970
sel_scaf	1373	2	42355970
sel_scaf	1374	1	42355970
sel_scaf	1375	3	42355970
sel_scaf	1378	2	42355970
sel_scaf	1381	4	42355970
sel_scaf	1382	2	42355970
sel_scaf	1383	1	42355970
sel_scaf	1388	1	42355970
sel_scaf	1390	2	42355970
sel_scaf	1391	1	42355970
sel_scaf	1393	1	42355970
sel_scaf	1394	1	42355970
sel_scaf	1395	1	42355970
sel_scaf	1398	1	42355970
sel_scaf	1399	3	42355970
sel_scaf	1400	2	42355970
sel_scaf	1404	1	42355970
sel_scaf	1406	2	42355970
sel_scaf	1408	1	42355970
sel_scaf	1409	3	42355970
sel_scaf	1412	1	42355970
sel_scaf	1413	2	42355970
sel_scaf	1414	2	42355970
sel_scaf	1418	2	42355970
sel_scaf	1419	1	42355970
sel_scaf	1422	1	42355970
sel_scaf	1423	1	42355970
sel_scaf	1424	2	42355970
sel_scaf	1434	1	42355970
sel_scaf	1436	2	42355970
sel_scaf	1438	1	42355970
sel_scaf	1439	1	42355970
sel_scaf	1441	2	42355970
sel_scaf	1442	1	42355970
sel_scaf	1444	1	42355970
sel_scaf	1445	1	42355970
sel_scaf	1446	1	42355970
sel_scaf	1447	1	42355970
sel_scaf	1448	1	42355970
sel_scaf	1449	3	42355970
sel_scaf	1451	1	42355970
sel_scaf	1453	1	42355970
sel_scaf	1455	1	42355970
sel_scaf	1457	1	42355970
sel_scaf	1459	1	42355970
sel_scaf	1460	1	42355970
sel_scaf	1463	1	42355970
sel_scaf	1464	3	42355970
sel_scaf	1465	1	42355970
sel_scaf	1467	1	42355970
sel_scaf	1468	1	42355970
sel_scaf	1470	2	42355970
sel_scaf	1472	1	42355970
sel_scaf	1476	2	42355970
sel_scaf	1478	1	42355970
sel_scaf	1479	3	42355970
sel_scaf	1480	2	42355970
sel_scaf	1481	1	42355970
sel_scaf	1483	2	42355970
sel_scaf	1486	1	42355970
sel_scaf	1487	1	42355970
sel_scaf	1488	3	42355970
sel_scaf	1489	3	42355970
sel_scaf	1490	1	42355970
sel_scaf	1491	1	42355970
sel_scaf	1492	3	42355970
sel_scaf	1493	5	42355970
sel_scaf	1494	3	42355970
sel_scaf	1495	2	42355970
sel_scaf	1497	1	42355970
sel_scaf	1499	1	42355970
sel_scaf	1500	1	42355970
sel_scaf	1507	1	42355970
sel_scaf	1508	1	42355970
sel_scaf	1510	1	42355970
sel_scaf	1514	2	42355970
sel_scaf	1515	1	42355970
sel_scaf	1516	3	42355970
sel_scaf	1519	2	42355970
sel_scaf	1520	3	42355970
sel_scaf	1521	1	42355970
sel_scaf	1522	1	42355970
sel_scaf	1526	2	42355970
sel_scaf	1528	1	42355970
sel_scaf	1530	2	42355970
sel_scaf	1531	1	42355970
sel_scaf	1532	1	42355970
sel_scaf	1535	2	42355970
sel_scaf	1536	1	42355970
sel_scaf	1537	2	42355970
sel_scaf	1539	2	42355970
sel_scaf	1540	1	42355970
sel_scaf	1541	3	42355970
sel_scaf	1542	3	42355970
sel_scaf	1543	2	42355970
sel_scaf	1545	1	42355970
sel_scaf	1547	1	42355970
sel_scaf	1548	1	42355970
sel_scaf	1549	1	42355970
sel_scaf	1550	1	42355970
sel_scaf	1555	2	42355970
sel_scaf	1558	1	42355970
sel_scaf	1559	1	42355970
sel_scaf	1561	1	42355970
sel_scaf	1565	1	42355970
sel_scaf	1568	1	42355970
sel_scaf	1569	1	42355970
sel_scaf	1574	4	42355970
sel_scaf	1575	2	42355970
sel_scaf	1576	3	42355970
sel_scaf	1577	1	42355970
sel_scaf	1578	3	42355970
sel_scaf	1579	2	42355970
sel_scaf	1580	1	42355970
sel_scaf	1581	4	42355970
sel_scaf	1582	4	42355970
sel_scaf	1585	1	42355970
sel_scaf	1587	1	42355970
sel_scaf	1598	2	42355970
sel_scaf	1602	2	42355970
sel_scaf	1603	1	42355970
sel_scaf	1606	1	42355970
sel_scaf	1613	2	42355970
sel_scaf	1614	1	42355970
sel_scaf	1616	1	42355970
sel_scaf	1617	1	42355970
sel_scaf	1621	1	42355970
sel_scaf	1622	1	42355970
sel_scaf	1626	1	42355970
sel_scaf	1629	1	42355970
sel_scaf	1631	1	42355970
sel_scaf	1633	1	42355970
sel_scaf	1641	1	42355970
sel_scaf	1643	1	42355970
sel_scaf	1645	1	42355970
sel_scaf	1646	2	42355970
sel_scaf	1650	1	42355970
sel_scaf	1652	1	42355970
sel_scaf	1653	1	42355970
sel_scaf	1659	1	42355970
sel_scaf	1660	1	42355970
sel_scaf	1662	1	42355970
sel_scaf	1667	1	42355970
sel_scaf	1668	1	42355970
sel_scaf	1669	1	42355970
sel_scaf	1671	1	42355970
sel_scaf	1675	1	42355970
sel_scaf	1677	1	42355970
sel_scaf	1679	1	42355970
sel_scaf	1680	1	42355970
sel_scaf	1681	1	42355970
sel_scaf	1684	2	42355970
sel_scaf	1685	1	42355970
sel_scaf	1687	1	42355970
sel_scaf	1690	2	42355970
sel_scaf	1691	2	42355970
sel_scaf	1692	1	42355970
sel_scaf	1693	1	42355970
sel_scaf	1697	1	42355970
sel_scaf	1702	2	42355970
sel_scaf	1708	1	42355970
sel_scaf	1709	1	42355970
sel_scaf	1711	1	42355970
sel_scaf	1714	1	42355970
sel_scaf	1717	1	42355970
sel_scaf	1718	1	42355970
sel_scaf	1719	1	42355970
sel_scaf	1724	1	42355970
sel_scaf	1725	1	42355970
sel_scaf	1730	1	42355970
sel_scaf	1732	1	42355970
sel_scaf	1734	3	42355970
sel_scaf	1735	1	42355970
sel_scaf	1738	2	42355970
sel_scaf	1739	1	42355970
sel_scaf	1747	1	42355970
sel_scaf	1749	1	42355970
sel_scaf	1752	1	42355970
sel_scaf	1754	2	42355970
sel_scaf	1757	1	42355970
sel_scaf	1758	1	42355970
sel_scaf	1761	1	42355970
sel_scaf	1762	1	42355970
sel_scaf	1764	1	42355970
sel_scaf	1772	2	42355970
sel_scaf	1774	2	42355970
sel_scaf	1777	2	42355970
sel_scaf	1779	1	42355970
sel_scaf	1781	1	42355970
sel_scaf	1783	2	42355970
sel_scaf	1785	1	42355970
sel_scaf	1791	1	42355970
sel_scaf	1794	1	42355970
sel_scaf	1798	1	42355970
sel_scaf	1799	1	42355970
sel_scaf	1803	2	42355970
sel_scaf	1804	1	42355970
sel_scaf	1808	2	42355970
sel_scaf	1811	1	42355970
sel_scaf	1813	1	42355970
sel_scaf	1814	1	42355970
sel_scaf	1815	1	42355970
sel_scaf	1817	1	42355970
sel_scaf	1818	1	42355970
sel_scaf	1821	1	42355970
sel_scaf	1822	2	42355970
sel_scaf	1823	1	42355970
sel_scaf	1828	1	42355970
sel_scaf	1833	1	42355970
sel_scaf	1834	1	42355970
sel_scaf	1840	1	42355970
sel_scaf	1841	1	42355970
sel_scaf	1842	1	42355970
sel_scaf	1843	1	42355970
sel_scaf	1844	1	42355970
sel_scaf	1845	1	42355970
sel_scaf	1848	1	42355970
sel_scaf	1849	1	42355970
sel_scaf	1851	1	42355970
sel_scaf	1853	1	42355970
sel_scaf	1854	1	42355970
sel_scaf	1855	1	42355970
sel_scaf	1859	1	42355970
sel_scaf	1860	2	42355970
sel_scaf	1861	1	42355970
sel_scaf	1865	1	42355970
sel_scaf	1867	1	42355970
sel_scaf	1868	2	42355970
sel_scaf	1873	1	42355970
sel_scaf	1878	1	42355970
sel_scaf	1879	2	42355970
sel_scaf	1880	1	42355970
sel_scaf	1881	1	42355970
sel_scaf	1882	1	42355970
sel_scaf	1884	1	42355970
sel_scaf	1887	2	42355970
sel_scaf	1889	1	42355970
sel_scaf	1892	1	42355970
sel_scaf	1895	1	42355970
sel_scaf	1897	1	42355970
sel_scaf	1898	1	42355970
sel_scaf	1901	1	42355970
sel_scaf	1903	1	42355970
sel_scaf	1905	1	42355970
sel_scaf	1907	1	42355970
sel_scaf	1909	1	42355970
sel_scaf	1911	1	42355970
sel_scaf	1912	1	42355970
sel_scaf	1915	1	42355970
sel_scaf	1917	1	42355970
sel_scaf	1918	1	42355970
sel_scaf	1919	1	42355970
sel_scaf	1921	1	42355970
sel_scaf	1923	2	42355970
sel_scaf	1924	1	42355970
sel_scaf	1926	2	42355970
sel_scaf	1928	1	42355970
sel_scaf	1931	3	42355970
sel_scaf	1932	1	42355970
sel_scaf	1933	2	42355970
sel_scaf	1936	1	42355970
sel_scaf	1937	1	42355970
sel_scaf	1939	1	42355970
sel_scaf	1940	3	42355970
sel_scaf	1943	1	42355970
sel_scaf	1948	1	42355970
sel_scaf	1949	1	42355970
sel_scaf	1952	1	42355970
sel_scaf	1953	1	42355970
sel_scaf	1954	1	42355970
sel_scaf	1956	1	42355970
sel_scaf	1958	1	42355970
sel_scaf	1960	1	42355970
sel_scaf	1962	2	42355970
sel_scaf	1964	1	42355970
sel_scaf	1967	1	42355970
sel_scaf	1969	1	42355970
sel_scaf	1971	2	42355970
sel_scaf	1975	1	42355970
sel_scaf	1976	2	42355970
sel_scaf	1977	1	42355970
sel_scaf	1979	1	42355970
sel_scaf	1980	1	42355970
sel_scaf	1981	3	42355970
sel_scaf	1982	2	42355970
sel_scaf	1983	1	42355970
sel_scaf	1986	1	42355970
sel_scaf	1987	1	42355970
sel_scaf	1988	1	42355970
sel_scaf	1989	3	42355970
sel_scaf	1990	13	42355970
sel_scaf	1991	7	42355970
sel_scaf	1992	6	42355970
sel_scaf	1993	6	42355970
sel_scaf	1994	13	42355970
sel_scaf	1995	2	42355970
sel_scaf	1997	3	42355970
sel_scaf	2000	1	42355970
sel_scaf	2003	1	42355970
sel_scaf	2004	1	42355970
sel_scaf	2005	2	42355970
sel_scaf	2006	5	42355970
sel_scaf	2007	1	42355970
sel_scaf	2008	1	42355970
sel_scaf	2009	10	42355970
sel_scaf	2010	4	42355970
sel_scaf	2011	27	42355970
sel_scaf	2012	1	42355970
sel_scaf	2015	1	42355970
sel_scaf	2018	1	42355970
sel_scaf	2023	2	42355970
sel_scaf	2024	1	42355970
sel_scaf	2025	1	42355970
sel_scaf	2026	1	42355970
sel_scaf	2027	1	42355970
sel_scaf	2030	1	42355970
sel_scaf	2033	1	42355970
sel_scaf	2034	1	42355970
sel_scaf	2037	2	42355970
sel_scaf	2038	2	42355970
sel_scaf	2039	1	42355970
sel_scaf	2040	1	42355970
sel_scaf	2042	1	42355970
sel_scaf	2043	1	42355970
sel_scaf	2044	1	42355970
sel_scaf	2045	2	42355970
sel_scaf	2047	2	42355970
sel_scaf	2049	3	42355970
sel_scaf	2050	1	42355970
sel_scaf	2052	1	42355970
sel_scaf	2054	1	42355970
sel_scaf	2058	2	42355970
sel_scaf	2059	1	42355970
sel_scaf	2060	2	42355970
sel_scaf	2066	1	42355970
sel_scaf	2071	1	42355970
sel_scaf	2074	1	42355970
sel_scaf	2075	1	42355970
sel_scaf	2083	1	42355970
sel_scaf	2085	1	42355970
sel_scaf	2087	1	42355970
sel_scaf	2090	1	42355970
sel_scaf	2102	1	42355970
sel_scaf	2107	1	42355970
sel_scaf	2115	1	42355970
sel_scaf	2126	2	42355970
sel_scaf	2128	1	42355970
sel_scaf	2130	1	42355970
sel_scaf	2132	1	42355970
sel_scaf	2135	1	42355970
sel_scaf	2138	1	42355970
sel_scaf	2153	1	42355970
sel_scaf	2155	1	42355970
sel_scaf	2156	1	42355970
sel_scaf	2157	1	42355970
sel_scaf	2162	1	42355970
sel_scaf	2163	1	42355970
sel_scaf	2169	1	42355970
sel_scaf	2170	2	42355970
sel_scaf	2174	1	42355970
sel_scaf	2177	1	42355970
sel_scaf	2179	2	42355970
sel_scaf	2181	1	42355970
sel_scaf	2183	1	42355970
sel_scaf	2185	1	42355970
sel_scaf	2188	1	42355970
sel_scaf	2192	1	42355970
sel_scaf	2198	1	42355970
sel_scaf	2201	1	42355970
sel_scaf	2202	1	42355970
sel_scaf	2204	2	42355970
sel_scaf	2205	1	42355970
sel_scaf	2209	1	42355970
sel_scaf	2215	1	42355970
sel_scaf	2217	2	42355970
sel_scaf	2221	1	42355970
sel_scaf	2223	1	42355970
sel_scaf	2224	2	42355970
sel_scaf	2225	1	42355970
sel_scaf	2230	1	42355970
sel_scaf	2231	1	42355970
sel_scaf	2232	2	42355970
sel_scaf	2235	1	42355970
sel_scaf	2237	1	42355970
sel_scaf	2238	1	42355970
sel_scaf	2239	1	42355970
sel_scaf	2241	1	42355970
sel_scaf	2246	1	42355970
sel_scaf	2249	1	42355970
sel_scaf	2252	1	42355970
sel_scaf	2253	1	42355970
sel_scaf	2255	1	42355970
sel_scaf	2256	1	42355970
sel_scaf	2259	1	42355970
sel_scaf	2263	4	42355970
sel_scaf	2264	1	42355970
sel_scaf	2265	1	42355970
sel_scaf	2266	1	42355970
sel_scaf	2267	2	42355970
sel_scaf	2268	1	42355970
sel_scaf	2270	2	42355970
sel_scaf	2271	2	42355970
sel_scaf	2272	1	42355970
sel_scaf	2273	10	42355970
sel_scaf	2274	51	42355970
sel_scaf	2281	1	42355970
sel_scaf	2283	2	42355970
sel_scaf	2286	2	42355970
sel_scaf	2289	1	42355970
sel_scaf	2295	1	42355970
sel_scaf	2296	1	42355970
sel_scaf	2299	2	42355970
sel_scaf	2301	1	42355970
sel_scaf	2302	1	42355970
sel_scaf	2303	1	42355970
sel_scaf	2305	1	42355970
sel_scaf	2311	1	42355970
sel_scaf	2312	2	42355970
sel_scaf	2315	1	42355970
sel_scaf	2320	1	42355970
sel_scaf	2321	2	42355970
sel_scaf	2322	1	42355970
sel_scaf	2325	1	42355970
sel_scaf	2327	2	42355970
sel_scaf	2328	1	42355970
sel_scaf	2329	1	42355970
sel_scaf	2335	1	42355970
sel_scaf	2339	1	42355970
sel_scaf	2341	2	42355970
sel_scaf	2342	1	42355970
sel_scaf	2343	2	42355970
sel_scaf	2345	2	42355970
sel_scaf	2352	1	42355970
sel_scaf	2353	1	42355970
sel_scaf	2359	1	42355970
sel_scaf	2361	1	42355970
sel_scaf	2365	1	42355970
sel_scaf	2368	1	42355970
sel_scaf	2386	1	42355970
sel_scaf	2391	1	42355970
sel_scaf	2393	1	42355970
sel_scaf	2399	1	42355970
sel_scaf	2402	1	42355970
sel_scaf	2413	1	42355970
sel_scaf	2426	1	42355970
sel_scaf	2428	1	42355970
sel_scaf	2434	1	42355970
sel_scaf	2436	2	42355970
sel_scaf	2437	1	42355970
sel_scaf	2445	1	42355970
sel_scaf	2451	2	42355970
sel_scaf	2458	1	42355970
sel_scaf	2469	1	42355970
sel_scaf	2470	1	42355970
sel_scaf	2472	3	42355970
sel_scaf	2474	1	42355970
sel_scaf	2476	1	42355970
sel_scaf	2477	1	42355970
sel_scaf	2478	1	42355970
sel_scaf	2486	1	42355970
sel_scaf	2491	1	42355970
sel_scaf	2502	1	42355970
sel_scaf	2503	1	42355970
sel_scaf	2505	1	42355970
sel_scaf	2507	1	42355970
sel_scaf	2512	1	42355970
sel_scaf	2513	1	42355970
sel_scaf	2521	1	42355970
sel_scaf	2524	4	42355970
sel_scaf	2527	1	42355970
sel_scaf	2536	1	42355970
sel_scaf	2542	1	42355970
sel_scaf	2548	1	42355970
sel_scaf	2552	1	42355970
sel_scaf	2554	1	42355970
sel_scaf	2563	1	42355970
sel_scaf	2567	1	42355970
sel_scaf	2569	1	42355970
sel_scaf	2570	1	42355970
sel_scaf	2581	1	42355970
sel_scaf	2582	2	42355970
sel_scaf	2590	2	42355970
sel_scaf	2592	1	42355970
sel_scaf	2594	1	42355970
sel_scaf	2596	1	42355970
sel_scaf	2600	1	42355970
sel_scaf	2601	1	42355970
sel_scaf	2602	1	42355970
sel_scaf	2604	1	42355970
sel_scaf	2608	1	42355970
sel_scaf	2612	1	42355970
sel_scaf	2620	1	42355970
sel_scaf	2621	1	42355970
sel_scaf	2628	1	42355970
sel_scaf	2631	2	42355970
sel_scaf	2638	1	42355970
sel_scaf	2641	1	42355970
sel_scaf	2647	2	42355970
sel_scaf	2650	1	42355970
sel_scaf	2652	1	42355970
sel_scaf	2654	1	42355970
sel_scaf	2655	1	42355970
sel_scaf	2663	1	42355970
sel_scaf	2664	1	42355970
sel_scaf	2668	1	42355970
sel_scaf	2669	1	42355970
sel_scaf	2671	1	42355970
sel_scaf	2678	1	42355970
sel_scaf	2680	1	42355970
sel_scaf	2684	1	42355970
sel_scaf	2686	1	42355970
sel_scaf	2688	1	42355970
sel_scaf	2690	1	42355970
sel_scaf	2692	1	42355970
sel_scaf	2696	1	42355970
sel_scaf	2702	1	42355970
sel_scaf	2708	1	42355970
sel_scaf	2711	1	42355970
sel_scaf	2712	2	42355970
sel_scaf	2713	1	42355970
sel_scaf	2714	1	42355970
sel_scaf	2716	2	42355970
sel_scaf	2718	1	42355970
sel_scaf	2719	1	42355970
sel_scaf	2726	3	42355970
sel_scaf	2727	1	42355970
sel_scaf	2728	2	42355970
sel_scaf	2730	1	42355970
sel_scaf	2731	2	42355970
sel_scaf	2732	1	42355970
sel_scaf	2733	1	42355970
sel_scaf	2734	1	42355970
sel_scaf	2735	2	42355970
sel_scaf	2736	2	42355970
sel_scaf	2737	1	42355970
sel_scaf	2738	1	42355970
sel_scaf	2740	1	42355970
sel_scaf	2741	1	42355970
sel_scaf	2744	1	42355970
sel_scaf	2746	2	42355970
sel_scaf	2747	1	42355970
sel_scaf	2748	1	42355970
sel_scaf	2749	1	42355970
sel_scaf	2752	3	42355970
sel_scaf	2754	2	42355970
sel_scaf	2756	2	42355970
sel_scaf	2757	1	42355970
sel_scaf	2760	1	42355970
sel_scaf	2762	1	42355970
sel_scaf	2763	1	42355970
sel_scaf	2764	1	42355970
sel_scaf	2765	2	42355970
sel_scaf	2766	2	42355970
sel_scaf	2767	1	42355970
sel_scaf	2768	1	42355970
sel_scaf	2769	1	42355970
sel_scaf	2770	2	42355970
sel_scaf	2771	1	42355970
sel_scaf	2773	2	42355970
sel_scaf	2774	1	42355970
sel_scaf	2775	4	42355970
sel_scaf	2776	2	42355970
sel_scaf	2778	1	42355970
sel_scaf	2779	1	42355970
sel_scaf	2781	2	42355970
sel_scaf	2782	1	42355970
sel_scaf	2784	1	42355970
sel_scaf	2786	1	42355970
sel_scaf	2790	1	42355970
sel_scaf	2791	1	42355970
sel_scaf	2793	1	42355970
sel_scaf	2795	1	42355970
sel_scaf	2797	5	42355970
sel_scaf	2798	1	42355970
sel_scaf	2799	1	42355970
sel_scaf	2801	4	42355970
sel_scaf	2802	2	42355970
sel_scaf	2803	2	42355970
sel_scaf	2804	3	42355970
sel_scaf	2805	1	42355970
sel_scaf	2806	2	42355970
sel_scaf	2810	1	42355970
sel_scaf	2811	1	42355970
sel_scaf	2812	1	42355970
sel_scaf	2814	1	42355970
sel_scaf	2815	3	42355970
sel_scaf	2816	2	42355970
sel_scaf	2817	1	42355970
sel_scaf	2818	1	42355970
sel_scaf	2830	1	42355970
sel_scaf	2835	2	42355970
sel_scaf	2843	1	42355970
sel_scaf	2844	1	42355970
sel_scaf	2855	1	42355970
sel_scaf	2859	1	42355970
sel_scaf	2866	1	42355970
sel_scaf	2867	1	42355970
sel_scaf	2872	1	42355970
sel_scaf	2875	2	42355970
sel_scaf	2882	1	42355970
sel_scaf	2888	1	42355970
sel_scaf	2889	1	42355970
sel_scaf	2890	1	42355970
sel_scaf	2906	1	42355970
sel_scaf	2908	1	42355970
sel_scaf	2914	1	42355970
sel_scaf	2928	1	42355970
sel_scaf	2930	1	42355970
sel_scaf	2932	1	42355970
sel_scaf	2935	1	42355970
sel_scaf	2941	1	42355970
sel_scaf	2945	1	42355970
sel_scaf	2947	1	42355970
sel_scaf	2949	1	42355970
sel_scaf	2958	1	42355970
sel_scaf	2964	1	42355970
sel_scaf	2965	1	42355970
sel_scaf	2966	1	42355970
sel_scaf	2969	1	42355970
sel_scaf	2980	1	42355970
sel_scaf	2983	1	42355970
sel_scaf	3002	1	42355970
sel_scaf	3005	2	42355970
sel_scaf	3010	1	42355970
sel_scaf	3011	1	42355970
sel_scaf	3020	1	42355970
sel_scaf	3026	1	42355970
sel_scaf	3027	1	42355970
sel_scaf	3029	1	42355970
sel_scaf	3030	1	42355970
sel_scaf	3034	1	42355970
sel_scaf	3035	1	42355970
sel_scaf	3039	1	42355970
sel_scaf	3041	1	42355970
sel_scaf	3048	1	42355970
sel_scaf	3057	1	42355970
sel_scaf	3059	1	42355970
sel_scaf	3072	1	42355970
sel_scaf	3088	1	42355970
sel_scaf	3090	1	42355970
sel_scaf	3092	1	42355970
sel_scaf	3094	1	42355970
sel_scaf	3116	1	42355970
sel_scaf	3117	1	42355970
sel_scaf	3124	1	42355970
sel_scaf	3135	2	42355970
sel_scaf	3167	1	42355970
sel_scaf	3171	1	42355970
sel_scaf	3172	1	42355970
sel_scaf	3174	1	42355970
sel_scaf	3184	1	42355970
sel_scaf	3187	1	42355970
sel_scaf	3198	1	42355970
sel_scaf	3203	1	42355970
sel_scaf	3207	1	42355970
sel_scaf	3211	1	42355970
sel_scaf	3219	1	42355970
sel_scaf	3224	1	42355970
sel_scaf	3226	1	42355970
sel_scaf	3231	1	42355970
sel_scaf	3233	1	42355970
sel_scaf	3246	1	42355970
sel_scaf	3251	1	42355970
sel_scaf	3253	1	42355970
sel_scaf	3254	3	42355970
sel_scaf	3256	2	42355970
sel_scaf	3259	1	42355970
sel_scaf	3278	1	42355970
sel_scaf	3282	1	42355970
sel_scaf	3283	1	42355970
sel_scaf	3295	1	42355970
sel_scaf	3315	1	42355970
sel_scaf	3316	1	42355970
sel_scaf	3338	1	42355970
sel_scaf	3339	1	42355970
sel_scaf	3351	1	42355970
sel_scaf	3354	1	42355970
sel_scaf	3368	1	42355970
sel_scaf	3378	1	42355970
sel_scaf	3384	1	42355970
sel_scaf	3393	1	42355970
sel_scaf	3412	1	42355970
sel_scaf	3413	2	42355970
sel_scaf	3420	1	42355970
sel_scaf	3423	1	42355970
sel_scaf	3428	1	42355970
sel_scaf	3438	1	42355970
sel_scaf	3440	2	42355970
sel_scaf	3448	2	42355970
sel_scaf	3454	4	42355970
sel_scaf	3461	1	42355970
sel_scaf	3465	1	42355970
sel_scaf	3468	1	42355970
sel_scaf	3469	1	42355970
sel_scaf	3472	1	42355970
sel_scaf	3489	1	42355970
sel_scaf	3492	1	42355970
sel_scaf	3495	1	42355970
sel_scaf	3498	1	42355970
sel_scaf	3506	1	42355970
sel_scaf	3508	1	42355970
sel_scaf	3509	1	42355970
sel_scaf	3519	1	42355970
sel_scaf	3531	1	42355970
sel_scaf	3540	1	42355970
sel_scaf	3548	1	42355970
sel_scaf	3551	1	42355970
sel_scaf	3556	1	42355970
sel_scaf	3563	1	42355970
sel_scaf	3565	2	42355970
sel_scaf	3567	1	42355970
sel_scaf	3570	1	42355970
sel_scaf	3573	1	42355970
sel_scaf	3584	1	42355970
sel_scaf	3594	1	42355970
sel_scaf	3603	1	42355970
sel_scaf	3607	1	42355970
sel_scaf	3611	1	42355970
sel_scaf	3615	1	42355970
sel_scaf	3619	1	42355970
sel_scaf	3625	2	42355970
sel_scaf	3628	1	42355970
sel_scaf	3637	1	42355970
sel_scaf	3641	1	42355970
sel_scaf	3643	1	42355970
sel_scaf	3649	1	42355970
sel_scaf	3656	1	42355970
sel_scaf	3659	1	42355970
sel_scaf	3666	1	42355970
sel_scaf	3667	1	42355970
sel_scaf	3671	1	42355970
sel_scaf	3674	2	42355970
sel_scaf	3675	1	42355970
sel_scaf	3683	1	42355970
sel_scaf	3693	1	42355970
sel_scaf	3699	1	42355970
sel_scaf	3702	1	42355970
sel_scaf	3726	1	42355970
sel_scaf	3732	1	42355970
sel_scaf	3734	1	42355970
sel_scaf	3746	1	42355970
sel_scaf	3755	1	42355970
sel_scaf	3756	1	42355970
sel_scaf	3758	1	42355970
sel_scaf	3763	1	42355970
sel_scaf	3769	1	42355970
sel_scaf	3774	1	42355970
sel_scaf	3786	1	42355970
sel_scaf	3788	1	42355970
sel_scaf	3792	1	42355970
sel_scaf	3793	1	42355970
sel_scaf	3795	1	42355970
sel_scaf	3796	2	42355970
sel_scaf	3811	1	42355970
sel_scaf	3813	1	42355970
sel_scaf	3815	1	42355970
sel_scaf	3816	1	42355970
sel_scaf	3818	1	42355970
sel_scaf	3825	1	42355970
sel_scaf	3835	1	42355970
sel_scaf	3843	1	42355970
sel_scaf	3850	1	42355970
sel_scaf	3859	1	42355970
sel_scaf	3875	1	42355970
sel_scaf	3879	1	42355970
sel_scaf	3884	1	42355970
sel_scaf	3886	1	42355970
sel_scaf	3903	1	42355970
sel_scaf	3905	1	42355970
sel_scaf	3914	1	42355970
sel_scaf	3928	2	42355970
sel_scaf	3932	1	42355970
sel_scaf	3933	1	42355970
sel_scaf	3958	1	42355970
sel_scaf	3963	1	42355970
sel_scaf	3965	1	42355970
sel_scaf	3972	1	42355970
sel_scaf	3974	1	42355970
sel_scaf	3979	1	42355970
sel_scaf	3996	2	42355970
sel_scaf	3998	1	42355970
sel_scaf	3999	1	42355970
sel_scaf	4008	2	42355970
sel_scaf	4026	1	42355970
sel_scaf	4028	1	42355970
sel_scaf	4036	1	42355970
sel_scaf	4047	1	42355970
sel_scaf	4049	1	42355970
sel_scaf	4054	1	42355970
sel_scaf	4057	1	42355970
sel_scaf	4071	1	42355970
sel_scaf	4072	1	42355970
sel_scaf	4075	1	42355970
sel_scaf	4078	1	42355970
sel_scaf	4081	1	42355970
sel_scaf	4084	2	42355970
sel_scaf	4085	1	42355970
sel_scaf	4086	1	42355970
sel_scaf	4087	6	42355970
sel_scaf	4088	4	42355970
sel_scaf	4090	1	42355970
sel_scaf	4091	2	42355970
sel_scaf	4092	4	42355970
sel_scaf	4093	2	42355970
sel_scaf	4103	1	42355970
sel_scaf	4105	1	42355970
sel_scaf	4112	1	42355970
sel_scaf	4114	2	42355970
sel_scaf	4125	2	42355970
sel_scaf	4130	1	42355970
sel_scaf	4133	1	42355970
sel_scaf	4136	1	42355970
sel_scaf	4158	1	42355970
sel_scaf	4168	2	42355970
sel_scaf	4169	1	42355970
sel_scaf	4182	1	42355970
sel_scaf	4193	1	42355970
sel_scaf	4202	1	42355970
sel_scaf	4205	1	42355970
sel_scaf	4208	1	42355970
sel_scaf	4209	1	42355970
sel_scaf	4210	1	42355970
sel_scaf	4222	1	42355970
sel_scaf	4225	1	42355970
sel_scaf	4228	1	42355970
sel_scaf	4233	1	42355970
sel_scaf	4239	1	42355970
sel_scaf	4243	1	42355970
sel_scaf	4244	1	42355970
sel_scaf	4255	1	42355970
sel_scaf	4262	1	42355970
sel_scaf	4264	2	42355970
sel_scaf	4272	1	42355970
sel_scaf	4287	1	42355970
sel_scaf	4297	1	42355970
sel_scaf	4301	2	42355970
sel_scaf	4302	1	42355970
sel_scaf	4316	1	42355970
sel_scaf	4325	1	42355970
sel_scaf	4335	1	42355970
sel_scaf	4365	1	42355970
sel_scaf	4376	1	42355970
sel_scaf	4380	1	42355970
sel_scaf	4389	1	42355970
sel_scaf	4394	1	42355970
sel_scaf	4399	1	42355970
sel_scaf	4413	1	42355970
sel_scaf	4423	1	42355970
sel_scaf	4433	1	42355970
sel_scaf	4436	1	42355970
sel_scaf	4437	1	42355970
sel_scaf	4514	1	42355970
sel_scaf	4690	1	42355970
sel_scaf	4720	1	42355970
sel_scaf	4744	1	42355970
sel_scaf	4759	1	42355970
sel_scaf	4776	1	42355970
sel_scaf	4815	1	42355970
sel_scaf	4846	1	42355970
sel_scaf	5034	1	42355970
sel_scaf	5084	1	42355970
sel_scaf	5126	1	42355970
sel_scaf	5189	1	42355970
sel_scaf	5211	1	42355970
sel_scaf	5331	1	42355970
sel_scaf	5333	1	42355970
sel_scaf	5348	1	42355970
sel_scaf	5370	1	42355970
sel_scaf	5382	1	42355970
sel_scaf	5383	1	42355970
sel_scaf	5391	1	42355970
sel_scaf	5404	1	42355970
sel_scaf	5407	1	42355970
sel_scaf	5451	1	42355970
sel_scaf	5461	1	42355970
sel_scaf	5466	1	42355970
sel_scaf	5475	3	42355970
sel_scaf	5476	1	42355970
sel_scaf	5674	1	42355970
sel_scaf	7257	1	42355970
sel_scaf	7479	1	42355970
sel_scaf	7549	1	42355970
sel_scaf	7647	1	42355970
sel_scaf	7653	1	42355970
sel_scaf	7661	1	42355970
sel_scaf	7668	1	42355970
sel_scaf	7676	1	42355970
sel_scaf	7677	1	42355970
sel_scaf	7682	1	42355970
sel_scaf	7683	1	42355970
sel_scaf	7685	1	42355970
sel_scaf	7687	1	42355970
sel_scaf	7694	1	42355970
sel_scaf	7695	1	42355970
sel_scaf	7759	1	42355970
sel_scaf	7792	1	42355970
sel_scaf	7896	1	42355970
sel_scaf	8026	1	42355970
sel_scaf	8036	1	42355970
sel_scaf	8067	1	42355970
sel_scaf	8084	1	42355970
sel_scaf	8094	2	42355970
sel_scaf	8098	2	42355970
sel_scaf	8099	2	42355970
sel_scaf	8101	1	42355970
sel_scaf	8105	1	42355970
sel_scaf	8108	5	42355970
sel_scaf	8111	2	42355970
sel_scaf	8114	4	42355970
sel_scaf	8115	4	42355970
