feature	depth	Nsites	totalNsites
sel_scaf	0	6709020	42355970
sel_scaf	1	788289	42355970
sel_scaf	2	651830	42355970
sel_scaf	3	630792	42355970
sel_scaf	4	644329	42355970
sel_scaf	5	666231	42355970
sel_scaf	6	692007	42355970
sel_scaf	7	725992	42355970
sel_scaf	8	781169	42355970
sel_scaf	9	834071	42355970
sel_scaf	10	884270	42355970
sel_scaf	11	934285	42355970
sel_scaf	12	978231	42355970
sel_scaf	13	1004192	42355970
sel_scaf	14	1032902	42355970
sel_scaf	15	1049936	42355970
sel_scaf	16	1062605	42355970
sel_scaf	17	1074450	42355970
sel_scaf	18	1083332	42355970
sel_scaf	19	1103324	42355970
sel_scaf	20	1120308	42355970
sel_scaf	21	1138837	42355970
sel_scaf	22	1157369	42355970
sel_scaf	23	1161680	42355970
sel_scaf	24	1172179	42355970
sel_scaf	25	1171546	42355970
sel_scaf	26	1160515	42355970
sel_scaf	27	1136308	42355970
sel_scaf	28	1102512	42355970
sel_scaf	29	1047605	42355970
sel_scaf	30	990303	42355970
sel_scaf	31	918454	42355970
sel_scaf	32	837323	42355970
sel_scaf	33	756653	42355970
sel_scaf	34	674092	42355970
sel_scaf	35	587827	42355970
sel_scaf	36	508293	42355970
sel_scaf	37	432560	42355970
sel_scaf	38	363273	42355970
sel_scaf	39	302005	42355970
sel_scaf	40	246944	42355970
sel_scaf	41	199775	42355970
sel_scaf	42	159061	42355970
sel_scaf	43	124868	42355970
sel_scaf	44	97648	42355970
sel_scaf	45	75500	42355970
sel_scaf	46	57411	42355970
sel_scaf	47	44848	42355970
sel_scaf	48	33886	42355970
sel_scaf	49	25955	42355970
sel_scaf	50	20230	42355970
sel_scaf	51	15852	42355970
sel_scaf	52	12143	42355970
sel_scaf	53	9507	42355970
sel_scaf	54	7855	42355970
sel_scaf	55	6496	42355970
sel_scaf	56	5689	42355970
sel_scaf	57	5040	42355970
sel_scaf	58	4346	42355970
sel_scaf	59	4073	42355970
sel_scaf	60	3907	42355970
sel_scaf	61	3691	42355970
sel_scaf	62	3501	42355970
sel_scaf	63	3301	42355970
sel_scaf	64	3216	42355970
sel_scaf	65	2985	42355970
sel_scaf	66	2814	42355970
sel_scaf	67	3081	42355970
sel_scaf	68	2907	42355970
sel_scaf	69	2737	42355970
sel_scaf	70	2391	42355970
sel_scaf	71	2373	42355970
sel_scaf	72	2379	42355970
sel_scaf	73	2133	42355970
sel_scaf	74	2217	42355970
sel_scaf	75	2146	42355970
sel_scaf	76	2108	42355970
sel_scaf	77	2163	42355970
sel_scaf	78	2049	42355970
sel_scaf	79	1922	42355970
sel_scaf	80	1917	42355970
sel_scaf	81	1797	42355970
sel_scaf	82	1705	42355970
sel_scaf	83	1703	42355970
sel_scaf	84	1723	42355970
sel_scaf	85	1619	42355970
sel_scaf	86	1539	42355970
sel_scaf	87	1432	42355970
sel_scaf	88	1424	42355970
sel_scaf	89	1297	42355970
sel_scaf	90	1369	42355970
sel_scaf	91	1257	42355970
sel_scaf	92	1129	42355970
sel_scaf	93	1157	42355970
sel_scaf	94	1112	42355970
sel_scaf	95	1062	42355970
sel_scaf	96	1011	42355970
sel_scaf	97	1031	42355970
sel_scaf	98	924	42355970
sel_scaf	99	968	42355970
sel_scaf	100	778	42355970
sel_scaf	101	805	42355970
sel_scaf	102	853	42355970
sel_scaf	103	805	42355970
sel_scaf	104	783	42355970
sel_scaf	105	772	42355970
sel_scaf	106	769	42355970
sel_scaf	107	748	42355970
sel_scaf	108	686	42355970
sel_scaf	109	645	42355970
sel_scaf	110	644	42355970
sel_scaf	111	541	42355970
sel_scaf	112	557	42355970
sel_scaf	113	605	42355970
sel_scaf	114	640	42355970
sel_scaf	115	603	42355970
sel_scaf	116	555	42355970
sel_scaf	117	534	42355970
sel_scaf	118	490	42355970
sel_scaf	119	461	42355970
sel_scaf	120	489	42355970
sel_scaf	121	439	42355970
sel_scaf	122	502	42355970
sel_scaf	123	420	42355970
sel_scaf	124	427	42355970
sel_scaf	125	458	42355970
sel_scaf	126	496	42355970
sel_scaf	127	472	42355970
sel_scaf	128	431	42355970
sel_scaf	129	420	42355970
sel_scaf	130	415	42355970
sel_scaf	131	459	42355970
sel_scaf	132	436	42355970
sel_scaf	133	443	42355970
sel_scaf	134	406	42355970
sel_scaf	135	377	42355970
sel_scaf	136	354	42355970
sel_scaf	137	379	42355970
sel_scaf	138	377	42355970
sel_scaf	139	370	42355970
sel_scaf	140	343	42355970
sel_scaf	141	386	42355970
sel_scaf	142	336	42355970
sel_scaf	143	329	42355970
sel_scaf	144	285	42355970
sel_scaf	145	272	42355970
sel_scaf	146	297	42355970
sel_scaf	147	315	42355970
sel_scaf	148	273	42355970
sel_scaf	149	287	42355970
sel_scaf	150	274	42355970
sel_scaf	151	277	42355970
sel_scaf	152	316	42355970
sel_scaf	153	282	42355970
sel_scaf	154	242	42355970
sel_scaf	155	230	42355970
sel_scaf	156	205	42355970
sel_scaf	157	212	42355970
sel_scaf	158	199	42355970
sel_scaf	159	189	42355970
sel_scaf	160	188	42355970
sel_scaf	161	212	42355970
sel_scaf	162	184	42355970
sel_scaf	163	185	42355970
sel_scaf	164	199	42355970
sel_scaf	165	196	42355970
sel_scaf	166	225	42355970
sel_scaf	167	199	42355970
sel_scaf	168	198	42355970
sel_scaf	169	186	42355970
sel_scaf	170	220	42355970
sel_scaf	171	203	42355970
sel_scaf	172	216	42355970
sel_scaf	173	208	42355970
sel_scaf	174	171	42355970
sel_scaf	175	166	42355970
sel_scaf	176	181	42355970
sel_scaf	177	175	42355970
sel_scaf	178	200	42355970
sel_scaf	179	175	42355970
sel_scaf	180	192	42355970
sel_scaf	181	181	42355970
sel_scaf	182	142	42355970
sel_scaf	183	161	42355970
sel_scaf	184	114	42355970
sel_scaf	185	111	42355970
sel_scaf	186	112	42355970
sel_scaf	187	98	42355970
sel_scaf	188	132	42355970
sel_scaf	189	147	42355970
sel_scaf	190	124	42355970
sel_scaf	191	124	42355970
sel_scaf	192	142	42355970
sel_scaf	193	135	42355970
sel_scaf	194	157	42355970
sel_scaf	195	115	42355970
sel_scaf	196	145	42355970
sel_scaf	197	112	42355970
sel_scaf	198	134	42355970
sel_scaf	199	109	42355970
sel_scaf	200	106	42355970
sel_scaf	201	97	42355970
sel_scaf	202	107	42355970
sel_scaf	203	104	42355970
sel_scaf	204	85	42355970
sel_scaf	205	99	42355970
sel_scaf	206	83	42355970
sel_scaf	207	56	42355970
sel_scaf	208	105	42355970
sel_scaf	209	103	42355970
sel_scaf	210	103	42355970
sel_scaf	211	106	42355970
sel_scaf	212	91	42355970
sel_scaf	213	104	42355970
sel_scaf	214	99	42355970
sel_scaf	215	119	42355970
sel_scaf	216	91	42355970
sel_scaf	217	126	42355970
sel_scaf	218	128	42355970
sel_scaf	219	95	42355970
sel_scaf	220	69	42355970
sel_scaf	221	114	42355970
sel_scaf	222	115	42355970
sel_scaf	223	107	42355970
sel_scaf	224	70	42355970
sel_scaf	225	103	42355970
sel_scaf	226	109	42355970
sel_scaf	227	68	42355970
sel_scaf	228	81	42355970
sel_scaf	229	65	42355970
sel_scaf	230	78	42355970
sel_scaf	231	69	42355970
sel_scaf	232	88	42355970
sel_scaf	233	73	42355970
sel_scaf	234	75	42355970
sel_scaf	235	65	42355970
sel_scaf	236	108	42355970
sel_scaf	237	75	42355970
sel_scaf	238	74	42355970
sel_scaf	239	75	42355970
sel_scaf	240	72	42355970
sel_scaf	241	97	42355970
sel_scaf	242	68	42355970
sel_scaf	243	80	42355970
sel_scaf	244	84	42355970
sel_scaf	245	101	42355970
sel_scaf	246	90	42355970
sel_scaf	247	86	42355970
sel_scaf	248	97	42355970
sel_scaf	249	76	42355970
sel_scaf	250	69	42355970
sel_scaf	251	76	42355970
sel_scaf	252	84	42355970
sel_scaf	253	45	42355970
sel_scaf	254	82	42355970
sel_scaf	255	48	42355970
sel_scaf	256	49	42355970
sel_scaf	257	51	42355970
sel_scaf	258	52	42355970
sel_scaf	259	85	42355970
sel_scaf	260	70	42355970
sel_scaf	261	66	42355970
sel_scaf	262	61	42355970
sel_scaf	263	59	42355970
sel_scaf	264	42	42355970
sel_scaf	265	68	42355970
sel_scaf	266	82	42355970
sel_scaf	267	44	42355970
sel_scaf	268	35	42355970
sel_scaf	269	40	42355970
sel_scaf	270	40	42355970
sel_scaf	271	34	42355970
sel_scaf	272	54	42355970
sel_scaf	273	43	42355970
sel_scaf	274	32	42355970
sel_scaf	275	38	42355970
sel_scaf	276	39	42355970
sel_scaf	277	44	42355970
sel_scaf	278	50	42355970
sel_scaf	279	35	42355970
sel_scaf	280	38	42355970
sel_scaf	281	34	42355970
sel_scaf	282	32	42355970
sel_scaf	283	41	42355970
sel_scaf	284	37	42355970
sel_scaf	285	42	42355970
sel_scaf	286	56	42355970
sel_scaf	287	42	42355970
sel_scaf	288	42	42355970
sel_scaf	289	33	42355970
sel_scaf	290	46	42355970
sel_scaf	291	35	42355970
sel_scaf	292	32	42355970
sel_scaf	293	43	42355970
sel_scaf	294	49	42355970
sel_scaf	295	45	42355970
sel_scaf	296	50	42355970
sel_scaf	297	35	42355970
sel_scaf	298	40	42355970
sel_scaf	299	45	42355970
sel_scaf	300	37	42355970
sel_scaf	301	44	42355970
sel_scaf	302	29	42355970
sel_scaf	303	53	42355970
sel_scaf	304	34	42355970
sel_scaf	305	61	42355970
sel_scaf	306	32	42355970
sel_scaf	307	34	42355970
sel_scaf	308	34	42355970
sel_scaf	309	25	42355970
sel_scaf	310	27	42355970
sel_scaf	311	48	42355970
sel_scaf	312	36	42355970
sel_scaf	313	27	42355970
sel_scaf	314	17	42355970
sel_scaf	315	29	42355970
sel_scaf	316	25	42355970
sel_scaf	317	27	42355970
sel_scaf	318	19	42355970
sel_scaf	319	18	42355970
sel_scaf	320	17	42355970
sel_scaf	321	27	42355970
sel_scaf	322	27	42355970
sel_scaf	323	36	42355970
sel_scaf	324	29	42355970
sel_scaf	325	39	42355970
sel_scaf	326	24	42355970
sel_scaf	327	13	42355970
sel_scaf	328	20	42355970
sel_scaf	329	17	42355970
sel_scaf	330	35	42355970
sel_scaf	331	21	42355970
sel_scaf	332	19	42355970
sel_scaf	333	12	42355970
sel_scaf	334	21	42355970
sel_scaf	335	9	42355970
sel_scaf	336	32	42355970
sel_scaf	337	23	42355970
sel_scaf	338	16	42355970
sel_scaf	339	14	42355970
sel_scaf	340	18	42355970
sel_scaf	341	7	42355970
sel_scaf	342	9	42355970
sel_scaf	343	16	42355970
sel_scaf	344	14	42355970
sel_scaf	345	8	42355970
sel_scaf	346	19	42355970
sel_scaf	347	22	42355970
sel_scaf	348	11	42355970
sel_scaf	349	15	42355970
sel_scaf	350	16	42355970
sel_scaf	351	12	42355970
sel_scaf	352	12	42355970
sel_scaf	353	22	42355970
sel_scaf	354	20	42355970
sel_scaf	355	10	42355970
sel_scaf	356	19	42355970
sel_scaf	357	14	42355970
sel_scaf	358	16	42355970
sel_scaf	359	13	42355970
sel_scaf	360	10	42355970
sel_scaf	361	16	42355970
sel_scaf	362	18	42355970
sel_scaf	363	18	42355970
sel_scaf	364	14	42355970
sel_scaf	365	14	42355970
sel_scaf	366	16	42355970
sel_scaf	367	20	42355970
sel_scaf	368	19	42355970
sel_scaf	369	15	42355970
sel_scaf	370	9	42355970
sel_scaf	371	10	42355970
sel_scaf	372	9	42355970
sel_scaf	373	15	42355970
sel_scaf	374	18	42355970
sel_scaf	375	14	42355970
sel_scaf	376	11	42355970
sel_scaf	377	12	42355970
sel_scaf	378	12	42355970
sel_scaf	379	4	42355970
sel_scaf	380	17	42355970
sel_scaf	381	19	42355970
sel_scaf	382	12	42355970
sel_scaf	383	17	42355970
sel_scaf	384	15	42355970
sel_scaf	385	16	42355970
sel_scaf	386	15	42355970
sel_scaf	387	12	42355970
sel_scaf	388	18	42355970
sel_scaf	389	16	42355970
sel_scaf	390	15	42355970
sel_scaf	391	16	42355970
sel_scaf	392	19	42355970
sel_scaf	393	10	42355970
sel_scaf	394	16	42355970
sel_scaf	395	7	42355970
sel_scaf	396	20	42355970
sel_scaf	397	16	42355970
sel_scaf	398	17	42355970
sel_scaf	399	16	42355970
sel_scaf	400	20	42355970
sel_scaf	401	12	42355970
sel_scaf	402	20	42355970
sel_scaf	403	15	42355970
sel_scaf	404	15	42355970
sel_scaf	405	12	42355970
sel_scaf	406	12	42355970
sel_scaf	407	10	42355970
sel_scaf	408	9	42355970
sel_scaf	409	11	42355970
sel_scaf	410	6	42355970
sel_scaf	411	7	42355970
sel_scaf	412	10	42355970
sel_scaf	413	13	42355970
sel_scaf	414	17	42355970
sel_scaf	415	9	42355970
sel_scaf	416	11	42355970
sel_scaf	417	7	42355970
sel_scaf	418	13	42355970
sel_scaf	419	15	42355970
sel_scaf	420	11	42355970
sel_scaf	421	17	42355970
sel_scaf	422	16	42355970
sel_scaf	423	10	42355970
sel_scaf	424	9	42355970
sel_scaf	425	6	42355970
sel_scaf	426	8	42355970
sel_scaf	427	7	42355970
sel_scaf	428	7	42355970
sel_scaf	429	15	42355970
sel_scaf	430	12	42355970
sel_scaf	431	6	42355970
sel_scaf	432	13	42355970
sel_scaf	433	11	42355970
sel_scaf	434	10	42355970
sel_scaf	435	11	42355970
sel_scaf	436	5	42355970
sel_scaf	437	11	42355970
sel_scaf	438	16	42355970
sel_scaf	439	9	42355970
sel_scaf	440	9	42355970
sel_scaf	441	13	42355970
sel_scaf	442	22	42355970
sel_scaf	443	7	42355970
sel_scaf	444	9	42355970
sel_scaf	445	5	42355970
sel_scaf	446	13	42355970
sel_scaf	447	7	42355970
sel_scaf	448	8	42355970
sel_scaf	449	7	42355970
sel_scaf	450	11	42355970
sel_scaf	451	17	42355970
sel_scaf	452	17	42355970
sel_scaf	453	4	42355970
sel_scaf	454	19	42355970
sel_scaf	455	8	42355970
sel_scaf	456	5	42355970
sel_scaf	457	6	42355970
sel_scaf	458	7	42355970
sel_scaf	459	8	42355970
sel_scaf	460	7	42355970
sel_scaf	461	6	42355970
sel_scaf	462	15	42355970
sel_scaf	463	19	42355970
sel_scaf	464	7	42355970
sel_scaf	465	5	42355970
sel_scaf	466	7	42355970
sel_scaf	467	10	42355970
sel_scaf	468	6	42355970
sel_scaf	469	6	42355970
sel_scaf	470	13	42355970
sel_scaf	471	4	42355970
sel_scaf	472	18	42355970
sel_scaf	473	16	42355970
sel_scaf	474	22	42355970
sel_scaf	475	16	42355970
sel_scaf	476	10	42355970
sel_scaf	477	8	42355970
sel_scaf	478	8	42355970
sel_scaf	479	4	42355970
sel_scaf	480	8	42355970
sel_scaf	481	20	42355970
sel_scaf	482	11	42355970
sel_scaf	483	10	42355970
sel_scaf	484	12	42355970
sel_scaf	485	9	42355970
sel_scaf	486	10	42355970
sel_scaf	487	5	42355970
sel_scaf	488	3	42355970
sel_scaf	489	7	42355970
sel_scaf	490	4	42355970
sel_scaf	491	4	42355970
sel_scaf	492	7	42355970
sel_scaf	493	3	42355970
sel_scaf	494	6	42355970
sel_scaf	495	2	42355970
sel_scaf	496	8	42355970
sel_scaf	497	1	42355970
sel_scaf	498	8	42355970
sel_scaf	499	5	42355970
sel_scaf	500	6	42355970
sel_scaf	501	5	42355970
sel_scaf	502	7	42355970
sel_scaf	503	9	42355970
sel_scaf	504	14	42355970
sel_scaf	505	6	42355970
sel_scaf	506	8	42355970
sel_scaf	507	9	42355970
sel_scaf	508	4	42355970
sel_scaf	509	7	42355970
sel_scaf	510	6	42355970
sel_scaf	511	5	42355970
sel_scaf	512	5	42355970
sel_scaf	513	6	42355970
sel_scaf	514	8	42355970
sel_scaf	515	5	42355970
sel_scaf	516	6	42355970
sel_scaf	517	5	42355970
sel_scaf	518	9	42355970
sel_scaf	519	3	42355970
sel_scaf	520	3	42355970
sel_scaf	521	2	42355970
sel_scaf	522	6	42355970
sel_scaf	523	23	42355970
sel_scaf	524	10	42355970
sel_scaf	525	7	42355970
sel_scaf	526	6	42355970
sel_scaf	527	4	42355970
sel_scaf	528	5	42355970
sel_scaf	529	5	42355970
sel_scaf	530	4	42355970
sel_scaf	531	3	42355970
sel_scaf	532	4	42355970
sel_scaf	533	5	42355970
sel_scaf	534	4	42355970
sel_scaf	535	5	42355970
sel_scaf	536	9	42355970
sel_scaf	537	11	42355970
sel_scaf	538	4	42355970
sel_scaf	539	7	42355970
sel_scaf	540	3	42355970
sel_scaf	541	3	42355970
sel_scaf	542	8	42355970
sel_scaf	543	3	42355970
sel_scaf	544	11	42355970
sel_scaf	545	3	42355970
sel_scaf	546	3	42355970
sel_scaf	547	1	42355970
sel_scaf	548	4	42355970
sel_scaf	549	5	42355970
sel_scaf	550	3	42355970
sel_scaf	551	3	42355970
sel_scaf	552	3	42355970
sel_scaf	553	4	42355970
sel_scaf	554	3	42355970
sel_scaf	555	5	42355970
sel_scaf	556	7	42355970
sel_scaf	557	1	42355970
sel_scaf	558	22	42355970
sel_scaf	559	8	42355970
sel_scaf	560	10	42355970
sel_scaf	561	4	42355970
sel_scaf	562	6	42355970
sel_scaf	563	8	42355970
sel_scaf	564	2	42355970
sel_scaf	565	2	42355970
sel_scaf	566	1	42355970
sel_scaf	567	1	42355970
sel_scaf	568	1	42355970
sel_scaf	569	1	42355970
sel_scaf	570	1	42355970
sel_scaf	571	1	42355970
sel_scaf	572	3	42355970
sel_scaf	574	1	42355970
sel_scaf	575	1	42355970
sel_scaf	576	1	42355970
sel_scaf	577	2	42355970
sel_scaf	578	2	42355970
sel_scaf	579	3	42355970
sel_scaf	580	1	42355970
sel_scaf	581	4	42355970
sel_scaf	583	3	42355970
sel_scaf	585	3	42355970
sel_scaf	587	1	42355970
sel_scaf	588	3	42355970
sel_scaf	589	3	42355970
sel_scaf	590	4	42355970
sel_scaf	591	1	42355970
sel_scaf	592	1	42355970
sel_scaf	593	3	42355970
sel_scaf	594	3	42355970
sel_scaf	595	2	42355970
sel_scaf	596	1	42355970
sel_scaf	597	3	42355970
sel_scaf	599	5	42355970
sel_scaf	600	2	42355970
sel_scaf	601	2	42355970
sel_scaf	602	5	42355970
sel_scaf	603	1	42355970
sel_scaf	605	4	42355970
sel_scaf	606	3	42355970
sel_scaf	607	3	42355970
sel_scaf	608	7	42355970
sel_scaf	609	3	42355970
sel_scaf	610	6	42355970
sel_scaf	611	1	42355970
sel_scaf	612	5	42355970
sel_scaf	613	4	42355970
sel_scaf	614	2	42355970
sel_scaf	615	4	42355970
sel_scaf	616	4	42355970
sel_scaf	617	8	42355970
sel_scaf	618	3	42355970
sel_scaf	619	8	42355970
sel_scaf	620	15	42355970
sel_scaf	621	8	42355970
sel_scaf	622	5	42355970
sel_scaf	623	2	42355970
sel_scaf	624	5	42355970
sel_scaf	625	4	42355970
sel_scaf	626	2	42355970
sel_scaf	627	1	42355970
sel_scaf	628	3	42355970
sel_scaf	629	9	42355970
sel_scaf	630	4	42355970
sel_scaf	631	3	42355970
sel_scaf	632	3	42355970
sel_scaf	633	1	42355970
sel_scaf	635	4	42355970
sel_scaf	636	6	42355970
sel_scaf	637	1	42355970
sel_scaf	638	3	42355970
sel_scaf	639	1	42355970
sel_scaf	640	5	42355970
sel_scaf	641	1	42355970
sel_scaf	642	1	42355970
sel_scaf	643	2	42355970
sel_scaf	644	1	42355970
sel_scaf	646	4	42355970
sel_scaf	647	3	42355970
sel_scaf	648	2	42355970
sel_scaf	649	2	42355970
sel_scaf	650	2	42355970
sel_scaf	652	2	42355970
sel_scaf	653	1	42355970
sel_scaf	654	2	42355970
sel_scaf	655	2	42355970
sel_scaf	656	1	42355970
sel_scaf	657	2	42355970
sel_scaf	658	1	42355970
sel_scaf	659	1	42355970
sel_scaf	660	2	42355970
sel_scaf	662	2	42355970
sel_scaf	663	2	42355970
sel_scaf	664	3	42355970
sel_scaf	665	2	42355970
sel_scaf	666	1	42355970
sel_scaf	667	1	42355970
sel_scaf	668	4	42355970
sel_scaf	669	3	42355970
sel_scaf	670	1	42355970
sel_scaf	671	3	42355970
sel_scaf	672	4	42355970
sel_scaf	673	1	42355970
sel_scaf	674	5	42355970
sel_scaf	675	5	42355970
sel_scaf	676	6	42355970
sel_scaf	677	6	42355970
sel_scaf	678	4	42355970
sel_scaf	679	1	42355970
sel_scaf	680	6	42355970
sel_scaf	681	1	42355970
sel_scaf	682	6	42355970
sel_scaf	684	1	42355970
sel_scaf	686	1	42355970
sel_scaf	687	4	42355970
sel_scaf	688	3	42355970
sel_scaf	689	1	42355970
sel_scaf	693	2	42355970
sel_scaf	694	2	42355970
sel_scaf	695	2	42355970
sel_scaf	696	1	42355970
sel_scaf	697	1	42355970
sel_scaf	699	2	42355970
sel_scaf	700	2	42355970
sel_scaf	701	3	42355970
sel_scaf	704	1	42355970
sel_scaf	705	2	42355970
sel_scaf	706	2	42355970
sel_scaf	707	1	42355970
sel_scaf	708	1	42355970
sel_scaf	710	2	42355970
sel_scaf	711	1	42355970
sel_scaf	712	1	42355970
sel_scaf	714	3	42355970
sel_scaf	715	2	42355970
sel_scaf	716	1	42355970
sel_scaf	718	3	42355970
sel_scaf	719	6	42355970
sel_scaf	720	1	42355970
sel_scaf	722	1	42355970
sel_scaf	723	3	42355970
sel_scaf	724	6	42355970
sel_scaf	725	2	42355970
sel_scaf	726	3	42355970
sel_scaf	727	3	42355970
sel_scaf	728	2	42355970
sel_scaf	729	1	42355970
sel_scaf	730	3	42355970
sel_scaf	731	2	42355970
sel_scaf	732	1	42355970
sel_scaf	733	2	42355970
sel_scaf	734	2	42355970
sel_scaf	735	1	42355970
sel_scaf	736	6	42355970
sel_scaf	737	4	42355970
sel_scaf	738	2	42355970
sel_scaf	739	4	42355970
sel_scaf	740	6	42355970
sel_scaf	741	2	42355970
sel_scaf	742	1	42355970
sel_scaf	743	2	42355970
sel_scaf	744	12	42355970
sel_scaf	745	11	42355970
sel_scaf	746	4	42355970
sel_scaf	747	6	42355970
sel_scaf	748	5	42355970
sel_scaf	749	7	42355970
sel_scaf	750	2	42355970
sel_scaf	751	5	42355970
sel_scaf	752	4	42355970
sel_scaf	753	1	42355970
sel_scaf	754	1	42355970
sel_scaf	755	8	42355970
sel_scaf	756	3	42355970
sel_scaf	757	3	42355970
sel_scaf	758	2	42355970
sel_scaf	759	2	42355970
sel_scaf	760	2	42355970
sel_scaf	762	2	42355970
sel_scaf	764	1	42355970
sel_scaf	766	1	42355970
sel_scaf	767	2	42355970
sel_scaf	769	4	42355970
sel_scaf	770	1	42355970
sel_scaf	771	6	42355970
sel_scaf	772	1	42355970
sel_scaf	773	2	42355970
sel_scaf	774	1	42355970
sel_scaf	776	1	42355970
sel_scaf	777	1	42355970
sel_scaf	778	1	42355970
sel_scaf	780	1	42355970
sel_scaf	781	6	42355970
sel_scaf	783	2	42355970
sel_scaf	785	2	42355970
sel_scaf	786	3	42355970
sel_scaf	787	1	42355970
sel_scaf	788	2	42355970
sel_scaf	789	2	42355970
sel_scaf	790	1	42355970
sel_scaf	791	2	42355970
sel_scaf	792	2	42355970
sel_scaf	793	1	42355970
sel_scaf	795	1	42355970
sel_scaf	798	1	42355970
sel_scaf	799	2	42355970
sel_scaf	800	1	42355970
sel_scaf	802	2	42355970
sel_scaf	803	1	42355970
sel_scaf	804	1	42355970
sel_scaf	805	1	42355970
sel_scaf	806	7	42355970
sel_scaf	807	6	42355970
sel_scaf	808	14	42355970
sel_scaf	809	10	42355970
sel_scaf	810	5	42355970
sel_scaf	812	3	42355970
sel_scaf	815	3	42355970
sel_scaf	816	4	42355970
sel_scaf	817	2	42355970
sel_scaf	818	6	42355970
sel_scaf	819	3	42355970
sel_scaf	820	10	42355970
sel_scaf	821	3	42355970
sel_scaf	822	3	42355970
sel_scaf	824	4	42355970
sel_scaf	825	2	42355970
sel_scaf	826	8	42355970
sel_scaf	827	4	42355970
sel_scaf	828	2	42355970
sel_scaf	831	1	42355970
sel_scaf	832	1	42355970
sel_scaf	833	1	42355970
sel_scaf	835	2	42355970
sel_scaf	838	1	42355970
sel_scaf	842	1	42355970
sel_scaf	843	1	42355970
sel_scaf	845	1	42355970
sel_scaf	847	1	42355970
sel_scaf	848	1	42355970
sel_scaf	849	2	42355970
sel_scaf	850	2	42355970
sel_scaf	852	1	42355970
sel_scaf	853	1	42355970
sel_scaf	855	1	42355970
sel_scaf	856	1	42355970
sel_scaf	857	1	42355970
sel_scaf	858	1	42355970
sel_scaf	863	3	42355970
sel_scaf	864	1	42355970
sel_scaf	868	1	42355970
sel_scaf	869	3	42355970
sel_scaf	870	1	42355970
sel_scaf	871	4	42355970
sel_scaf	872	1	42355970
sel_scaf	875	1	42355970
sel_scaf	876	1	42355970
sel_scaf	878	1	42355970
sel_scaf	881	1	42355970
sel_scaf	882	1	42355970
sel_scaf	883	1	42355970
sel_scaf	885	1	42355970
sel_scaf	886	1	42355970
sel_scaf	887	2	42355970
sel_scaf	889	1	42355970
sel_scaf	890	1	42355970
sel_scaf	892	1	42355970
sel_scaf	896	1	42355970
sel_scaf	900	1	42355970
sel_scaf	903	1	42355970
sel_scaf	905	1	42355970
sel_scaf	906	1	42355970
sel_scaf	907	4	42355970
sel_scaf	908	1	42355970
sel_scaf	915	1	42355970
sel_scaf	920	1	42355970
sel_scaf	921	1	42355970
sel_scaf	925	1	42355970
sel_scaf	927	2	42355970
sel_scaf	929	1	42355970
sel_scaf	930	2	42355970
sel_scaf	932	1	42355970
sel_scaf	934	1	42355970
sel_scaf	935	1	42355970
sel_scaf	936	1	42355970
sel_scaf	938	3	42355970
sel_scaf	942	2	42355970
sel_scaf	943	1	42355970
sel_scaf	947	1	42355970
sel_scaf	948	2	42355970
sel_scaf	951	1	42355970
sel_scaf	952	2	42355970
sel_scaf	954	1	42355970
sel_scaf	956	1	42355970
sel_scaf	957	1	42355970
sel_scaf	959	1	42355970
sel_scaf	962	2	42355970
sel_scaf	963	1	42355970
sel_scaf	966	1	42355970
sel_scaf	967	1	42355970
sel_scaf	969	2	42355970
sel_scaf	970	1	42355970
sel_scaf	971	1	42355970
sel_scaf	972	1	42355970
sel_scaf	975	1	42355970
sel_scaf	977	1	42355970
sel_scaf	978	2	42355970
sel_scaf	981	2	42355970
sel_scaf	982	2	42355970
sel_scaf	984	3	42355970
sel_scaf	986	2	42355970
sel_scaf	987	1	42355970
sel_scaf	990	1	42355970
sel_scaf	991	2	42355970
sel_scaf	992	1	42355970
sel_scaf	993	1	42355970
sel_scaf	994	3	42355970
sel_scaf	998	1	42355970
sel_scaf	999	2	42355970
sel_scaf	1001	1	42355970
sel_scaf	1002	1	42355970
sel_scaf	1003	1	42355970
sel_scaf	1004	1	42355970
sel_scaf	1006	2	42355970
sel_scaf	1007	1	42355970
sel_scaf	1008	1	42355970
sel_scaf	1009	1	42355970
sel_scaf	1013	1	42355970
sel_scaf	1015	3	42355970
sel_scaf	1016	1	42355970
sel_scaf	1018	1	42355970
sel_scaf	1019	2	42355970
sel_scaf	1020	2	42355970
sel_scaf	1021	1	42355970
sel_scaf	1022	1	42355970
sel_scaf	1023	5	42355970
sel_scaf	1025	1	42355970
sel_scaf	1027	1	42355970
sel_scaf	1028	1	42355970
sel_scaf	1029	2	42355970
sel_scaf	1033	1	42355970
sel_scaf	1036	2	42355970
sel_scaf	1038	1	42355970
sel_scaf	1039	2	42355970
sel_scaf	1040	1	42355970
sel_scaf	1048	1	42355970
sel_scaf	1052	1	42355970
sel_scaf	1055	1	42355970
sel_scaf	1056	1	42355970
sel_scaf	1059	1	42355970
sel_scaf	1061	1	42355970
sel_scaf	1062	3	42355970
sel_scaf	1063	5	42355970
sel_scaf	1064	7	42355970
sel_scaf	1065	6	42355970
sel_scaf	1066	4	42355970
sel_scaf	1067	2	42355970
sel_scaf	1068	6	42355970
sel_scaf	1069	8	42355970
sel_scaf	1070	29	42355970
sel_scaf	1071	8	42355970
sel_scaf	1073	2	42355970
sel_scaf	1079	1	42355970
sel_scaf	1082	2	42355970
sel_scaf	1083	2	42355970
sel_scaf	1090	1	42355970
sel_scaf	1091	2	42355970
sel_scaf	1094	1	42355970
sel_scaf	1095	2	42355970
sel_scaf	1097	1	42355970
sel_scaf	1098	1	42355970
sel_scaf	1101	1	42355970
sel_scaf	1103	1	42355970
sel_scaf	1105	2	42355970
sel_scaf	1107	1	42355970
sel_scaf	1110	1	42355970
sel_scaf	1114	2	42355970
sel_scaf	1116	1	42355970
sel_scaf	1119	1	42355970
sel_scaf	1121	1	42355970
sel_scaf	1124	1	42355970
sel_scaf	1126	1	42355970
sel_scaf	1127	1	42355970
sel_scaf	1128	1	42355970
sel_scaf	1129	1	42355970
sel_scaf	1131	1	42355970
sel_scaf	1136	2	42355970
sel_scaf	1138	1	42355970
sel_scaf	1140	1	42355970
sel_scaf	1142	3	42355970
sel_scaf	1144	1	42355970
sel_scaf	1145	1	42355970
sel_scaf	1146	1	42355970
sel_scaf	1149	1	42355970
sel_scaf	1150	2	42355970
sel_scaf	1151	1	42355970
sel_scaf	1153	2	42355970
sel_scaf	1158	1	42355970
sel_scaf	1159	2	42355970
sel_scaf	1160	1	42355970
sel_scaf	1162	1	42355970
sel_scaf	1165	1	42355970
sel_scaf	1167	1	42355970
sel_scaf	1168	1	42355970
sel_scaf	1170	1	42355970
sel_scaf	1175	2	42355970
sel_scaf	1176	1	42355970
sel_scaf	1179	1	42355970
sel_scaf	1180	1	42355970
sel_scaf	1181	2	42355970
sel_scaf	1182	1	42355970
sel_scaf	1184	1	42355970
sel_scaf	1187	1	42355970
sel_scaf	1190	1	42355970
sel_scaf	1191	1	42355970
sel_scaf	1192	2	42355970
sel_scaf	1199	1	42355970
sel_scaf	1200	1	42355970
sel_scaf	1201	1	42355970
sel_scaf	1202	2	42355970
sel_scaf	1203	1	42355970
sel_scaf	1204	1	42355970
sel_scaf	1207	1	42355970
sel_scaf	1208	1	42355970
sel_scaf	1212	1	42355970
sel_scaf	1213	2	42355970
sel_scaf	1218	1	42355970
sel_scaf	1221	1	42355970
sel_scaf	1222	1	42355970
sel_scaf	1224	2	42355970
sel_scaf	1225	1	42355970
sel_scaf	1226	1	42355970
sel_scaf	1227	1	42355970
sel_scaf	1231	1	42355970
sel_scaf	1233	1	42355970
sel_scaf	1234	2	42355970
sel_scaf	1237	1	42355970
sel_scaf	1238	1	42355970
sel_scaf	1239	1	42355970
sel_scaf	1241	1	42355970
sel_scaf	1245	2	42355970
sel_scaf	1247	2	42355970
sel_scaf	1248	1	42355970
sel_scaf	1249	1	42355970
sel_scaf	1250	2	42355970
sel_scaf	1253	1	42355970
sel_scaf	1255	2	42355970
sel_scaf	1256	1	42355970
sel_scaf	1257	1	42355970
sel_scaf	1259	1	42355970
sel_scaf	1261	1	42355970
sel_scaf	1262	1	42355970
sel_scaf	1265	1	42355970
sel_scaf	1266	2	42355970
sel_scaf	1271	2	42355970
sel_scaf	1273	3	42355970
sel_scaf	1275	3	42355970
sel_scaf	1276	1	42355970
sel_scaf	1279	1	42355970
sel_scaf	1281	6	42355970
sel_scaf	1282	2	42355970
sel_scaf	1283	2	42355970
sel_scaf	1284	3	42355970
sel_scaf	1285	4	42355970
sel_scaf	1286	3	42355970
sel_scaf	1288	3	42355970
sel_scaf	1289	3	42355970
sel_scaf	1290	2	42355970
sel_scaf	1291	1	42355970
sel_scaf	1292	4	42355970
sel_scaf	1294	3	42355970
sel_scaf	1295	5	42355970
sel_scaf	1296	4	42355970
sel_scaf	1297	2	42355970
sel_scaf	1298	1	42355970
sel_scaf	1299	1	42355970
sel_scaf	1301	4	42355970
sel_scaf	1303	1	42355970
sel_scaf	1304	1	42355970
sel_scaf	1306	1	42355970
sel_scaf	1307	1	42355970
sel_scaf	1309	1	42355970
sel_scaf	1310	2	42355970
sel_scaf	1316	3	42355970
sel_scaf	1318	1	42355970
sel_scaf	1321	2	42355970
sel_scaf	1322	3	42355970
sel_scaf	1323	1	42355970
sel_scaf	1324	2	42355970
sel_scaf	1325	1	42355970
sel_scaf	1326	1	42355970
sel_scaf	1327	4	42355970
sel_scaf	1329	1	42355970
sel_scaf	1331	1	42355970
sel_scaf	1332	3	42355970
sel_scaf	1333	1	42355970
sel_scaf	1334	1	42355970
sel_scaf	1335	2	42355970
sel_scaf	1336	2	42355970
sel_scaf	1337	1	42355970
sel_scaf	1338	1	42355970
sel_scaf	1340	3	42355970
sel_scaf	1342	2	42355970
sel_scaf	1343	2	42355970
sel_scaf	1345	1	42355970
sel_scaf	1346	1	42355970
sel_scaf	1347	2	42355970
sel_scaf	1351	1	42355970
sel_scaf	1353	1	42355970
sel_scaf	1354	1	42355970
sel_scaf	1356	1	42355970
sel_scaf	1359	2	42355970
sel_scaf	1360	1	42355970
sel_scaf	1361	1	42355970
sel_scaf	1362	2	42355970
sel_scaf	1367	1	42355970
sel_scaf	1368	3	42355970
sel_scaf	1369	1	42355970
sel_scaf	1371	1	42355970
sel_scaf	1372	1	42355970
sel_scaf	1374	1	42355970
sel_scaf	1376	1	42355970
sel_scaf	1377	1	42355970
sel_scaf	1378	2	42355970
sel_scaf	1381	1	42355970
sel_scaf	1382	1	42355970
sel_scaf	1383	1	42355970
sel_scaf	1389	1	42355970
sel_scaf	1390	1	42355970
sel_scaf	1392	2	42355970
sel_scaf	1394	1	42355970
sel_scaf	1397	1	42355970
sel_scaf	1398	1	42355970
sel_scaf	1399	2	42355970
sel_scaf	1401	1	42355970
sel_scaf	1402	2	42355970
sel_scaf	1403	2	42355970
sel_scaf	1405	2	42355970
sel_scaf	1407	1	42355970
sel_scaf	1408	1	42355970
sel_scaf	1409	1	42355970
sel_scaf	1410	1	42355970
sel_scaf	1411	2	42355970
sel_scaf	1412	1	42355970
sel_scaf	1414	1	42355970
sel_scaf	1417	1	42355970
sel_scaf	1418	2	42355970
sel_scaf	1419	2	42355970
sel_scaf	1420	2	42355970
sel_scaf	1421	1	42355970
sel_scaf	1422	2	42355970
sel_scaf	1424	2	42355970
sel_scaf	1426	1	42355970
sel_scaf	1428	3	42355970
sel_scaf	1429	1	42355970
sel_scaf	1430	1	42355970
sel_scaf	1431	1	42355970
sel_scaf	1432	1	42355970
sel_scaf	1433	1	42355970
sel_scaf	1435	1	42355970
sel_scaf	1436	2	42355970
sel_scaf	1437	1	42355970
sel_scaf	1438	2	42355970
sel_scaf	1439	1	42355970
sel_scaf	1440	1	42355970
sel_scaf	1441	2	42355970
sel_scaf	1442	4	42355970
sel_scaf	1443	2	42355970
sel_scaf	1445	1	42355970
sel_scaf	1446	1	42355970
sel_scaf	1447	1	42355970
sel_scaf	1448	2	42355970
sel_scaf	1450	1	42355970
sel_scaf	1451	3	42355970
sel_scaf	1452	2	42355970
sel_scaf	1453	2	42355970
sel_scaf	1454	2	42355970
sel_scaf	1455	1	42355970
sel_scaf	1458	3	42355970
sel_scaf	1460	1	42355970
sel_scaf	1461	3	42355970
sel_scaf	1462	1	42355970
sel_scaf	1463	3	42355970
sel_scaf	1464	3	42355970
sel_scaf	1465	1	42355970
sel_scaf	1466	4	42355970
sel_scaf	1467	1	42355970
sel_scaf	1468	2	42355970
sel_scaf	1469	1	42355970
sel_scaf	1470	2	42355970
sel_scaf	1472	1	42355970
sel_scaf	1474	2	42355970
sel_scaf	1477	1	42355970
sel_scaf	1479	2	42355970
sel_scaf	1480	1	42355970
sel_scaf	1481	2	42355970
sel_scaf	1483	2	42355970
sel_scaf	1484	4	42355970
sel_scaf	1485	1	42355970
sel_scaf	1486	4	42355970
sel_scaf	1487	14	42355970
sel_scaf	1488	1	42355970
sel_scaf	1489	5	42355970
sel_scaf	1490	8	42355970
sel_scaf	1491	3	42355970
sel_scaf	1492	1	42355970
sel_scaf	1494	1	42355970
sel_scaf	1495	2	42355970
sel_scaf	1497	2	42355970
sel_scaf	1498	1	42355970
sel_scaf	1499	1	42355970
sel_scaf	1501	1	42355970
sel_scaf	1506	2	42355970
sel_scaf	1507	1	42355970
sel_scaf	1509	1	42355970
sel_scaf	1510	1	42355970
sel_scaf	1517	1	42355970
sel_scaf	1518	1	42355970
sel_scaf	1519	1	42355970
sel_scaf	1523	1	42355970
sel_scaf	1525	3	42355970
sel_scaf	1528	1	42355970
sel_scaf	1529	1	42355970
sel_scaf	1531	2	42355970
sel_scaf	1533	2	42355970
sel_scaf	1535	1	42355970
sel_scaf	1536	1	42355970
sel_scaf	1543	1	42355970
sel_scaf	1544	1	42355970
sel_scaf	1545	1	42355970
sel_scaf	1546	2	42355970
sel_scaf	1547	1	42355970
sel_scaf	1548	2	42355970
sel_scaf	1550	1	42355970
sel_scaf	1552	2	42355970
sel_scaf	1554	2	42355970
sel_scaf	1557	1	42355970
sel_scaf	1558	3	42355970
sel_scaf	1559	1	42355970
sel_scaf	1560	3	42355970
sel_scaf	1561	2	42355970
sel_scaf	1562	3	42355970
sel_scaf	1563	2	42355970
sel_scaf	1564	1	42355970
sel_scaf	1566	1	42355970
sel_scaf	1568	2	42355970
sel_scaf	1569	1	42355970
sel_scaf	1571	1	42355970
sel_scaf	1572	1	42355970
sel_scaf	1573	2	42355970
sel_scaf	1574	1	42355970
sel_scaf	1575	2	42355970
sel_scaf	1576	6	42355970
sel_scaf	1577	3	42355970
sel_scaf	1578	1	42355970
sel_scaf	1579	1	42355970
sel_scaf	1581	2	42355970
sel_scaf	1582	3	42355970
sel_scaf	1583	1	42355970
sel_scaf	1584	3	42355970
sel_scaf	1585	4	42355970
sel_scaf	1586	2	42355970
sel_scaf	1587	1	42355970
sel_scaf	1588	2	42355970
sel_scaf	1589	1	42355970
sel_scaf	1590	2	42355970
sel_scaf	1592	3	42355970
sel_scaf	1593	1	42355970
sel_scaf	1594	4	42355970
sel_scaf	1595	1	42355970
sel_scaf	1596	2	42355970
sel_scaf	1597	1	42355970
sel_scaf	1598	1	42355970
sel_scaf	1599	3	42355970
sel_scaf	1600	2	42355970
sel_scaf	1601	2	42355970
sel_scaf	1602	2	42355970
sel_scaf	1604	2	42355970
sel_scaf	1605	1	42355970
sel_scaf	1606	1	42355970
sel_scaf	1608	2	42355970
sel_scaf	1609	1	42355970
sel_scaf	1611	2	42355970
sel_scaf	1612	1	42355970
sel_scaf	1614	1	42355970
sel_scaf	1615	3	42355970
sel_scaf	1616	1	42355970
sel_scaf	1617	2	42355970
sel_scaf	1618	4	42355970
sel_scaf	1619	3	42355970
sel_scaf	1623	1	42355970
sel_scaf	1626	1	42355970
sel_scaf	1627	2	42355970
sel_scaf	1628	2	42355970
sel_scaf	1629	3	42355970
sel_scaf	1632	1	42355970
sel_scaf	1633	5	42355970
sel_scaf	1634	2	42355970
sel_scaf	1635	1	42355970
sel_scaf	1636	3	42355970
sel_scaf	1637	1	42355970
sel_scaf	1639	2	42355970
sel_scaf	1640	6	42355970
sel_scaf	1645	1	42355970
sel_scaf	1646	1	42355970
sel_scaf	1651	1	42355970
sel_scaf	1652	1	42355970
sel_scaf	1654	1	42355970
sel_scaf	1662	1	42355970
sel_scaf	1663	1	42355970
sel_scaf	1664	2	42355970
sel_scaf	1665	1	42355970
sel_scaf	1666	1	42355970
sel_scaf	1672	1	42355970
sel_scaf	1673	2	42355970
sel_scaf	1675	1	42355970
sel_scaf	1678	1	42355970
sel_scaf	1681	2	42355970
sel_scaf	1684	1	42355970
sel_scaf	1691	1	42355970
sel_scaf	1692	1	42355970
sel_scaf	1693	2	42355970
sel_scaf	1695	1	42355970
sel_scaf	1699	1	42355970
sel_scaf	1701	1	42355970
sel_scaf	1702	1	42355970
sel_scaf	1706	1	42355970
sel_scaf	1708	1	42355970
sel_scaf	1710	1	42355970
sel_scaf	1713	1	42355970
sel_scaf	1717	1	42355970
sel_scaf	1719	1	42355970
sel_scaf	1720	1	42355970
sel_scaf	1721	1	42355970
sel_scaf	1727	1	42355970
sel_scaf	1728	1	42355970
sel_scaf	1729	1	42355970
sel_scaf	1733	1	42355970
sel_scaf	1734	1	42355970
sel_scaf	1740	2	42355970
sel_scaf	1743	1	42355970
sel_scaf	1750	1	42355970
sel_scaf	1751	2	42355970
sel_scaf	1752	1	42355970
sel_scaf	1756	1	42355970
sel_scaf	1757	1	42355970
sel_scaf	1759	2	42355970
sel_scaf	1760	2	42355970
sel_scaf	1762	1	42355970
sel_scaf	1773	1	42355970
sel_scaf	1775	1	42355970
sel_scaf	1777	1	42355970
sel_scaf	1778	1	42355970
sel_scaf	1779	1	42355970
sel_scaf	1780	2	42355970
sel_scaf	1781	1	42355970
sel_scaf	1782	4	42355970
sel_scaf	1783	1	42355970
sel_scaf	1784	2	42355970
sel_scaf	1785	3	42355970
sel_scaf	1786	5	42355970
sel_scaf	1787	1	42355970
sel_scaf	1788	8	42355970
sel_scaf	1789	9	42355970
sel_scaf	1790	12	42355970
sel_scaf	1791	12	42355970
sel_scaf	1798	2	42355970
sel_scaf	1808	1	42355970
sel_scaf	1809	1	42355970
sel_scaf	1810	1	42355970
sel_scaf	1817	3	42355970
sel_scaf	1818	1	42355970
sel_scaf	1822	2	42355970
sel_scaf	1830	1	42355970
sel_scaf	1833	1	42355970
sel_scaf	1838	1	42355970
sel_scaf	1840	1	42355970
sel_scaf	1841	1	42355970
sel_scaf	1843	1	42355970
sel_scaf	1844	2	42355970
sel_scaf	1848	1	42355970
sel_scaf	1849	1	42355970
sel_scaf	1850	1	42355970
sel_scaf	1853	1	42355970
sel_scaf	1861	1	42355970
sel_scaf	1863	2	42355970
sel_scaf	1865	1	42355970
sel_scaf	1871	1	42355970
sel_scaf	1872	1	42355970
sel_scaf	1876	1	42355970
sel_scaf	1880	1	42355970
sel_scaf	1889	2	42355970
sel_scaf	1890	1	42355970
sel_scaf	1892	1	42355970
sel_scaf	1893	1	42355970
sel_scaf	1896	1	42355970
sel_scaf	1902	1	42355970
sel_scaf	1904	1	42355970
sel_scaf	1905	2	42355970
sel_scaf	1906	1	42355970
sel_scaf	1908	1	42355970
sel_scaf	1909	1	42355970
sel_scaf	1912	2	42355970
sel_scaf	1923	1	42355970
sel_scaf	1931	1	42355970
sel_scaf	1932	2	42355970
sel_scaf	1933	1	42355970
sel_scaf	1937	1	42355970
sel_scaf	1939	1	42355970
sel_scaf	1940	1	42355970
sel_scaf	1945	1	42355970
sel_scaf	1949	2	42355970
sel_scaf	1950	2	42355970
sel_scaf	1952	1	42355970
sel_scaf	1953	1	42355970
sel_scaf	1955	1	42355970
sel_scaf	1957	1	42355970
sel_scaf	1958	1	42355970
sel_scaf	1960	1	42355970
sel_scaf	1964	1	42355970
sel_scaf	1965	1	42355970
sel_scaf	1967	2	42355970
sel_scaf	1969	1	42355970
sel_scaf	1970	1	42355970
sel_scaf	1972	3	42355970
sel_scaf	1974	1	42355970
sel_scaf	1976	2	42355970
sel_scaf	1977	1	42355970
sel_scaf	1979	1	42355970
sel_scaf	1981	1	42355970
sel_scaf	1984	2	42355970
sel_scaf	1985	1	42355970
sel_scaf	1991	1	42355970
sel_scaf	1998	3	42355970
sel_scaf	1999	1	42355970
sel_scaf	2002	1	42355970
sel_scaf	2005	1	42355970
sel_scaf	2008	2	42355970
sel_scaf	2010	3	42355970
sel_scaf	2011	2	42355970
sel_scaf	2012	2	42355970
sel_scaf	2013	1	42355970
sel_scaf	2015	1	42355970
sel_scaf	2018	1	42355970
sel_scaf	2022	1	42355970
sel_scaf	2023	1	42355970
sel_scaf	2028	1	42355970
sel_scaf	2032	1	42355970
sel_scaf	2037	1	42355970
sel_scaf	2044	1	42355970
sel_scaf	2047	1	42355970
sel_scaf	2051	1	42355970
sel_scaf	2052	1	42355970
sel_scaf	2053	1	42355970
sel_scaf	2054	1	42355970
sel_scaf	2055	1	42355970
sel_scaf	2056	1	42355970
sel_scaf	2061	1	42355970
sel_scaf	2071	1	42355970
sel_scaf	2072	1	42355970
sel_scaf	2073	1	42355970
sel_scaf	2076	1	42355970
sel_scaf	2078	1	42355970
sel_scaf	2081	1	42355970
sel_scaf	2085	1	42355970
sel_scaf	2092	1	42355970
sel_scaf	2094	1	42355970
sel_scaf	2095	2	42355970
sel_scaf	2098	1	42355970
sel_scaf	2099	2	42355970
sel_scaf	2100	1	42355970
sel_scaf	2108	1	42355970
sel_scaf	2110	1	42355970
sel_scaf	2115	1	42355970
sel_scaf	2117	1	42355970
sel_scaf	2123	1	42355970
sel_scaf	2124	1	42355970
sel_scaf	2130	1	42355970
sel_scaf	2133	2	42355970
sel_scaf	2137	1	42355970
sel_scaf	2138	1	42355970
sel_scaf	2139	1	42355970
sel_scaf	2142	2	42355970
sel_scaf	2151	1	42355970
sel_scaf	2153	1	42355970
sel_scaf	2161	3	42355970
sel_scaf	2163	2	42355970
sel_scaf	2166	1	42355970
sel_scaf	2170	3	42355970
sel_scaf	2171	4	42355970
sel_scaf	2172	4	42355970
sel_scaf	2173	1	42355970
sel_scaf	2174	14	42355970
sel_scaf	2175	4	42355970
sel_scaf	2176	7	42355970
sel_scaf	2177	1	42355970
sel_scaf	2178	8	42355970
sel_scaf	2179	8	42355970
sel_scaf	2182	2	42355970
sel_scaf	2187	1	42355970
sel_scaf	2190	1	42355970
sel_scaf	2191	1	42355970
sel_scaf	2193	1	42355970
sel_scaf	2196	1	42355970
sel_scaf	2197	1	42355970
sel_scaf	2198	1	42355970
sel_scaf	2202	2	42355970
sel_scaf	2205	1	42355970
sel_scaf	2206	1	42355970
sel_scaf	2212	1	42355970
sel_scaf	2214	1	42355970
sel_scaf	2216	1	42355970
sel_scaf	2218	1	42355970
sel_scaf	2228	1	42355970
sel_scaf	2229	1	42355970
sel_scaf	2235	1	42355970
sel_scaf	2237	1	42355970
sel_scaf	2239	1	42355970
sel_scaf	2240	1	42355970
sel_scaf	2243	1	42355970
sel_scaf	2245	1	42355970
sel_scaf	2251	1	42355970
sel_scaf	2256	1	42355970
sel_scaf	2260	1	42355970
sel_scaf	2262	1	42355970
sel_scaf	2264	1	42355970
sel_scaf	2272	1	42355970
sel_scaf	2277	1	42355970
sel_scaf	2279	1	42355970
sel_scaf	2281	1	42355970
sel_scaf	2288	1	42355970
sel_scaf	2289	1	42355970
sel_scaf	2290	2	42355970
sel_scaf	2297	1	42355970
sel_scaf	2299	1	42355970
sel_scaf	2309	1	42355970
sel_scaf	2311	1	42355970
sel_scaf	2315	1	42355970
sel_scaf	2317	1	42355970
sel_scaf	2318	1	42355970
sel_scaf	2320	1	42355970
sel_scaf	2321	1	42355970
sel_scaf	2330	1	42355970
sel_scaf	2332	2	42355970
sel_scaf	2334	1	42355970
sel_scaf	2341	1	42355970
sel_scaf	2342	1	42355970
sel_scaf	2343	1	42355970
sel_scaf	2347	1	42355970
sel_scaf	2348	1	42355970
sel_scaf	2349	1	42355970
sel_scaf	2350	1	42355970
sel_scaf	2351	1	42355970
sel_scaf	2353	1	42355970
sel_scaf	2363	1	42355970
sel_scaf	2364	1	42355970
sel_scaf	2367	1	42355970
sel_scaf	2369	1	42355970
sel_scaf	2376	1	42355970
sel_scaf	2387	1	42355970
sel_scaf	2391	1	42355970
sel_scaf	2397	1	42355970
sel_scaf	2399	1	42355970
sel_scaf	2400	1	42355970
sel_scaf	2403	1	42355970
sel_scaf	2411	2	42355970
sel_scaf	2413	1	42355970
sel_scaf	2414	1	42355970
sel_scaf	2424	1	42355970
sel_scaf	2427	1	42355970
sel_scaf	2435	1	42355970
sel_scaf	2442	1	42355970
sel_scaf	2443	2	42355970
sel_scaf	2450	1	42355970
sel_scaf	2451	2	42355970
sel_scaf	2458	2	42355970
sel_scaf	2459	1	42355970
sel_scaf	2460	1	42355970
sel_scaf	2463	6	42355970
sel_scaf	2464	18	42355970
sel_scaf	2465	22	42355970
sel_scaf	2466	2	42355970
sel_scaf	2467	4	42355970
sel_scaf	2468	9	42355970
sel_scaf	2469	2	42355970
sel_scaf	2475	1	42355970
sel_scaf	2494	2	42355970
sel_scaf	2518	1	42355970
sel_scaf	2521	1	42355970
sel_scaf	2525	1	42355970
sel_scaf	2528	1	42355970
sel_scaf	2530	2	42355970
sel_scaf	2531	1	42355970
sel_scaf	2557	2	42355970
sel_scaf	2565	1	42355970
sel_scaf	2566	1	42355970
sel_scaf	2580	1	42355970
sel_scaf	2583	1	42355970
sel_scaf	2602	1	42355970
sel_scaf	2605	1	42355970
sel_scaf	2610	1	42355970
sel_scaf	2615	1	42355970
sel_scaf	2616	1	42355970
sel_scaf	2625	1	42355970
sel_scaf	2632	1	42355970
sel_scaf	2641	1	42355970
sel_scaf	2650	1	42355970
sel_scaf	2659	1	42355970
sel_scaf	2662	1	42355970
sel_scaf	2669	1	42355970
sel_scaf	2674	1	42355970
sel_scaf	2694	2	42355970
sel_scaf	2699	1	42355970
sel_scaf	2703	1	42355970
sel_scaf	2717	1	42355970
sel_scaf	2727	1	42355970
sel_scaf	2730	1	42355970
sel_scaf	2739	1	42355970
sel_scaf	2742	1	42355970
sel_scaf	2745	1	42355970
sel_scaf	2748	1	42355970
sel_scaf	2755	1	42355970
sel_scaf	2756	1	42355970
sel_scaf	2760	1	42355970
sel_scaf	2764	2	42355970
sel_scaf	2772	1	42355970
sel_scaf	2781	1	42355970
sel_scaf	2783	1	42355970
sel_scaf	2791	1	42355970
sel_scaf	2794	1	42355970
sel_scaf	2804	1	42355970
sel_scaf	2807	2	42355970
sel_scaf	2815	1	42355970
sel_scaf	2827	1	42355970
sel_scaf	2836	1	42355970
sel_scaf	2838	1	42355970
sel_scaf	2841	1	42355970
sel_scaf	2845	1	42355970
sel_scaf	2850	1	42355970
sel_scaf	2856	1	42355970
sel_scaf	2861	1	42355970
sel_scaf	2864	1	42355970
sel_scaf	2874	1	42355970
sel_scaf	2880	1	42355970
sel_scaf	2884	3	42355970
sel_scaf	2886	1	42355970
sel_scaf	2889	1	42355970
sel_scaf	2890	1	42355970
sel_scaf	2895	1	42355970
sel_scaf	2898	1	42355970
sel_scaf	2913	1	42355970
sel_scaf	2924	1	42355970
sel_scaf	2933	1	42355970
sel_scaf	2952	1	42355970
sel_scaf	2953	1	42355970
sel_scaf	2956	1	42355970
sel_scaf	2973	1	42355970
sel_scaf	2985	1	42355970
sel_scaf	3005	1	42355970
sel_scaf	3008	1	42355970
sel_scaf	3009	1	42355970
sel_scaf	3013	1	42355970
sel_scaf	3034	1	42355970
sel_scaf	3044	1	42355970
sel_scaf	3046	1	42355970
sel_scaf	3049	1	42355970
sel_scaf	3066	1	42355970
sel_scaf	3073	1	42355970
sel_scaf	3077	1	42355970
sel_scaf	3082	1	42355970
sel_scaf	3083	1	42355970
sel_scaf	3086	1	42355970
sel_scaf	3090	1	42355970
sel_scaf	3092	1	42355970
sel_scaf	3097	1	42355970
sel_scaf	3102	1	42355970
sel_scaf	3112	1	42355970
sel_scaf	3114	1	42355970
sel_scaf	3116	1	42355970
sel_scaf	3119	1	42355970
sel_scaf	3135	1	42355970
sel_scaf	3144	1	42355970
sel_scaf	3147	1	42355970
sel_scaf	3148	1	42355970
sel_scaf	3156	1	42355970
sel_scaf	3177	1	42355970
sel_scaf	3178	1	42355970
sel_scaf	3183	1	42355970
sel_scaf	3201	1	42355970
sel_scaf	3211	1	42355970
sel_scaf	3219	1	42355970
sel_scaf	3220	1	42355970
sel_scaf	3248	1	42355970
sel_scaf	3249	1	42355970
sel_scaf	3252	2	42355970
sel_scaf	3255	1	42355970
sel_scaf	3257	1	42355970
sel_scaf	3286	1	42355970
sel_scaf	3288	1	42355970
sel_scaf	3291	1	42355970
sel_scaf	3294	1	42355970
sel_scaf	3298	1	42355970
sel_scaf	3312	1	42355970
sel_scaf	3314	1	42355970
sel_scaf	3315	1	42355970
sel_scaf	3326	1	42355970
sel_scaf	3330	2	42355970
sel_scaf	3338	1	42355970
sel_scaf	3339	1	42355970
sel_scaf	3352	1	42355970
sel_scaf	3358	1	42355970
sel_scaf	3362	1	42355970
sel_scaf	3369	1	42355970
sel_scaf	3374	1	42355970
sel_scaf	3379	2	42355970
sel_scaf	3389	1	42355970
sel_scaf	3396	1	42355970
sel_scaf	3399	1	42355970
sel_scaf	3403	1	42355970
sel_scaf	3408	1	42355970
sel_scaf	3413	1	42355970
sel_scaf	3416	1	42355970
sel_scaf	3426	1	42355970
sel_scaf	3429	1	42355970
sel_scaf	3449	1	42355970
sel_scaf	3459	1	42355970
sel_scaf	3461	1	42355970
sel_scaf	3464	1	42355970
sel_scaf	3467	1	42355970
sel_scaf	3489	2	42355970
sel_scaf	3498	1	42355970
sel_scaf	3499	1	42355970
sel_scaf	3501	1	42355970
sel_scaf	3507	1	42355970
sel_scaf	3519	1	42355970
sel_scaf	3525	1	42355970
sel_scaf	3529	1	42355970
sel_scaf	3531	1	42355970
sel_scaf	3532	1	42355970
sel_scaf	3533	1	42355970
sel_scaf	3541	1	42355970
sel_scaf	3542	1	42355970
sel_scaf	3553	1	42355970
sel_scaf	3559	1	42355970
sel_scaf	3570	1	42355970
sel_scaf	3571	1	42355970
sel_scaf	3576	1	42355970
sel_scaf	3599	1	42355970
sel_scaf	3600	1	42355970
sel_scaf	3604	1	42355970
sel_scaf	3618	1	42355970
sel_scaf	3620	1	42355970
sel_scaf	3622	1	42355970
sel_scaf	3630	1	42355970
sel_scaf	3639	1	42355970
sel_scaf	3648	1	42355970
sel_scaf	3653	1	42355970
sel_scaf	3660	1	42355970
sel_scaf	3662	1	42355970
sel_scaf	3664	3	42355970
sel_scaf	3670	1	42355970
sel_scaf	3672	1	42355970
sel_scaf	3676	1	42355970
sel_scaf	3699	1	42355970
sel_scaf	3708	1	42355970
sel_scaf	3715	1	42355970
sel_scaf	3739	2	42355970
sel_scaf	3740	4	42355970
sel_scaf	3742	2	42355970
sel_scaf	3745	1	42355970
sel_scaf	3746	1	42355970
sel_scaf	3778	1	42355970
sel_scaf	3779	1	42355970
sel_scaf	3782	1	42355970
sel_scaf	3819	1	42355970
sel_scaf	3829	1	42355970
sel_scaf	3835	1	42355970
sel_scaf	3846	1	42355970
sel_scaf	3862	1	42355970
sel_scaf	3879	1	42355970
sel_scaf	3881	1	42355970
sel_scaf	3894	1	42355970
sel_scaf	3926	1	42355970
sel_scaf	3932	1	42355970
sel_scaf	3942	1	42355970
sel_scaf	3950	1	42355970
sel_scaf	3969	4	42355970
sel_scaf	3995	1	42355970
sel_scaf	4009	1	42355970
sel_scaf	4021	1	42355970
sel_scaf	4022	1	42355970
sel_scaf	4034	1	42355970
sel_scaf	4063	1	42355970
sel_scaf	4071	1	42355970
sel_scaf	4080	1	42355970
sel_scaf	4110	1	42355970
sel_scaf	4137	1	42355970
sel_scaf	4158	1	42355970
sel_scaf	4171	1	42355970
sel_scaf	4216	1	42355970
sel_scaf	4219	1	42355970
sel_scaf	4236	1	42355970
sel_scaf	4240	1	42355970
sel_scaf	4251	1	42355970
sel_scaf	4255	1	42355970
sel_scaf	4259	1	42355970
sel_scaf	4260	1	42355970
sel_scaf	4273	1	42355970
sel_scaf	4278	2	42355970
sel_scaf	4313	1	42355970
sel_scaf	4322	1	42355970
sel_scaf	4362	1	42355970
sel_scaf	4390	1	42355970
sel_scaf	4409	1	42355970
sel_scaf	4456	1	42355970
sel_scaf	4458	1	42355970
sel_scaf	4500	1	42355970
sel_scaf	4515	1	42355970
sel_scaf	4555	1	42355970
sel_scaf	4560	1	42355970
sel_scaf	4590	1	42355970
sel_scaf	4624	1	42355970
sel_scaf	4641	1	42355970
sel_scaf	4646	1	42355970
sel_scaf	4648	1	42355970
sel_scaf	4649	1	42355970
sel_scaf	4650	2	42355970
sel_scaf	4651	2	42355970
sel_scaf	4652	10	42355970
sel_scaf	4653	7	42355970
sel_scaf	4654	1	42355970
sel_scaf	4801	1	42355970
sel_scaf	4860	1	42355970
sel_scaf	5018	1	42355970
sel_scaf	5071	1	42355970
sel_scaf	5099	1	42355970
sel_scaf	5150	1	42355970
sel_scaf	5158	1	42355970
sel_scaf	5166	1	42355970
sel_scaf	5170	1	42355970
sel_scaf	5171	1	42355970
sel_scaf	5172	1	42355970
sel_scaf	5173	1	42355970
sel_scaf	5175	2	42355970
sel_scaf	5176	3	42355970
sel_scaf	5177	1	42355970
sel_scaf	5180	1	42355970
sel_scaf	5181	1	42355970
sel_scaf	5183	1	42355970
sel_scaf	5189	1	42355970
sel_scaf	5198	1	42355970
sel_scaf	5205	2	42355970
sel_scaf	5206	5	42355970
sel_scaf	5207	1	42355970
sel_scaf	5210	5	42355970
sel_scaf	5211	7	42355970
sel_scaf	5213	2	42355970
sel_scaf	5214	1	42355970
sel_scaf	5264	1	42355970
sel_scaf	5294	1	42355970
sel_scaf	5335	1	42355970
sel_scaf	5437	1	42355970
sel_scaf	5511	1	42355970
sel_scaf	5567	1	42355970
sel_scaf	5666	1	42355970
sel_scaf	5741	1	42355970
sel_scaf	5915	1	42355970
sel_scaf	6002	1	42355970
sel_scaf	6096	1	42355970
sel_scaf	6181	1	42355970
sel_scaf	6252	1	42355970
sel_scaf	6386	1	42355970
sel_scaf	6454	1	42355970
sel_scaf	6555	1	42355970
sel_scaf	6628	1	42355970
sel_scaf	6708	1	42355970
sel_scaf	6798	1	42355970
sel_scaf	6874	1	42355970
sel_scaf	6884	1	42355970
sel_scaf	6905	1	42355970
sel_scaf	6909	1	42355970
sel_scaf	6931	2	42355970
sel_scaf	6942	1	42355970
sel_scaf	6951	1	42355970
sel_scaf	6953	2	42355970
sel_scaf	7016	1	42355970
sel_scaf	7059	1	42355970
sel_scaf	7071	1	42355970
sel_scaf	7126	1	42355970
sel_scaf	7171	1	42355970
sel_scaf	7246	1	42355970
sel_scaf	7289	1	42355970
sel_scaf	7341	1	42355970
sel_scaf	7371	1	42355970
sel_scaf	7397	1	42355970
sel_scaf	7438	1	42355970
sel_scaf	7481	1	42355970
sel_scaf	7491	1	42355970
sel_scaf	7526	1	42355970
sel_scaf	7529	1	42355970
sel_scaf	7531	2	42355970
sel_scaf	7534	1	42355970
sel_scaf	7546	1	42355970
sel_scaf	7548	1	42355970
sel_scaf	7555	1	42355970
sel_scaf	7566	2	42355970
sel_scaf	7572	1	42355970
sel_scaf	7575	1	42355970
sel_scaf	7576	2	42355970
sel_scaf	7580	1	42355970
sel_scaf	8157	1	42355970
sel_scaf	8382	1	42355970
sel_scaf	8470	1	42355970
sel_scaf	8556	1	42355970
sel_scaf	8646	1	42355970
sel_scaf	8764	1	42355970
sel_scaf	8820	1	42355970
sel_scaf	8918	1	42355970
sel_scaf	9086	1	42355970
sel_scaf	9102	1	42355970
sel_scaf	9193	1	42355970
sel_scaf	9291	1	42355970
sel_scaf	9308	1	42355970
sel_scaf	9414	1	42355970
sel_scaf	9465	1	42355970
sel_scaf	9481	1	42355970
sel_scaf	9601	1	42355970
sel_scaf	9720	1	42355970
sel_scaf	9821	1	42355970
sel_scaf	9904	1	42355970
sel_scaf	9966	1	42355970
sel_scaf	10002	1	42355970
sel_scaf	10037	1	42355970
sel_scaf	10096	1	42355970
sel_scaf	10100	1	42355970
sel_scaf	10204	1	42355970
sel_scaf	10255	1	42355970
sel_scaf	10301	1	42355970
sel_scaf	10423	1	42355970
sel_scaf	10445	1	42355970
sel_scaf	10517	1	42355970
sel_scaf	10529	1	42355970
sel_scaf	10589	1	42355970
sel_scaf	10610	1	42355970
sel_scaf	10651	1	42355970
sel_scaf	10652	1	42355970
sel_scaf	10668	1	42355970
sel_scaf	10674	1	42355970
sel_scaf	10678	1	42355970
sel_scaf	10679	1	42355970
sel_scaf	10685	1	42355970
sel_scaf	10694	1	42355970
sel_scaf	10765	1	42355970
sel_scaf	10832	1	42355970
sel_scaf	10888	1	42355970
sel_scaf	10939	1	42355970
sel_scaf	10997	1	42355970
sel_scaf	11016	1	42355970
sel_scaf	11045	1	42355970
sel_scaf	11094	1	42355970
sel_scaf	11108	1	42355970
sel_scaf	11135	1	42355970
sel_scaf	11142	1	42355970
sel_scaf	11149	1	42355970
sel_scaf	11159	1	42355970
sel_scaf	11164	1	42355970
sel_scaf	11207	1	42355970
sel_scaf	11229	1	42355970
sel_scaf	11234	1	42355970
sel_scaf	11238	1	42355970
sel_scaf	11285	1	42355970
sel_scaf	11301	1	42355970
