feature	depth	Nsites	totalNsites
sel_scaf	0	7031867	42355970
sel_scaf	1	1319030	42355970
sel_scaf	2	1260528	42355970
sel_scaf	3	1266648	42355970
sel_scaf	4	1301974	42355970
sel_scaf	5	1338227	42355970
sel_scaf	6	1385532	42355970
sel_scaf	7	1416021	42355970
sel_scaf	8	1446018	42355970
sel_scaf	9	1471893	42355970
sel_scaf	10	1482909	42355970
sel_scaf	11	1501178	42355970
sel_scaf	12	1511694	42355970
sel_scaf	13	1500189	42355970
sel_scaf	14	1486042	42355970
sel_scaf	15	1459399	42355970
sel_scaf	16	1421154	42355970
sel_scaf	17	1369757	42355970
sel_scaf	18	1305749	42355970
sel_scaf	19	1228450	42355970
sel_scaf	20	1142956	42355970
sel_scaf	21	1058607	42355970
sel_scaf	22	966134	42355970
sel_scaf	23	869972	42355970
sel_scaf	24	777789	42355970
sel_scaf	25	682293	42355970
sel_scaf	26	594202	42355970
sel_scaf	27	509723	42355970
sel_scaf	28	429550	42355970
sel_scaf	29	360093	42355970
sel_scaf	30	296452	42355970
sel_scaf	31	239589	42355970
sel_scaf	32	193480	42355970
sel_scaf	33	153660	42355970
sel_scaf	34	121836	42355970
sel_scaf	35	94207	42355970
sel_scaf	36	70870	42355970
sel_scaf	37	55147	42355970
sel_scaf	38	41081	42355970
sel_scaf	39	31012	42355970
sel_scaf	40	23206	42355970
sel_scaf	41	17555	42355970
sel_scaf	42	13439	42355970
sel_scaf	43	10306	42355970
sel_scaf	44	8384	42355970
sel_scaf	45	6794	42355970
sel_scaf	46	5439	42355970
sel_scaf	47	4304	42355970
sel_scaf	48	3797	42355970
sel_scaf	49	3216	42355970
sel_scaf	50	2872	42355970
sel_scaf	51	2528	42355970
sel_scaf	52	2257	42355970
sel_scaf	53	2139	42355970
sel_scaf	54	1801	42355970
sel_scaf	55	1758	42355970
sel_scaf	56	1759	42355970
sel_scaf	57	1638	42355970
sel_scaf	58	1470	42355970
sel_scaf	59	1464	42355970
sel_scaf	60	1463	42355970
sel_scaf	61	1268	42355970
sel_scaf	62	1241	42355970
sel_scaf	63	1127	42355970
sel_scaf	64	1077	42355970
sel_scaf	65	1026	42355970
sel_scaf	66	1076	42355970
sel_scaf	67	1039	42355970
sel_scaf	68	1013	42355970
sel_scaf	69	1021	42355970
sel_scaf	70	803	42355970
sel_scaf	71	753	42355970
sel_scaf	72	803	42355970
sel_scaf	73	690	42355970
sel_scaf	74	686	42355970
sel_scaf	75	570	42355970
sel_scaf	76	666	42355970
sel_scaf	77	621	42355970
sel_scaf	78	589	42355970
sel_scaf	79	540	42355970
sel_scaf	80	538	42355970
sel_scaf	81	573	42355970
sel_scaf	82	464	42355970
sel_scaf	83	502	42355970
sel_scaf	84	474	42355970
sel_scaf	85	448	42355970
sel_scaf	86	395	42355970
sel_scaf	87	411	42355970
sel_scaf	88	376	42355970
sel_scaf	89	444	42355970
sel_scaf	90	365	42355970
sel_scaf	91	357	42355970
sel_scaf	92	343	42355970
sel_scaf	93	372	42355970
sel_scaf	94	366	42355970
sel_scaf	95	331	42355970
sel_scaf	96	323	42355970
sel_scaf	97	294	42355970
sel_scaf	98	289	42355970
sel_scaf	99	340	42355970
sel_scaf	100	313	42355970
sel_scaf	101	325	42355970
sel_scaf	102	284	42355970
sel_scaf	103	277	42355970
sel_scaf	104	310	42355970
sel_scaf	105	282	42355970
sel_scaf	106	286	42355970
sel_scaf	107	333	42355970
sel_scaf	108	323	42355970
sel_scaf	109	314	42355970
sel_scaf	110	284	42355970
sel_scaf	111	261	42355970
sel_scaf	112	235	42355970
sel_scaf	113	252	42355970
sel_scaf	114	257	42355970
sel_scaf	115	255	42355970
sel_scaf	116	261	42355970
sel_scaf	117	215	42355970
sel_scaf	118	239	42355970
sel_scaf	119	231	42355970
sel_scaf	120	233	42355970
sel_scaf	121	236	42355970
sel_scaf	122	221	42355970
sel_scaf	123	185	42355970
sel_scaf	124	186	42355970
sel_scaf	125	164	42355970
sel_scaf	126	181	42355970
sel_scaf	127	133	42355970
sel_scaf	128	156	42355970
sel_scaf	129	183	42355970
sel_scaf	130	181	42355970
sel_scaf	131	184	42355970
sel_scaf	132	147	42355970
sel_scaf	133	155	42355970
sel_scaf	134	176	42355970
sel_scaf	135	194	42355970
sel_scaf	136	160	42355970
sel_scaf	137	169	42355970
sel_scaf	138	167	42355970
sel_scaf	139	145	42355970
sel_scaf	140	136	42355970
sel_scaf	141	139	42355970
sel_scaf	142	158	42355970
sel_scaf	143	138	42355970
sel_scaf	144	161	42355970
sel_scaf	145	93	42355970
sel_scaf	146	121	42355970
sel_scaf	147	129	42355970
sel_scaf	148	91	42355970
sel_scaf	149	108	42355970
sel_scaf	150	110	42355970
sel_scaf	151	102	42355970
sel_scaf	152	88	42355970
sel_scaf	153	107	42355970
sel_scaf	154	91	42355970
sel_scaf	155	103	42355970
sel_scaf	156	155	42355970
sel_scaf	157	106	42355970
sel_scaf	158	96	42355970
sel_scaf	159	86	42355970
sel_scaf	160	95	42355970
sel_scaf	161	91	42355970
sel_scaf	162	97	42355970
sel_scaf	163	98	42355970
sel_scaf	164	125	42355970
sel_scaf	165	115	42355970
sel_scaf	166	95	42355970
sel_scaf	167	48	42355970
sel_scaf	168	53	42355970
sel_scaf	169	58	42355970
sel_scaf	170	66	42355970
sel_scaf	171	70	42355970
sel_scaf	172	64	42355970
sel_scaf	173	59	42355970
sel_scaf	174	55	42355970
sel_scaf	175	62	42355970
sel_scaf	176	80	42355970
sel_scaf	177	70	42355970
sel_scaf	178	81	42355970
sel_scaf	179	79	42355970
sel_scaf	180	67	42355970
sel_scaf	181	73	42355970
sel_scaf	182	56	42355970
sel_scaf	183	43	42355970
sel_scaf	184	39	42355970
sel_scaf	185	52	42355970
sel_scaf	186	55	42355970
sel_scaf	187	64	42355970
sel_scaf	188	44	42355970
sel_scaf	189	67	42355970
sel_scaf	190	25	42355970
sel_scaf	191	35	42355970
sel_scaf	192	29	42355970
sel_scaf	193	54	42355970
sel_scaf	194	40	42355970
sel_scaf	195	46	42355970
sel_scaf	196	48	42355970
sel_scaf	197	40	42355970
sel_scaf	198	31	42355970
sel_scaf	199	30	42355970
sel_scaf	200	44	42355970
sel_scaf	201	42	42355970
sel_scaf	202	78	42355970
sel_scaf	203	42	42355970
sel_scaf	204	23	42355970
sel_scaf	205	47	42355970
sel_scaf	206	53	42355970
sel_scaf	207	45	42355970
sel_scaf	208	48	42355970
sel_scaf	209	35	42355970
sel_scaf	210	45	42355970
sel_scaf	211	53	42355970
sel_scaf	212	46	42355970
sel_scaf	213	38	42355970
sel_scaf	214	36	42355970
sel_scaf	215	38	42355970
sel_scaf	216	31	42355970
sel_scaf	217	41	42355970
sel_scaf	218	42	42355970
sel_scaf	219	34	42355970
sel_scaf	220	35	42355970
sel_scaf	221	32	42355970
sel_scaf	222	19	42355970
sel_scaf	223	40	42355970
sel_scaf	224	31	42355970
sel_scaf	225	39	42355970
sel_scaf	226	40	42355970
sel_scaf	227	29	42355970
sel_scaf	228	40	42355970
sel_scaf	229	37	42355970
sel_scaf	230	64	42355970
sel_scaf	231	50	42355970
sel_scaf	232	45	42355970
sel_scaf	233	54	42355970
sel_scaf	234	68	42355970
sel_scaf	235	55	42355970
sel_scaf	236	31	42355970
sel_scaf	237	30	42355970
sel_scaf	238	30	42355970
sel_scaf	239	40	42355970
sel_scaf	240	43	42355970
sel_scaf	241	41	42355970
sel_scaf	242	44	42355970
sel_scaf	243	52	42355970
sel_scaf	244	59	42355970
sel_scaf	245	49	42355970
sel_scaf	246	33	42355970
sel_scaf	247	40	42355970
sel_scaf	248	42	42355970
sel_scaf	249	15	42355970
sel_scaf	250	34	42355970
sel_scaf	251	29	42355970
sel_scaf	252	27	42355970
sel_scaf	253	30	42355970
sel_scaf	254	14	42355970
sel_scaf	255	21	42355970
sel_scaf	256	14	42355970
sel_scaf	257	31	42355970
sel_scaf	258	31	42355970
sel_scaf	259	16	42355970
sel_scaf	260	13	42355970
sel_scaf	261	14	42355970
sel_scaf	262	28	42355970
sel_scaf	263	29	42355970
sel_scaf	264	22	42355970
sel_scaf	265	18	42355970
sel_scaf	266	17	42355970
sel_scaf	267	22	42355970
sel_scaf	268	37	42355970
sel_scaf	269	16	42355970
sel_scaf	270	14	42355970
sel_scaf	271	14	42355970
sel_scaf	272	17	42355970
sel_scaf	273	18	42355970
sel_scaf	274	29	42355970
sel_scaf	275	17	42355970
sel_scaf	276	12	42355970
sel_scaf	277	21	42355970
sel_scaf	278	16	42355970
sel_scaf	279	12	42355970
sel_scaf	280	12	42355970
sel_scaf	281	18	42355970
sel_scaf	282	6	42355970
sel_scaf	283	22	42355970
sel_scaf	284	15	42355970
sel_scaf	285	16	42355970
sel_scaf	286	24	42355970
sel_scaf	287	16	42355970
sel_scaf	288	13	42355970
sel_scaf	289	11	42355970
sel_scaf	290	16	42355970
sel_scaf	291	28	42355970
sel_scaf	292	17	42355970
sel_scaf	293	14	42355970
sel_scaf	294	5	42355970
sel_scaf	295	13	42355970
sel_scaf	296	12	42355970
sel_scaf	297	9	42355970
sel_scaf	298	17	42355970
sel_scaf	299	16	42355970
sel_scaf	300	10	42355970
sel_scaf	301	19	42355970
sel_scaf	302	18	42355970
sel_scaf	303	29	42355970
sel_scaf	304	14	42355970
sel_scaf	305	18	42355970
sel_scaf	306	15	42355970
sel_scaf	307	17	42355970
sel_scaf	308	31	42355970
sel_scaf	309	16	42355970
sel_scaf	310	20	42355970
sel_scaf	311	11	42355970
sel_scaf	312	10	42355970
sel_scaf	313	13	42355970
sel_scaf	314	8	42355970
sel_scaf	315	8	42355970
sel_scaf	316	15	42355970
sel_scaf	317	12	42355970
sel_scaf	318	12	42355970
sel_scaf	319	13	42355970
sel_scaf	320	17	42355970
sel_scaf	321	21	42355970
sel_scaf	322	23	42355970
sel_scaf	323	23	42355970
sel_scaf	324	26	42355970
sel_scaf	325	28	42355970
sel_scaf	326	23	42355970
sel_scaf	327	19	42355970
sel_scaf	328	16	42355970
sel_scaf	329	21	42355970
sel_scaf	330	13	42355970
sel_scaf	331	24	42355970
sel_scaf	332	26	42355970
sel_scaf	333	21	42355970
sel_scaf	334	22	42355970
sel_scaf	335	14	42355970
sel_scaf	336	19	42355970
sel_scaf	337	25	42355970
sel_scaf	338	34	42355970
sel_scaf	339	32	42355970
sel_scaf	340	26	42355970
sel_scaf	341	18	42355970
sel_scaf	342	22	42355970
sel_scaf	343	17	42355970
sel_scaf	344	15	42355970
sel_scaf	345	16	42355970
sel_scaf	346	10	42355970
sel_scaf	347	14	42355970
sel_scaf	348	6	42355970
sel_scaf	349	18	42355970
sel_scaf	350	13	42355970
sel_scaf	351	10	42355970
sel_scaf	352	11	42355970
sel_scaf	353	6	42355970
sel_scaf	354	4	42355970
sel_scaf	355	8	42355970
sel_scaf	356	3	42355970
sel_scaf	357	7	42355970
sel_scaf	358	8	42355970
sel_scaf	359	6	42355970
sel_scaf	360	5	42355970
sel_scaf	361	9	42355970
sel_scaf	362	14	42355970
sel_scaf	363	8	42355970
sel_scaf	364	8	42355970
sel_scaf	365	15	42355970
sel_scaf	366	14	42355970
sel_scaf	367	2	42355970
sel_scaf	368	9	42355970
sel_scaf	369	10	42355970
sel_scaf	370	8	42355970
sel_scaf	371	7	42355970
sel_scaf	372	8	42355970
sel_scaf	373	11	42355970
sel_scaf	374	10	42355970
sel_scaf	375	4	42355970
sel_scaf	376	7	42355970
sel_scaf	377	4	42355970
sel_scaf	378	5	42355970
sel_scaf	379	7	42355970
sel_scaf	380	10	42355970
sel_scaf	381	14	42355970
sel_scaf	382	7	42355970
sel_scaf	383	5	42355970
sel_scaf	384	8	42355970
sel_scaf	385	11	42355970
sel_scaf	386	10	42355970
sel_scaf	387	11	42355970
sel_scaf	388	4	42355970
sel_scaf	389	7	42355970
sel_scaf	390	9	42355970
sel_scaf	391	4	42355970
sel_scaf	392	5	42355970
sel_scaf	393	9	42355970
sel_scaf	394	5	42355970
sel_scaf	395	4	42355970
sel_scaf	396	10	42355970
sel_scaf	397	7	42355970
sel_scaf	398	7	42355970
sel_scaf	399	2	42355970
sel_scaf	400	8	42355970
sel_scaf	401	4	42355970
sel_scaf	402	5	42355970
sel_scaf	403	9	42355970
sel_scaf	404	17	42355970
sel_scaf	405	9	42355970
sel_scaf	406	4	42355970
sel_scaf	407	15	42355970
sel_scaf	408	5	42355970
sel_scaf	409	8	42355970
sel_scaf	410	17	42355970
sel_scaf	411	13	42355970
sel_scaf	412	7	42355970
sel_scaf	413	5	42355970
sel_scaf	414	4	42355970
sel_scaf	415	11	42355970
sel_scaf	416	11	42355970
sel_scaf	417	7	42355970
sel_scaf	418	6	42355970
sel_scaf	419	5	42355970
sel_scaf	420	15	42355970
sel_scaf	421	9	42355970
sel_scaf	422	8	42355970
sel_scaf	423	21	42355970
sel_scaf	424	8	42355970
sel_scaf	425	17	42355970
sel_scaf	426	18	42355970
sel_scaf	427	15	42355970
sel_scaf	428	8	42355970
sel_scaf	429	10	42355970
sel_scaf	430	7	42355970
sel_scaf	431	10	42355970
sel_scaf	432	3	42355970
sel_scaf	433	4	42355970
sel_scaf	434	4	42355970
sel_scaf	435	4	42355970
sel_scaf	436	11	42355970
sel_scaf	437	2	42355970
sel_scaf	438	4	42355970
sel_scaf	439	4	42355970
sel_scaf	440	4	42355970
sel_scaf	441	3	42355970
sel_scaf	442	2	42355970
sel_scaf	443	3	42355970
sel_scaf	444	2	42355970
sel_scaf	445	3	42355970
sel_scaf	446	2	42355970
sel_scaf	447	3	42355970
sel_scaf	448	4	42355970
sel_scaf	449	4	42355970
sel_scaf	450	8	42355970
sel_scaf	451	5	42355970
sel_scaf	452	8	42355970
sel_scaf	453	5	42355970
sel_scaf	454	11	42355970
sel_scaf	455	10	42355970
sel_scaf	456	8	42355970
sel_scaf	457	4	42355970
sel_scaf	458	1	42355970
sel_scaf	459	10	42355970
sel_scaf	460	5	42355970
sel_scaf	461	3	42355970
sel_scaf	462	2	42355970
sel_scaf	463	4	42355970
sel_scaf	464	5	42355970
sel_scaf	465	4	42355970
sel_scaf	466	5	42355970
sel_scaf	467	4	42355970
sel_scaf	468	8	42355970
sel_scaf	469	5	42355970
sel_scaf	470	7	42355970
sel_scaf	471	7	42355970
sel_scaf	474	3	42355970
sel_scaf	475	5	42355970
sel_scaf	476	3	42355970
sel_scaf	477	3	42355970
sel_scaf	481	3	42355970
sel_scaf	482	3	42355970
sel_scaf	483	1	42355970
sel_scaf	484	3	42355970
sel_scaf	485	4	42355970
sel_scaf	486	1	42355970
sel_scaf	487	1	42355970
sel_scaf	488	3	42355970
sel_scaf	489	1	42355970
sel_scaf	490	1	42355970
sel_scaf	491	2	42355970
sel_scaf	492	1	42355970
sel_scaf	493	2	42355970
sel_scaf	494	4	42355970
sel_scaf	495	6	42355970
sel_scaf	496	3	42355970
sel_scaf	497	3	42355970
sel_scaf	498	23	42355970
sel_scaf	500	1	42355970
sel_scaf	501	4	42355970
sel_scaf	502	5	42355970
sel_scaf	505	2	42355970
sel_scaf	506	4	42355970
sel_scaf	507	1	42355970
sel_scaf	508	1	42355970
sel_scaf	509	1	42355970
sel_scaf	511	2	42355970
sel_scaf	513	3	42355970
sel_scaf	514	2	42355970
sel_scaf	515	3	42355970
sel_scaf	516	2	42355970
sel_scaf	517	4	42355970
sel_scaf	518	2	42355970
sel_scaf	519	1	42355970
sel_scaf	520	3	42355970
sel_scaf	522	2	42355970
sel_scaf	523	3	42355970
sel_scaf	524	2	42355970
sel_scaf	525	1	42355970
sel_scaf	526	1	42355970
sel_scaf	527	2	42355970
sel_scaf	528	4	42355970
sel_scaf	529	1	42355970
sel_scaf	530	4	42355970
sel_scaf	531	1	42355970
sel_scaf	532	3	42355970
sel_scaf	533	2	42355970
sel_scaf	534	2	42355970
sel_scaf	535	2	42355970
sel_scaf	536	2	42355970
sel_scaf	537	5	42355970
sel_scaf	538	4	42355970
sel_scaf	539	5	42355970
sel_scaf	540	11	42355970
sel_scaf	541	8	42355970
sel_scaf	542	1	42355970
sel_scaf	543	1	42355970
sel_scaf	544	4	42355970
sel_scaf	545	6	42355970
sel_scaf	546	1	42355970
sel_scaf	547	1	42355970
sel_scaf	548	5	42355970
sel_scaf	549	5	42355970
sel_scaf	550	2	42355970
sel_scaf	551	5	42355970
sel_scaf	552	6	42355970
sel_scaf	553	11	42355970
sel_scaf	554	18	42355970
sel_scaf	555	9	42355970
sel_scaf	556	5	42355970
sel_scaf	557	11	42355970
sel_scaf	559	1	42355970
sel_scaf	561	1	42355970
sel_scaf	563	2	42355970
sel_scaf	564	1	42355970
sel_scaf	565	3	42355970
sel_scaf	568	2	42355970
sel_scaf	569	3	42355970
sel_scaf	570	2	42355970
sel_scaf	571	2	42355970
sel_scaf	574	2	42355970
sel_scaf	575	1	42355970
sel_scaf	577	3	42355970
sel_scaf	579	2	42355970
sel_scaf	580	3	42355970
sel_scaf	581	1	42355970
sel_scaf	582	4	42355970
sel_scaf	583	2	42355970
sel_scaf	584	4	42355970
sel_scaf	585	3	42355970
sel_scaf	587	2	42355970
sel_scaf	588	5	42355970
sel_scaf	589	1	42355970
sel_scaf	590	3	42355970
sel_scaf	591	4	42355970
sel_scaf	592	3	42355970
sel_scaf	593	5	42355970
sel_scaf	594	5	42355970
sel_scaf	595	5	42355970
sel_scaf	596	1	42355970
sel_scaf	597	3	42355970
sel_scaf	598	4	42355970
sel_scaf	599	3	42355970
sel_scaf	600	3	42355970
sel_scaf	601	7	42355970
sel_scaf	602	9	42355970
sel_scaf	603	3	42355970
sel_scaf	605	1	42355970
sel_scaf	607	2	42355970
sel_scaf	608	2	42355970
sel_scaf	609	1	42355970
sel_scaf	610	6	42355970
sel_scaf	611	2	42355970
sel_scaf	612	1	42355970
sel_scaf	613	1	42355970
sel_scaf	614	1	42355970
sel_scaf	615	1	42355970
sel_scaf	616	4	42355970
sel_scaf	618	1	42355970
sel_scaf	619	1	42355970
sel_scaf	620	1	42355970
sel_scaf	622	1	42355970
sel_scaf	626	1	42355970
sel_scaf	630	2	42355970
sel_scaf	633	1	42355970
sel_scaf	635	2	42355970
sel_scaf	636	1	42355970
sel_scaf	638	1	42355970
sel_scaf	643	1	42355970
sel_scaf	644	2	42355970
sel_scaf	645	2	42355970
sel_scaf	647	1	42355970
sel_scaf	648	1	42355970
sel_scaf	651	2	42355970
sel_scaf	652	1	42355970
sel_scaf	653	1	42355970
sel_scaf	658	2	42355970
sel_scaf	660	1	42355970
sel_scaf	661	3	42355970
sel_scaf	662	6	42355970
sel_scaf	663	3	42355970
sel_scaf	664	2	42355970
sel_scaf	668	1	42355970
sel_scaf	670	1	42355970
sel_scaf	671	2	42355970
sel_scaf	673	2	42355970
sel_scaf	675	1	42355970
sel_scaf	676	2	42355970
sel_scaf	678	1	42355970
sel_scaf	679	2	42355970
sel_scaf	681	2	42355970
sel_scaf	682	1	42355970
sel_scaf	683	1	42355970
sel_scaf	684	2	42355970
sel_scaf	685	2	42355970
sel_scaf	686	1	42355970
sel_scaf	687	2	42355970
sel_scaf	688	1	42355970
sel_scaf	689	1	42355970
sel_scaf	692	1	42355970
sel_scaf	694	2	42355970
sel_scaf	695	1	42355970
sel_scaf	697	4	42355970
sel_scaf	699	1	42355970
sel_scaf	700	1	42355970
sel_scaf	703	2	42355970
sel_scaf	705	2	42355970
sel_scaf	706	5	42355970
sel_scaf	707	1	42355970
sel_scaf	708	4	42355970
sel_scaf	709	2	42355970
sel_scaf	710	6	42355970
sel_scaf	711	4	42355970
sel_scaf	712	3	42355970
sel_scaf	713	1	42355970
sel_scaf	714	2	42355970
sel_scaf	715	1	42355970
sel_scaf	716	2	42355970
sel_scaf	719	2	42355970
sel_scaf	720	5	42355970
sel_scaf	721	4	42355970
sel_scaf	722	2	42355970
sel_scaf	723	3	42355970
sel_scaf	724	6	42355970
sel_scaf	725	2	42355970
sel_scaf	726	1	42355970
sel_scaf	727	2	42355970
sel_scaf	729	2	42355970
sel_scaf	731	1	42355970
sel_scaf	732	2	42355970
sel_scaf	733	2	42355970
sel_scaf	734	1	42355970
sel_scaf	737	3	42355970
sel_scaf	738	2	42355970
sel_scaf	739	4	42355970
sel_scaf	741	1	42355970
sel_scaf	743	1	42355970
sel_scaf	744	2	42355970
sel_scaf	745	2	42355970
sel_scaf	746	1	42355970
sel_scaf	747	6	42355970
sel_scaf	748	2	42355970
sel_scaf	749	1	42355970
sel_scaf	750	2	42355970
sel_scaf	756	3	42355970
sel_scaf	761	1	42355970
sel_scaf	765	2	42355970
sel_scaf	766	1	42355970
sel_scaf	768	2	42355970
sel_scaf	771	2	42355970
sel_scaf	774	2	42355970
sel_scaf	775	1	42355970
sel_scaf	777	1	42355970
sel_scaf	779	1	42355970
sel_scaf	780	2	42355970
sel_scaf	781	1	42355970
sel_scaf	782	1	42355970
sel_scaf	785	1	42355970
sel_scaf	787	1	42355970
sel_scaf	788	1	42355970
sel_scaf	792	1	42355970
sel_scaf	795	1	42355970
sel_scaf	796	1	42355970
sel_scaf	797	1	42355970
sel_scaf	801	1	42355970
sel_scaf	802	1	42355970
sel_scaf	804	1	42355970
sel_scaf	807	1	42355970
sel_scaf	808	2	42355970
sel_scaf	810	1	42355970
sel_scaf	811	1	42355970
sel_scaf	814	1	42355970
sel_scaf	815	2	42355970
sel_scaf	816	1	42355970
sel_scaf	817	1	42355970
sel_scaf	818	2	42355970
sel_scaf	821	1	42355970
sel_scaf	823	3	42355970
sel_scaf	824	2	42355970
sel_scaf	826	1	42355970
sel_scaf	827	3	42355970
sel_scaf	828	1	42355970
sel_scaf	829	3	42355970
sel_scaf	830	3	42355970
sel_scaf	832	1	42355970
sel_scaf	833	1	42355970
sel_scaf	834	1	42355970
sel_scaf	836	1	42355970
sel_scaf	837	3	42355970
sel_scaf	839	1	42355970
sel_scaf	840	2	42355970
sel_scaf	842	1	42355970
sel_scaf	843	1	42355970
sel_scaf	844	2	42355970
sel_scaf	846	2	42355970
sel_scaf	847	1	42355970
sel_scaf	848	2	42355970
sel_scaf	851	1	42355970
sel_scaf	852	3	42355970
sel_scaf	854	5	42355970
sel_scaf	855	3	42355970
sel_scaf	857	1	42355970
sel_scaf	858	1	42355970
sel_scaf	859	3	42355970
sel_scaf	861	2	42355970
sel_scaf	862	2	42355970
sel_scaf	863	1	42355970
sel_scaf	865	1	42355970
sel_scaf	866	1	42355970
sel_scaf	867	2	42355970
sel_scaf	869	1	42355970
sel_scaf	870	2	42355970
sel_scaf	872	1	42355970
sel_scaf	873	1	42355970
sel_scaf	876	2	42355970
sel_scaf	877	1	42355970
sel_scaf	882	1	42355970
sel_scaf	883	4	42355970
sel_scaf	884	1	42355970
sel_scaf	885	2	42355970
sel_scaf	886	5	42355970
sel_scaf	887	1	42355970
sel_scaf	889	1	42355970
sel_scaf	891	1	42355970
sel_scaf	894	2	42355970
sel_scaf	899	1	42355970
sel_scaf	900	1	42355970
sel_scaf	901	1	42355970
sel_scaf	909	1	42355970
sel_scaf	910	3	42355970
sel_scaf	918	1	42355970
sel_scaf	919	2	42355970
sel_scaf	924	1	42355970
sel_scaf	928	1	42355970
sel_scaf	936	1	42355970
sel_scaf	938	2	42355970
sel_scaf	943	1	42355970
sel_scaf	944	1	42355970
sel_scaf	949	1	42355970
sel_scaf	955	2	42355970
sel_scaf	956	1	42355970
sel_scaf	957	1	42355970
sel_scaf	962	1	42355970
sel_scaf	967	1	42355970
sel_scaf	968	1	42355970
sel_scaf	970	1	42355970
sel_scaf	971	1	42355970
sel_scaf	974	2	42355970
sel_scaf	975	1	42355970
sel_scaf	976	1	42355970
sel_scaf	977	1	42355970
sel_scaf	988	1	42355970
sel_scaf	989	1	42355970
sel_scaf	990	1	42355970
sel_scaf	1003	1	42355970
sel_scaf	1005	1	42355970
sel_scaf	1009	1	42355970
sel_scaf	1014	1	42355970
sel_scaf	1023	1	42355970
sel_scaf	1028	1	42355970
sel_scaf	1029	1	42355970
sel_scaf	1031	1	42355970
sel_scaf	1032	2	42355970
sel_scaf	1042	1	42355970
sel_scaf	1045	1	42355970
sel_scaf	1047	1	42355970
sel_scaf	1048	1	42355970
sel_scaf	1051	1	42355970
sel_scaf	1057	1	42355970
sel_scaf	1058	1	42355970
sel_scaf	1059	1	42355970
sel_scaf	1060	2	42355970
sel_scaf	1069	1	42355970
sel_scaf	1070	1	42355970
sel_scaf	1072	1	42355970
sel_scaf	1078	1	42355970
sel_scaf	1080	1	42355970
sel_scaf	1085	1	42355970
sel_scaf	1088	1	42355970
sel_scaf	1091	3	42355970
sel_scaf	1092	3	42355970
sel_scaf	1093	1	42355970
sel_scaf	1095	1	42355970
sel_scaf	1098	2	42355970
sel_scaf	1099	2	42355970
sel_scaf	1105	2	42355970
sel_scaf	1108	1	42355970
sel_scaf	1110	1	42355970
sel_scaf	1111	1	42355970
sel_scaf	1112	1	42355970
sel_scaf	1117	1	42355970
sel_scaf	1119	1	42355970
sel_scaf	1123	1	42355970
sel_scaf	1129	2	42355970
sel_scaf	1131	1	42355970
sel_scaf	1133	1	42355970
sel_scaf	1134	1	42355970
sel_scaf	1136	1	42355970
sel_scaf	1139	1	42355970
sel_scaf	1140	2	42355970
sel_scaf	1141	1	42355970
sel_scaf	1144	1	42355970
sel_scaf	1145	1	42355970
sel_scaf	1146	1	42355970
sel_scaf	1150	1	42355970
sel_scaf	1152	2	42355970
sel_scaf	1153	1	42355970
sel_scaf	1154	1	42355970
sel_scaf	1155	1	42355970
sel_scaf	1156	1	42355970
sel_scaf	1159	1	42355970
sel_scaf	1161	2	42355970
sel_scaf	1164	1	42355970
sel_scaf	1168	1	42355970
sel_scaf	1169	1	42355970
sel_scaf	1170	1	42355970
sel_scaf	1171	1	42355970
sel_scaf	1175	1	42355970
sel_scaf	1176	3	42355970
sel_scaf	1177	1	42355970
sel_scaf	1178	1	42355970
sel_scaf	1180	2	42355970
sel_scaf	1184	2	42355970
sel_scaf	1185	2	42355970
sel_scaf	1186	1	42355970
sel_scaf	1187	1	42355970
sel_scaf	1191	6	42355970
sel_scaf	1195	1	42355970
sel_scaf	1196	1	42355970
sel_scaf	1198	1	42355970
sel_scaf	1202	1	42355970
sel_scaf	1205	1	42355970
sel_scaf	1208	1	42355970
sel_scaf	1209	1	42355970
sel_scaf	1212	1	42355970
sel_scaf	1215	1	42355970
sel_scaf	1217	1	42355970
sel_scaf	1222	1	42355970
sel_scaf	1224	1	42355970
sel_scaf	1225	2	42355970
sel_scaf	1227	1	42355970
sel_scaf	1229	1	42355970
sel_scaf	1230	1	42355970
sel_scaf	1232	1	42355970
sel_scaf	1233	1	42355970
sel_scaf	1234	1	42355970
sel_scaf	1235	2	42355970
sel_scaf	1237	1	42355970
sel_scaf	1238	1	42355970
sel_scaf	1242	1	42355970
sel_scaf	1243	1	42355970
sel_scaf	1246	1	42355970
sel_scaf	1247	3	42355970
sel_scaf	1251	3	42355970
sel_scaf	1256	1	42355970
sel_scaf	1261	2	42355970
sel_scaf	1262	1	42355970
sel_scaf	1263	1	42355970
sel_scaf	1264	2	42355970
sel_scaf	1266	1	42355970
sel_scaf	1268	1	42355970
sel_scaf	1269	1	42355970
sel_scaf	1273	1	42355970
sel_scaf	1275	2	42355970
sel_scaf	1276	1	42355970
sel_scaf	1281	1	42355970
sel_scaf	1282	1	42355970
sel_scaf	1284	2	42355970
sel_scaf	1285	2	42355970
sel_scaf	1287	1	42355970
sel_scaf	1288	2	42355970
sel_scaf	1290	1	42355970
sel_scaf	1297	2	42355970
sel_scaf	1298	1	42355970
sel_scaf	1299	1	42355970
sel_scaf	1300	1	42355970
sel_scaf	1301	1	42355970
sel_scaf	1302	2	42355970
sel_scaf	1304	1	42355970
sel_scaf	1305	1	42355970
sel_scaf	1309	1	42355970
sel_scaf	1313	1	42355970
sel_scaf	1315	1	42355970
sel_scaf	1318	2	42355970
sel_scaf	1321	1	42355970
sel_scaf	1326	1	42355970
sel_scaf	1329	1	42355970
sel_scaf	1330	1	42355970
sel_scaf	1331	1	42355970
sel_scaf	1332	2	42355970
sel_scaf	1335	1	42355970
sel_scaf	1337	2	42355970
sel_scaf	1338	1	42355970
sel_scaf	1341	1	42355970
sel_scaf	1344	1	42355970
sel_scaf	1346	1	42355970
sel_scaf	1348	3	42355970
sel_scaf	1351	1	42355970
sel_scaf	1353	2	42355970
sel_scaf	1363	1	42355970
sel_scaf	1365	1	42355970
sel_scaf	1367	1	42355970
sel_scaf	1370	2	42355970
sel_scaf	1372	1	42355970
sel_scaf	1374	1	42355970
sel_scaf	1375	1	42355970
sel_scaf	1378	1	42355970
sel_scaf	1379	2	42355970
sel_scaf	1388	1	42355970
sel_scaf	1391	1	42355970
sel_scaf	1392	3	42355970
sel_scaf	1394	1	42355970
sel_scaf	1397	1	42355970
sel_scaf	1400	2	42355970
sel_scaf	1401	1	42355970
sel_scaf	1406	1	42355970
sel_scaf	1409	1	42355970
sel_scaf	1412	1	42355970
sel_scaf	1414	1	42355970
sel_scaf	1415	2	42355970
sel_scaf	1418	1	42355970
sel_scaf	1419	2	42355970
sel_scaf	1421	2	42355970
sel_scaf	1422	1	42355970
sel_scaf	1423	2	42355970
sel_scaf	1424	1	42355970
sel_scaf	1425	2	42355970
sel_scaf	1432	1	42355970
sel_scaf	1434	2	42355970
sel_scaf	1435	1	42355970
sel_scaf	1436	1	42355970
sel_scaf	1437	1	42355970
sel_scaf	1439	1	42355970
sel_scaf	1444	3	42355970
sel_scaf	1447	2	42355970
sel_scaf	1449	1	42355970
sel_scaf	1451	1	42355970
sel_scaf	1458	1	42355970
sel_scaf	1459	1	42355970
sel_scaf	1460	2	42355970
sel_scaf	1463	3	42355970
sel_scaf	1464	1	42355970
sel_scaf	1465	3	42355970
sel_scaf	1466	1	42355970
sel_scaf	1469	1	42355970
sel_scaf	1470	3	42355970
sel_scaf	1475	1	42355970
sel_scaf	1477	1	42355970
sel_scaf	1478	2	42355970
sel_scaf	1479	1	42355970
sel_scaf	1480	1	42355970
sel_scaf	1484	1	42355970
sel_scaf	1485	1	42355970
sel_scaf	1486	1	42355970
sel_scaf	1487	2	42355970
sel_scaf	1488	1	42355970
sel_scaf	1490	2	42355970
sel_scaf	1491	1	42355970
sel_scaf	1496	3	42355970
sel_scaf	1497	1	42355970
sel_scaf	1499	1	42355970
sel_scaf	1500	1	42355970
sel_scaf	1504	1	42355970
sel_scaf	1508	3	42355970
sel_scaf	1509	3	42355970
sel_scaf	1510	4	42355970
sel_scaf	1511	1	42355970
sel_scaf	1513	1	42355970
sel_scaf	1515	1	42355970
sel_scaf	1518	1	42355970
sel_scaf	1519	1	42355970
sel_scaf	1521	5	42355970
sel_scaf	1522	11	42355970
sel_scaf	1523	12	42355970
sel_scaf	1524	8	42355970
sel_scaf	1525	27	42355970
sel_scaf	1526	2	42355970
sel_scaf	1531	1	42355970
sel_scaf	1534	2	42355970
sel_scaf	1535	1	42355970
sel_scaf	1543	2	42355970
sel_scaf	1546	1	42355970
sel_scaf	1547	2	42355970
sel_scaf	1552	1	42355970
sel_scaf	1553	1	42355970
sel_scaf	1556	1	42355970
sel_scaf	1559	1	42355970
sel_scaf	1562	1	42355970
sel_scaf	1564	2	42355970
sel_scaf	1573	1	42355970
sel_scaf	1576	1	42355970
sel_scaf	1577	2	42355970
sel_scaf	1579	2	42355970
sel_scaf	1580	2	42355970
sel_scaf	1583	2	42355970
sel_scaf	1585	1	42355970
sel_scaf	1588	2	42355970
sel_scaf	1590	1	42355970
sel_scaf	1591	1	42355970
sel_scaf	1593	1	42355970
sel_scaf	1594	2	42355970
sel_scaf	1596	1	42355970
sel_scaf	1598	1	42355970
sel_scaf	1599	1	42355970
sel_scaf	1600	1	42355970
sel_scaf	1606	1	42355970
sel_scaf	1612	1	42355970
sel_scaf	1615	2	42355970
sel_scaf	1616	1	42355970
sel_scaf	1617	1	42355970
sel_scaf	1622	2	42355970
sel_scaf	1624	1	42355970
sel_scaf	1627	1	42355970
sel_scaf	1628	1	42355970
sel_scaf	1629	1	42355970
sel_scaf	1635	1	42355970
sel_scaf	1637	1	42355970
sel_scaf	1638	1	42355970
sel_scaf	1640	2	42355970
sel_scaf	1641	1	42355970
sel_scaf	1645	1	42355970
sel_scaf	1647	1	42355970
sel_scaf	1651	1	42355970
sel_scaf	1652	1	42355970
sel_scaf	1654	2	42355970
sel_scaf	1656	2	42355970
sel_scaf	1657	1	42355970
sel_scaf	1658	1	42355970
sel_scaf	1659	1	42355970
sel_scaf	1662	1	42355970
sel_scaf	1668	1	42355970
sel_scaf	1672	1	42355970
sel_scaf	1674	2	42355970
sel_scaf	1675	2	42355970
sel_scaf	1676	1	42355970
sel_scaf	1679	1	42355970
sel_scaf	1682	1	42355970
sel_scaf	1683	1	42355970
sel_scaf	1687	1	42355970
sel_scaf	1689	1	42355970
sel_scaf	1690	2	42355970
sel_scaf	1692	1	42355970
sel_scaf	1694	1	42355970
sel_scaf	1698	1	42355970
sel_scaf	1700	1	42355970
sel_scaf	1702	1	42355970
sel_scaf	1706	2	42355970
sel_scaf	1707	1	42355970
sel_scaf	1712	1	42355970
sel_scaf	1715	1	42355970
sel_scaf	1716	2	42355970
sel_scaf	1718	1	42355970
sel_scaf	1719	1	42355970
sel_scaf	1720	1	42355970
sel_scaf	1723	2	42355970
sel_scaf	1727	1	42355970
sel_scaf	1728	1	42355970
sel_scaf	1734	2	42355970
sel_scaf	1737	2	42355970
sel_scaf	1738	1	42355970
sel_scaf	1740	1	42355970
sel_scaf	1744	1	42355970
sel_scaf	1750	1	42355970
sel_scaf	1753	2	42355970
sel_scaf	1754	1	42355970
sel_scaf	1755	1	42355970
sel_scaf	1756	1	42355970
sel_scaf	1757	1	42355970
sel_scaf	1765	1	42355970
sel_scaf	1767	1	42355970
sel_scaf	1770	1	42355970
sel_scaf	1774	1	42355970
sel_scaf	1777	1	42355970
sel_scaf	1779	1	42355970
sel_scaf	1783	1	42355970
sel_scaf	1784	1	42355970
sel_scaf	1785	1	42355970
sel_scaf	1786	1	42355970
sel_scaf	1788	1	42355970
sel_scaf	1791	1	42355970
sel_scaf	1799	1	42355970
sel_scaf	1810	2	42355970
sel_scaf	1812	1	42355970
sel_scaf	1814	1	42355970
sel_scaf	1815	1	42355970
sel_scaf	1819	1	42355970
sel_scaf	1825	2	42355970
sel_scaf	1829	1	42355970
sel_scaf	1831	1	42355970
sel_scaf	1837	1	42355970
sel_scaf	1843	1	42355970
sel_scaf	1848	1	42355970
sel_scaf	1853	1	42355970
sel_scaf	1855	1	42355970
sel_scaf	1856	1	42355970
sel_scaf	1861	2	42355970
sel_scaf	1863	1	42355970
sel_scaf	1864	1	42355970
sel_scaf	1872	2	42355970
sel_scaf	1877	1	42355970
sel_scaf	1885	3	42355970
sel_scaf	1889	1	42355970
sel_scaf	1890	1	42355970
sel_scaf	1902	2	42355970
sel_scaf	1907	1	42355970
sel_scaf	1908	2	42355970
sel_scaf	1909	1	42355970
sel_scaf	1914	1	42355970
sel_scaf	1916	1	42355970
sel_scaf	1918	1	42355970
sel_scaf	1921	1	42355970
sel_scaf	1922	1	42355970
sel_scaf	1924	1	42355970
sel_scaf	1925	1	42355970
sel_scaf	1927	1	42355970
sel_scaf	1928	1	42355970
sel_scaf	1930	1	42355970
sel_scaf	1932	1	42355970
sel_scaf	1935	2	42355970
sel_scaf	1938	2	42355970
sel_scaf	1939	1	42355970
sel_scaf	1942	2	42355970
sel_scaf	1944	2	42355970
sel_scaf	1949	1	42355970
sel_scaf	1955	1	42355970
sel_scaf	1956	2	42355970
sel_scaf	1958	1	42355970
sel_scaf	1959	2	42355970
sel_scaf	1964	1	42355970
sel_scaf	1969	1	42355970
sel_scaf	1970	1	42355970
sel_scaf	1971	2	42355970
sel_scaf	1972	3	42355970
sel_scaf	1973	1	42355970
sel_scaf	1975	4	42355970
sel_scaf	1976	1	42355970
sel_scaf	1977	3	42355970
sel_scaf	1978	1	42355970
sel_scaf	1979	1	42355970
sel_scaf	1980	2	42355970
sel_scaf	1981	3	42355970
sel_scaf	1982	1	42355970
sel_scaf	1983	7	42355970
sel_scaf	1984	1	42355970
sel_scaf	1986	1	42355970
sel_scaf	1990	2	42355970
sel_scaf	1992	1	42355970
sel_scaf	1994	2	42355970
sel_scaf	1995	1	42355970
sel_scaf	1997	1	42355970
sel_scaf	2006	1	42355970
sel_scaf	2007	2	42355970
sel_scaf	2011	1	42355970
sel_scaf	2012	1	42355970
sel_scaf	2014	1	42355970
sel_scaf	2016	1	42355970
sel_scaf	2020	1	42355970
sel_scaf	2023	1	42355970
sel_scaf	2024	2	42355970
sel_scaf	2027	1	42355970
sel_scaf	2028	1	42355970
sel_scaf	2032	1	42355970
sel_scaf	2035	2	42355970
sel_scaf	2036	2	42355970
sel_scaf	2039	1	42355970
sel_scaf	2040	2	42355970
sel_scaf	2050	2	42355970
sel_scaf	2052	2	42355970
sel_scaf	2053	1	42355970
sel_scaf	2057	1	42355970
sel_scaf	2058	1	42355970
sel_scaf	2063	1	42355970
sel_scaf	2065	2	42355970
sel_scaf	2069	3	42355970
sel_scaf	2070	1	42355970
sel_scaf	2072	2	42355970
sel_scaf	2074	1	42355970
sel_scaf	2076	1	42355970
sel_scaf	2077	3	42355970
sel_scaf	2080	1	42355970
sel_scaf	2083	1	42355970
sel_scaf	2084	1	42355970
sel_scaf	2085	1	42355970
sel_scaf	2086	3	42355970
sel_scaf	2088	1	42355970
sel_scaf	2090	2	42355970
sel_scaf	2091	4	42355970
sel_scaf	2092	3	42355970
sel_scaf	2093	1	42355970
sel_scaf	2094	3	42355970
sel_scaf	2095	2	42355970
sel_scaf	2096	3	42355970
sel_scaf	2097	1	42355970
sel_scaf	2098	4	42355970
sel_scaf	2099	17	42355970
sel_scaf	2100	2	42355970
sel_scaf	2101	6	42355970
sel_scaf	2102	2	42355970
sel_scaf	2103	4	42355970
sel_scaf	2104	6	42355970
sel_scaf	2105	3	42355970
sel_scaf	2108	2	42355970
sel_scaf	2109	1	42355970
sel_scaf	2113	2	42355970
sel_scaf	2115	1	42355970
sel_scaf	2122	1	42355970
sel_scaf	2123	1	42355970
sel_scaf	2125	1	42355970
sel_scaf	2131	1	42355970
sel_scaf	2134	1	42355970
sel_scaf	2137	1	42355970
sel_scaf	2149	1	42355970
sel_scaf	2153	2	42355970
sel_scaf	2163	1	42355970
sel_scaf	2165	1	42355970
sel_scaf	2171	1	42355970
sel_scaf	2173	2	42355970
sel_scaf	2178	1	42355970
sel_scaf	2184	1	42355970
sel_scaf	2186	2	42355970
sel_scaf	2190	1	42355970
sel_scaf	2193	1	42355970
sel_scaf	2196	1	42355970
sel_scaf	2198	1	42355970
sel_scaf	2203	1	42355970
sel_scaf	2206	2	42355970
sel_scaf	2211	1	42355970
sel_scaf	2213	1	42355970
sel_scaf	2214	1	42355970
sel_scaf	2215	1	42355970
sel_scaf	2220	1	42355970
sel_scaf	2222	2	42355970
sel_scaf	2224	1	42355970
sel_scaf	2225	1	42355970
sel_scaf	2240	1	42355970
sel_scaf	2243	2	42355970
sel_scaf	2246	1	42355970
sel_scaf	2252	1	42355970
sel_scaf	2253	1	42355970
sel_scaf	2254	1	42355970
sel_scaf	2255	1	42355970
sel_scaf	2258	1	42355970
sel_scaf	2260	1	42355970
sel_scaf	2263	2	42355970
sel_scaf	2265	6	42355970
sel_scaf	2268	1	42355970
sel_scaf	2273	1	42355970
sel_scaf	2277	1	42355970
sel_scaf	2278	2	42355970
sel_scaf	2279	2	42355970
sel_scaf	2282	2	42355970
sel_scaf	2289	1	42355970
sel_scaf	2291	3	42355970
sel_scaf	2293	1	42355970
sel_scaf	2294	1	42355970
sel_scaf	2297	1	42355970
sel_scaf	2300	1	42355970
sel_scaf	2302	1	42355970
sel_scaf	2305	2	42355970
sel_scaf	2309	1	42355970
sel_scaf	2310	1	42355970
sel_scaf	2313	1	42355970
sel_scaf	2315	1	42355970
sel_scaf	2318	1	42355970
sel_scaf	2319	2	42355970
sel_scaf	2322	2	42355970
sel_scaf	2326	1	42355970
sel_scaf	2334	1	42355970
sel_scaf	2336	1	42355970
sel_scaf	2341	1	42355970
sel_scaf	2349	1	42355970
sel_scaf	2375	2	42355970
sel_scaf	2376	1	42355970
sel_scaf	2382	1	42355970
sel_scaf	2393	2	42355970
sel_scaf	2395	1	42355970
sel_scaf	2400	1	42355970
sel_scaf	2401	1	42355970
sel_scaf	2412	1	42355970
sel_scaf	2420	1	42355970
sel_scaf	2426	1	42355970
sel_scaf	2436	1	42355970
sel_scaf	2439	2	42355970
sel_scaf	2443	2	42355970
sel_scaf	2444	1	42355970
sel_scaf	2446	1	42355970
sel_scaf	2449	1	42355970
sel_scaf	2452	1	42355970
sel_scaf	2453	2	42355970
sel_scaf	2456	13	42355970
sel_scaf	2457	9	42355970
sel_scaf	2458	7	42355970
sel_scaf	2459	5	42355970
sel_scaf	2460	10	42355970
sel_scaf	2461	2	42355970
sel_scaf	2471	1	42355970
sel_scaf	2476	1	42355970
sel_scaf	2478	1	42355970
sel_scaf	2485	1	42355970
sel_scaf	2487	1	42355970
sel_scaf	2495	1	42355970
sel_scaf	2505	1	42355970
sel_scaf	2506	1	42355970
sel_scaf	2518	1	42355970
sel_scaf	2528	1	42355970
sel_scaf	2532	1	42355970
sel_scaf	2537	1	42355970
sel_scaf	2549	1	42355970
sel_scaf	2550	1	42355970
sel_scaf	2554	1	42355970
sel_scaf	2557	3	42355970
sel_scaf	2559	2	42355970
sel_scaf	2561	1	42355970
sel_scaf	2562	3	42355970
sel_scaf	2563	6	42355970
sel_scaf	2564	3	42355970
sel_scaf	2565	1	42355970
sel_scaf	2566	5	42355970
sel_scaf	2567	6	42355970
sel_scaf	2568	1	42355970
sel_scaf	2569	4	42355970
sel_scaf	2570	5	42355970
sel_scaf	2571	8	42355970
sel_scaf	2572	2	42355970
sel_scaf	2586	1	42355970
sel_scaf	2600	1	42355970
sel_scaf	2602	1	42355970
sel_scaf	2603	1	42355970
sel_scaf	2608	1	42355970
sel_scaf	2621	1	42355970
sel_scaf	2624	1	42355970
sel_scaf	2639	1	42355970
sel_scaf	2648	1	42355970
sel_scaf	2674	2	42355970
sel_scaf	2683	1	42355970
sel_scaf	2693	1	42355970
sel_scaf	2698	1	42355970
sel_scaf	2712	1	42355970
sel_scaf	2718	1	42355970
sel_scaf	2736	1	42355970
sel_scaf	2739	1	42355970
sel_scaf	2742	1	42355970
sel_scaf	2744	1	42355970
sel_scaf	2751	1	42355970
sel_scaf	2764	1	42355970
sel_scaf	2773	1	42355970
sel_scaf	2778	1	42355970
sel_scaf	2798	1	42355970
sel_scaf	2805	1	42355970
sel_scaf	2811	1	42355970
sel_scaf	2821	1	42355970
sel_scaf	2822	1	42355970
sel_scaf	2831	1	42355970
sel_scaf	2832	1	42355970
sel_scaf	2835	1	42355970
sel_scaf	2862	1	42355970
sel_scaf	2869	1	42355970
sel_scaf	2871	1	42355970
sel_scaf	2873	1	42355970
sel_scaf	2879	1	42355970
sel_scaf	2892	1	42355970
sel_scaf	2896	1	42355970
sel_scaf	2901	1	42355970
sel_scaf	2909	1	42355970
sel_scaf	2917	1	42355970
sel_scaf	2932	1	42355970
sel_scaf	2938	1	42355970
sel_scaf	2947	1	42355970
sel_scaf	2949	1	42355970
sel_scaf	2954	1	42355970
sel_scaf	2959	1	42355970
sel_scaf	2960	1	42355970
sel_scaf	2970	1	42355970
sel_scaf	2983	1	42355970
sel_scaf	2985	1	42355970
sel_scaf	2987	2	42355970
sel_scaf	2999	1	42355970
sel_scaf	3012	1	42355970
sel_scaf	3013	1	42355970
sel_scaf	3016	1	42355970
sel_scaf	3018	1	42355970
sel_scaf	3023	1	42355970
sel_scaf	3030	1	42355970
sel_scaf	3031	1	42355970
sel_scaf	3036	1	42355970
sel_scaf	3038	1	42355970
sel_scaf	3042	1	42355970
sel_scaf	3047	1	42355970
sel_scaf	3048	1	42355970
sel_scaf	3049	2	42355970
sel_scaf	3051	1	42355970
sel_scaf	3054	3	42355970
sel_scaf	3055	1	42355970
sel_scaf	3061	1	42355970
sel_scaf	3062	1	42355970
sel_scaf	3084	2	42355970
sel_scaf	3089	1	42355970
sel_scaf	3094	1	42355970
sel_scaf	3096	1	42355970
sel_scaf	3102	1	42355970
sel_scaf	3121	1	42355970
sel_scaf	3124	1	42355970
sel_scaf	3133	1	42355970
sel_scaf	3139	1	42355970
sel_scaf	3144	1	42355970
sel_scaf	3151	1	42355970
sel_scaf	3154	1	42355970
sel_scaf	3166	1	42355970
sel_scaf	3168	1	42355970
sel_scaf	3207	1	42355970
sel_scaf	3208	1	42355970
sel_scaf	3210	1	42355970
sel_scaf	3216	2	42355970
sel_scaf	3234	1	42355970
sel_scaf	3236	1	42355970
sel_scaf	3240	1	42355970
sel_scaf	3243	1	42355970
sel_scaf	3256	1	42355970
sel_scaf	3266	1	42355970
sel_scaf	3267	1	42355970
sel_scaf	3276	1	42355970
sel_scaf	3282	1	42355970
sel_scaf	3285	1	42355970
sel_scaf	3286	1	42355970
sel_scaf	3288	1	42355970
sel_scaf	3291	1	42355970
sel_scaf	3294	1	42355970
sel_scaf	3296	1	42355970
sel_scaf	3298	1	42355970
sel_scaf	3299	1	42355970
sel_scaf	3304	1	42355970
sel_scaf	3305	1	42355970
sel_scaf	3306	1	42355970
sel_scaf	3307	1	42355970
sel_scaf	3309	1	42355970
sel_scaf	3312	2	42355970
sel_scaf	3313	2	42355970
sel_scaf	3314	1	42355970
sel_scaf	3315	1	42355970
sel_scaf	3317	1	42355970
sel_scaf	3318	1	42355970
sel_scaf	3320	1	42355970
sel_scaf	3321	4	42355970
sel_scaf	3322	2	42355970
sel_scaf	3323	2	42355970
sel_scaf	3324	1	42355970
sel_scaf	3325	10	42355970
sel_scaf	3326	37	42355970
sel_scaf	3327	1	42355970
sel_scaf	3333	2	42355970
sel_scaf	3334	2	42355970
sel_scaf	3335	1	42355970
sel_scaf	3336	1	42355970
sel_scaf	3341	1	42355970
sel_scaf	3343	1	42355970
sel_scaf	3346	1	42355970
sel_scaf	3352	2	42355970
sel_scaf	3353	1	42355970
sel_scaf	3355	2	42355970
sel_scaf	3356	4	42355970
sel_scaf	3357	3	42355970
sel_scaf	3358	2	42355970
sel_scaf	3360	1	42355970
sel_scaf	3361	3	42355970
sel_scaf	3362	2	42355970
sel_scaf	3379	1	42355970
sel_scaf	3389	1	42355970
sel_scaf	3390	1	42355970
sel_scaf	3402	1	42355970
sel_scaf	3420	1	42355970
sel_scaf	3428	1	42355970
sel_scaf	3453	1	42355970
sel_scaf	3472	1	42355970
sel_scaf	3490	1	42355970
sel_scaf	3513	1	42355970
sel_scaf	3549	1	42355970
sel_scaf	3558	1	42355970
sel_scaf	3563	1	42355970
sel_scaf	3590	1	42355970
sel_scaf	3591	1	42355970
sel_scaf	3592	4	42355970
sel_scaf	3595	1	42355970
sel_scaf	3596	2	42355970
sel_scaf	3604	1	42355970
sel_scaf	3645	1	42355970
sel_scaf	3649	1	42355970
sel_scaf	3668	1	42355970
sel_scaf	3699	1	42355970
sel_scaf	3705	1	42355970
sel_scaf	3718	1	42355970
sel_scaf	3737	1	42355970
sel_scaf	3752	1	42355970
sel_scaf	3754	1	42355970
sel_scaf	3784	1	42355970
sel_scaf	3808	4	42355970
sel_scaf	3814	1	42355970
sel_scaf	3823	1	42355970
sel_scaf	3833	4	42355970
sel_scaf	3865	1	42355970
sel_scaf	3885	1	42355970
sel_scaf	3889	1	42355970
sel_scaf	3894	1	42355970
sel_scaf	3896	1	42355970
sel_scaf	3934	1	42355970
sel_scaf	3944	1	42355970
sel_scaf	3962	1	42355970
sel_scaf	3964	1	42355970
sel_scaf	3965	1	42355970
sel_scaf	3998	1	42355970
sel_scaf	4047	1	42355970
sel_scaf	4058	1	42355970
sel_scaf	4097	1	42355970
sel_scaf	4099	1	42355970
sel_scaf	4110	1	42355970
sel_scaf	4147	1	42355970
sel_scaf	4159	1	42355970
sel_scaf	4166	1	42355970
sel_scaf	4197	1	42355970
sel_scaf	4203	1	42355970
sel_scaf	4232	2	42355970
sel_scaf	4254	1	42355970
sel_scaf	4267	1	42355970
sel_scaf	4273	1	42355970
sel_scaf	4284	1	42355970
sel_scaf	4322	1	42355970
sel_scaf	4335	1	42355970
sel_scaf	4338	1	42355970
sel_scaf	4342	1	42355970
sel_scaf	4387	1	42355970
sel_scaf	4398	1	42355970
sel_scaf	4419	1	42355970
sel_scaf	4448	1	42355970
sel_scaf	4452	1	42355970
sel_scaf	4473	1	42355970
sel_scaf	4488	1	42355970
sel_scaf	4508	1	42355970
sel_scaf	4511	1	42355970
sel_scaf	4529	1	42355970
sel_scaf	4550	1	42355970
sel_scaf	4555	1	42355970
sel_scaf	4570	1	42355970
sel_scaf	4583	1	42355970
sel_scaf	4591	2	42355970
sel_scaf	4593	2	42355970
sel_scaf	4594	1	42355970
sel_scaf	4595	1	42355970
sel_scaf	4596	2	42355970
sel_scaf	4597	9	42355970
sel_scaf	4598	7	42355970
sel_scaf	4627	1	42355970
sel_scaf	4662	1	42355970
sel_scaf	4679	1	42355970
sel_scaf	4731	1	42355970
sel_scaf	4775	1	42355970
sel_scaf	4787	1	42355970
sel_scaf	4812	1	42355970
sel_scaf	4833	1	42355970
sel_scaf	4862	1	42355970
sel_scaf	4904	1	42355970
sel_scaf	4917	1	42355970
sel_scaf	4936	1	42355970
sel_scaf	4981	1	42355970
sel_scaf	5004	1	42355970
sel_scaf	5008	1	42355970
sel_scaf	5014	1	42355970
sel_scaf	5040	1	42355970
sel_scaf	5047	1	42355970
sel_scaf	5076	1	42355970
sel_scaf	5102	1	42355970
sel_scaf	5149	1	42355970
sel_scaf	5155	1	42355970
sel_scaf	5162	1	42355970
sel_scaf	5221	1	42355970
sel_scaf	5238	1	42355970
sel_scaf	5260	1	42355970
sel_scaf	5284	1	42355970
sel_scaf	5320	1	42355970
sel_scaf	5347	1	42355970
sel_scaf	5355	1	42355970
sel_scaf	5356	1	42355970
sel_scaf	5389	1	42355970
sel_scaf	5396	1	42355970
sel_scaf	5402	1	42355970
sel_scaf	5430	1	42355970
sel_scaf	5456	1	42355970
sel_scaf	5462	1	42355970
sel_scaf	5475	1	42355970
sel_scaf	5492	1	42355970
sel_scaf	5530	1	42355970
sel_scaf	5556	1	42355970
sel_scaf	5557	1	42355970
sel_scaf	5582	1	42355970
sel_scaf	5597	1	42355970
sel_scaf	5626	1	42355970
sel_scaf	5663	1	42355970
sel_scaf	5680	1	42355970
sel_scaf	5691	1	42355970
sel_scaf	5709	1	42355970
sel_scaf	5710	1	42355970
sel_scaf	5738	1	42355970
sel_scaf	5790	1	42355970
sel_scaf	5792	1	42355970
sel_scaf	5826	1	42355970
sel_scaf	5837	1	42355970
sel_scaf	5842	1	42355970
sel_scaf	5862	1	42355970
sel_scaf	5919	1	42355970
sel_scaf	5931	1	42355970
sel_scaf	5966	1	42355970
sel_scaf	6022	1	42355970
sel_scaf	6026	1	42355970
sel_scaf	6056	1	42355970
sel_scaf	6088	1	42355970
sel_scaf	6131	1	42355970
sel_scaf	6156	1	42355970
sel_scaf	6163	1	42355970
sel_scaf	6182	1	42355970
sel_scaf	6196	1	42355970
sel_scaf	6199	1	42355970
sel_scaf	6201	1	42355970
sel_scaf	6203	1	42355970
sel_scaf	6226	1	42355970
sel_scaf	6231	1	42355970
sel_scaf	6270	1	42355970
sel_scaf	6510	1	42355970
sel_scaf	6546	1	42355970
sel_scaf	6571	1	42355970
sel_scaf	6585	1	42355970
sel_scaf	6590	1	42355970
sel_scaf	6594	1	42355970
sel_scaf	6619	1	42355970
sel_scaf	6622	1	42355970
sel_scaf	6643	1	42355970
sel_scaf	6645	1	42355970
sel_scaf	6661	1	42355970
sel_scaf	6671	1	42355970
sel_scaf	6693	1	42355970
sel_scaf	6722	1	42355970
sel_scaf	6724	1	42355970
sel_scaf	6736	1	42355970
sel_scaf	6771	1	42355970
sel_scaf	6782	1	42355970
sel_scaf	6812	1	42355970
sel_scaf	6856	1	42355970
sel_scaf	6904	1	42355970
sel_scaf	6935	1	42355970
sel_scaf	6966	1	42355970
sel_scaf	7004	1	42355970
sel_scaf	7036	1	42355970
sel_scaf	7068	1	42355970
sel_scaf	7110	1	42355970
sel_scaf	7119	1	42355970
sel_scaf	7143	1	42355970
sel_scaf	7162	1	42355970
sel_scaf	7172	1	42355970
sel_scaf	7210	1	42355970
sel_scaf	7238	1	42355970
sel_scaf	7252	1	42355970
sel_scaf	7257	1	42355970
