feature	depth	Nsites	totalNsites
sel_scaf	0	6435389	42355970
sel_scaf	1	674824	42355970
sel_scaf	2	553676	42355970
sel_scaf	3	530916	42355970
sel_scaf	4	523350	42355970
sel_scaf	5	534890	42355970
sel_scaf	6	552443	42355970
sel_scaf	7	575235	42355970
sel_scaf	8	608537	42355970
sel_scaf	9	641503	42355970
sel_scaf	10	673143	42355970
sel_scaf	11	714690	42355970
sel_scaf	12	758634	42355970
sel_scaf	13	792909	42355970
sel_scaf	14	825958	42355970
sel_scaf	15	851960	42355970
sel_scaf	16	871569	42355970
sel_scaf	17	888872	42355970
sel_scaf	18	897704	42355970
sel_scaf	19	906814	42355970
sel_scaf	20	916340	42355970
sel_scaf	21	917701	42355970
sel_scaf	22	922587	42355970
sel_scaf	23	937051	42355970
sel_scaf	24	955328	42355970
sel_scaf	25	969233	42355970
sel_scaf	26	991661	42355970
sel_scaf	27	1011182	42355970
sel_scaf	28	1018008	42355970
sel_scaf	29	1025176	42355970
sel_scaf	30	1023071	42355970
sel_scaf	31	1012427	42355970
sel_scaf	32	995326	42355970
sel_scaf	33	969769	42355970
sel_scaf	34	933437	42355970
sel_scaf	35	888081	42355970
sel_scaf	36	837996	42355970
sel_scaf	37	781943	42355970
sel_scaf	38	719933	42355970
sel_scaf	39	656996	42355970
sel_scaf	40	592679	42355970
sel_scaf	41	524295	42355970
sel_scaf	42	462209	42355970
sel_scaf	43	401240	42355970
sel_scaf	44	344247	42355970
sel_scaf	45	291529	42355970
sel_scaf	46	244978	42355970
sel_scaf	47	203964	42355970
sel_scaf	48	167763	42355970
sel_scaf	49	136303	42355970
sel_scaf	50	112528	42355970
sel_scaf	51	89237	42355970
sel_scaf	52	70652	42355970
sel_scaf	53	55083	42355970
sel_scaf	54	44393	42355970
sel_scaf	55	35416	42355970
sel_scaf	56	27670	42355970
sel_scaf	57	22020	42355970
sel_scaf	58	17666	42355970
sel_scaf	59	13970	42355970
sel_scaf	60	11410	42355970
sel_scaf	61	9743	42355970
sel_scaf	62	8069	42355970
sel_scaf	63	7137	42355970
sel_scaf	64	6059	42355970
sel_scaf	65	5678	42355970
sel_scaf	66	4752	42355970
sel_scaf	67	4333	42355970
sel_scaf	68	4235	42355970
sel_scaf	69	3748	42355970
sel_scaf	70	3509	42355970
sel_scaf	71	3197	42355970
sel_scaf	72	3092	42355970
sel_scaf	73	2844	42355970
sel_scaf	74	2715	42355970
sel_scaf	75	2689	42355970
sel_scaf	76	2796	42355970
sel_scaf	77	2743	42355970
sel_scaf	78	2530	42355970
sel_scaf	79	2460	42355970
sel_scaf	80	2497	42355970
sel_scaf	81	2497	42355970
sel_scaf	82	2284	42355970
sel_scaf	83	2217	42355970
sel_scaf	84	2326	42355970
sel_scaf	85	2160	42355970
sel_scaf	86	2184	42355970
sel_scaf	87	2105	42355970
sel_scaf	88	2166	42355970
sel_scaf	89	2021	42355970
sel_scaf	90	2110	42355970
sel_scaf	91	1961	42355970
sel_scaf	92	1889	42355970
sel_scaf	93	1868	42355970
sel_scaf	94	1944	42355970
sel_scaf	95	1887	42355970
sel_scaf	96	1855	42355970
sel_scaf	97	1578	42355970
sel_scaf	98	1581	42355970
sel_scaf	99	1498	42355970
sel_scaf	100	1434	42355970
sel_scaf	101	1397	42355970
sel_scaf	102	1352	42355970
sel_scaf	103	1414	42355970
sel_scaf	104	1327	42355970
sel_scaf	105	1265	42355970
sel_scaf	106	1248	42355970
sel_scaf	107	1164	42355970
sel_scaf	108	1180	42355970
sel_scaf	109	1101	42355970
sel_scaf	110	1158	42355970
sel_scaf	111	1082	42355970
sel_scaf	112	1004	42355970
sel_scaf	113	952	42355970
sel_scaf	114	897	42355970
sel_scaf	115	893	42355970
sel_scaf	116	789	42355970
sel_scaf	117	863	42355970
sel_scaf	118	783	42355970
sel_scaf	119	785	42355970
sel_scaf	120	753	42355970
sel_scaf	121	734	42355970
sel_scaf	122	689	42355970
sel_scaf	123	653	42355970
sel_scaf	124	695	42355970
sel_scaf	125	662	42355970
sel_scaf	126	675	42355970
sel_scaf	127	494	42355970
sel_scaf	128	547	42355970
sel_scaf	129	498	42355970
sel_scaf	130	487	42355970
sel_scaf	131	515	42355970
sel_scaf	132	539	42355970
sel_scaf	133	502	42355970
sel_scaf	134	564	42355970
sel_scaf	135	439	42355970
sel_scaf	136	450	42355970
sel_scaf	137	463	42355970
sel_scaf	138	523	42355970
sel_scaf	139	425	42355970
sel_scaf	140	363	42355970
sel_scaf	141	383	42355970
sel_scaf	142	424	42355970
sel_scaf	143	386	42355970
sel_scaf	144	424	42355970
sel_scaf	145	396	42355970
sel_scaf	146	326	42355970
sel_scaf	147	360	42355970
sel_scaf	148	396	42355970
sel_scaf	149	340	42355970
sel_scaf	150	303	42355970
sel_scaf	151	275	42355970
sel_scaf	152	298	42355970
sel_scaf	153	312	42355970
sel_scaf	154	314	42355970
sel_scaf	155	279	42355970
sel_scaf	156	329	42355970
sel_scaf	157	352	42355970
sel_scaf	158	317	42355970
sel_scaf	159	312	42355970
sel_scaf	160	271	42355970
sel_scaf	161	255	42355970
sel_scaf	162	222	42355970
sel_scaf	163	221	42355970
sel_scaf	164	236	42355970
sel_scaf	165	235	42355970
sel_scaf	166	190	42355970
sel_scaf	167	237	42355970
sel_scaf	168	210	42355970
sel_scaf	169	216	42355970
sel_scaf	170	239	42355970
sel_scaf	171	218	42355970
sel_scaf	172	182	42355970
sel_scaf	173	156	42355970
sel_scaf	174	196	42355970
sel_scaf	175	190	42355970
sel_scaf	176	139	42355970
sel_scaf	177	165	42355970
sel_scaf	178	150	42355970
sel_scaf	179	168	42355970
sel_scaf	180	175	42355970
sel_scaf	181	190	42355970
sel_scaf	182	149	42355970
sel_scaf	183	191	42355970
sel_scaf	184	167	42355970
sel_scaf	185	162	42355970
sel_scaf	186	169	42355970
sel_scaf	187	150	42355970
sel_scaf	188	141	42355970
sel_scaf	189	146	42355970
sel_scaf	190	155	42355970
sel_scaf	191	150	42355970
sel_scaf	192	177	42355970
sel_scaf	193	163	42355970
sel_scaf	194	155	42355970
sel_scaf	195	161	42355970
sel_scaf	196	109	42355970
sel_scaf	197	110	42355970
sel_scaf	198	110	42355970
sel_scaf	199	89	42355970
sel_scaf	200	141	42355970
sel_scaf	201	135	42355970
sel_scaf	202	99	42355970
sel_scaf	203	95	42355970
sel_scaf	204	95	42355970
sel_scaf	205	87	42355970
sel_scaf	206	92	42355970
sel_scaf	207	95	42355970
sel_scaf	208	116	42355970
sel_scaf	209	86	42355970
sel_scaf	210	112	42355970
sel_scaf	211	126	42355970
sel_scaf	212	125	42355970
sel_scaf	213	143	42355970
sel_scaf	214	130	42355970
sel_scaf	215	115	42355970
sel_scaf	216	102	42355970
sel_scaf	217	178	42355970
sel_scaf	218	126	42355970
sel_scaf	219	140	42355970
sel_scaf	220	118	42355970
sel_scaf	221	118	42355970
sel_scaf	222	110	42355970
sel_scaf	223	146	42355970
sel_scaf	224	123	42355970
sel_scaf	225	135	42355970
sel_scaf	226	143	42355970
sel_scaf	227	142	42355970
sel_scaf	228	180	42355970
sel_scaf	229	128	42355970
sel_scaf	230	107	42355970
sel_scaf	231	114	42355970
sel_scaf	232	102	42355970
sel_scaf	233	117	42355970
sel_scaf	234	93	42355970
sel_scaf	235	110	42355970
sel_scaf	236	92	42355970
sel_scaf	237	75	42355970
sel_scaf	238	107	42355970
sel_scaf	239	110	42355970
sel_scaf	240	125	42355970
sel_scaf	241	124	42355970
sel_scaf	242	111	42355970
sel_scaf	243	81	42355970
sel_scaf	244	120	42355970
sel_scaf	245	124	42355970
sel_scaf	246	126	42355970
sel_scaf	247	104	42355970
sel_scaf	248	106	42355970
sel_scaf	249	72	42355970
sel_scaf	250	97	42355970
sel_scaf	251	99	42355970
sel_scaf	252	125	42355970
sel_scaf	253	109	42355970
sel_scaf	254	140	42355970
sel_scaf	255	120	42355970
sel_scaf	256	94	42355970
sel_scaf	257	112	42355970
sel_scaf	258	94	42355970
sel_scaf	259	108	42355970
sel_scaf	260	120	42355970
sel_scaf	261	94	42355970
sel_scaf	262	107	42355970
sel_scaf	263	108	42355970
sel_scaf	264	106	42355970
sel_scaf	265	95	42355970
sel_scaf	266	96	42355970
sel_scaf	267	87	42355970
sel_scaf	268	86	42355970
sel_scaf	269	76	42355970
sel_scaf	270	88	42355970
sel_scaf	271	61	42355970
sel_scaf	272	50	42355970
sel_scaf	273	50	42355970
sel_scaf	274	54	42355970
sel_scaf	275	57	42355970
sel_scaf	276	55	42355970
sel_scaf	277	62	42355970
sel_scaf	278	101	42355970
sel_scaf	279	69	42355970
sel_scaf	280	84	42355970
sel_scaf	281	76	42355970
sel_scaf	282	64	42355970
sel_scaf	283	55	42355970
sel_scaf	284	62	42355970
sel_scaf	285	44	42355970
sel_scaf	286	56	42355970
sel_scaf	287	67	42355970
sel_scaf	288	69	42355970
sel_scaf	289	71	42355970
sel_scaf	290	69	42355970
sel_scaf	291	106	42355970
sel_scaf	292	85	42355970
sel_scaf	293	61	42355970
sel_scaf	294	47	42355970
sel_scaf	295	67	42355970
sel_scaf	296	53	42355970
sel_scaf	297	55	42355970
sel_scaf	298	81	42355970
sel_scaf	299	59	42355970
sel_scaf	300	77	42355970
sel_scaf	301	34	42355970
sel_scaf	302	49	42355970
sel_scaf	303	39	42355970
sel_scaf	304	49	42355970
sel_scaf	305	69	42355970
sel_scaf	306	54	42355970
sel_scaf	307	46	42355970
sel_scaf	308	44	42355970
sel_scaf	309	46	42355970
sel_scaf	310	45	42355970
sel_scaf	311	52	42355970
sel_scaf	312	55	42355970
sel_scaf	313	51	42355970
sel_scaf	314	52	42355970
sel_scaf	315	78	42355970
sel_scaf	316	56	42355970
sel_scaf	317	63	42355970
sel_scaf	318	70	42355970
sel_scaf	319	62	42355970
sel_scaf	320	81	42355970
sel_scaf	321	64	42355970
sel_scaf	322	49	42355970
sel_scaf	323	60	42355970
sel_scaf	324	44	42355970
sel_scaf	325	40	42355970
sel_scaf	326	42	42355970
sel_scaf	327	49	42355970
sel_scaf	328	46	42355970
sel_scaf	329	34	42355970
sel_scaf	330	34	42355970
sel_scaf	331	39	42355970
sel_scaf	332	44	42355970
sel_scaf	333	34	42355970
sel_scaf	334	48	42355970
sel_scaf	335	44	42355970
sel_scaf	336	39	42355970
sel_scaf	337	39	42355970
sel_scaf	338	39	42355970
sel_scaf	339	33	42355970
sel_scaf	340	44	42355970
sel_scaf	341	33	42355970
sel_scaf	342	44	42355970
sel_scaf	343	27	42355970
sel_scaf	344	27	42355970
sel_scaf	345	32	42355970
sel_scaf	346	30	42355970
sel_scaf	347	25	42355970
sel_scaf	348	32	42355970
sel_scaf	349	44	42355970
sel_scaf	350	32	42355970
sel_scaf	351	35	42355970
sel_scaf	352	39	42355970
sel_scaf	353	26	42355970
sel_scaf	354	35	42355970
sel_scaf	355	44	42355970
sel_scaf	356	38	42355970
sel_scaf	357	43	42355970
sel_scaf	358	49	42355970
sel_scaf	359	38	42355970
sel_scaf	360	35	42355970
sel_scaf	361	40	42355970
sel_scaf	362	50	42355970
sel_scaf	363	26	42355970
sel_scaf	364	48	42355970
sel_scaf	365	37	42355970
sel_scaf	366	28	42355970
sel_scaf	367	27	42355970
sel_scaf	368	30	42355970
sel_scaf	369	30	42355970
sel_scaf	370	35	42355970
sel_scaf	371	21	42355970
sel_scaf	372	15	42355970
sel_scaf	373	22	42355970
sel_scaf	374	24	42355970
sel_scaf	375	24	42355970
sel_scaf	376	23	42355970
sel_scaf	377	28	42355970
sel_scaf	378	36	42355970
sel_scaf	379	19	42355970
sel_scaf	380	24	42355970
sel_scaf	381	31	42355970
sel_scaf	382	29	42355970
sel_scaf	383	27	42355970
sel_scaf	384	33	42355970
sel_scaf	385	38	42355970
sel_scaf	386	27	42355970
sel_scaf	387	40	42355970
sel_scaf	388	36	42355970
sel_scaf	389	40	42355970
sel_scaf	390	47	42355970
sel_scaf	391	21	42355970
sel_scaf	392	43	42355970
sel_scaf	393	27	42355970
sel_scaf	394	30	42355970
sel_scaf	395	22	42355970
sel_scaf	396	18	42355970
sel_scaf	397	26	42355970
sel_scaf	398	15	42355970
sel_scaf	399	20	42355970
sel_scaf	400	21	42355970
sel_scaf	401	20	42355970
sel_scaf	402	16	42355970
sel_scaf	403	11	42355970
sel_scaf	404	23	42355970
sel_scaf	405	19	42355970
sel_scaf	406	22	42355970
sel_scaf	407	25	42355970
sel_scaf	408	18	42355970
sel_scaf	409	20	42355970
sel_scaf	410	18	42355970
sel_scaf	411	33	42355970
sel_scaf	412	29	42355970
sel_scaf	413	15	42355970
sel_scaf	414	21	42355970
sel_scaf	415	31	42355970
sel_scaf	416	32	42355970
sel_scaf	417	23	42355970
sel_scaf	418	33	42355970
sel_scaf	419	23	42355970
sel_scaf	420	31	42355970
sel_scaf	421	25	42355970
sel_scaf	422	32	42355970
sel_scaf	423	28	42355970
sel_scaf	424	34	42355970
sel_scaf	425	33	42355970
sel_scaf	426	42	42355970
sel_scaf	427	27	42355970
sel_scaf	428	19	42355970
sel_scaf	429	24	42355970
sel_scaf	430	43	42355970
sel_scaf	431	30	42355970
sel_scaf	432	47	42355970
sel_scaf	433	23	42355970
sel_scaf	434	36	42355970
sel_scaf	435	18	42355970
sel_scaf	436	20	42355970
sel_scaf	437	17	42355970
sel_scaf	438	29	42355970
sel_scaf	439	29	42355970
sel_scaf	440	22	42355970
sel_scaf	441	28	42355970
sel_scaf	442	27	42355970
sel_scaf	443	21	42355970
sel_scaf	444	25	42355970
sel_scaf	445	35	42355970
sel_scaf	446	35	42355970
sel_scaf	447	26	42355970
sel_scaf	448	39	42355970
sel_scaf	449	18	42355970
sel_scaf	450	23	42355970
sel_scaf	451	20	42355970
sel_scaf	452	22	42355970
sel_scaf	453	34	42355970
sel_scaf	454	26	42355970
sel_scaf	455	13	42355970
sel_scaf	456	25	42355970
sel_scaf	457	13	42355970
sel_scaf	458	12	42355970
sel_scaf	459	12	42355970
sel_scaf	460	10	42355970
sel_scaf	461	14	42355970
sel_scaf	462	21	42355970
sel_scaf	463	9	42355970
sel_scaf	464	13	42355970
sel_scaf	465	16	42355970
sel_scaf	466	10	42355970
sel_scaf	467	17	42355970
sel_scaf	468	21	42355970
sel_scaf	469	21	42355970
sel_scaf	470	12	42355970
sel_scaf	471	15	42355970
sel_scaf	472	15	42355970
sel_scaf	473	24	42355970
sel_scaf	474	23	42355970
sel_scaf	475	33	42355970
sel_scaf	476	21	42355970
sel_scaf	477	17	42355970
sel_scaf	478	15	42355970
sel_scaf	479	24	42355970
sel_scaf	480	18	42355970
sel_scaf	481	17	42355970
sel_scaf	482	17	42355970
sel_scaf	483	14	42355970
sel_scaf	484	22	42355970
sel_scaf	485	11	42355970
sel_scaf	486	13	42355970
sel_scaf	487	28	42355970
sel_scaf	488	24	42355970
sel_scaf	489	12	42355970
sel_scaf	490	19	42355970
sel_scaf	491	15	42355970
sel_scaf	492	10	42355970
sel_scaf	493	5	42355970
sel_scaf	494	15	42355970
sel_scaf	495	10	42355970
sel_scaf	496	27	42355970
sel_scaf	497	25	42355970
sel_scaf	498	13	42355970
sel_scaf	499	15	42355970
sel_scaf	500	15	42355970
sel_scaf	501	11	42355970
sel_scaf	502	9	42355970
sel_scaf	503	13	42355970
sel_scaf	504	12	42355970
sel_scaf	505	16	42355970
sel_scaf	506	18	42355970
sel_scaf	507	9	42355970
sel_scaf	508	7	42355970
sel_scaf	509	11	42355970
sel_scaf	510	10	42355970
sel_scaf	511	8	42355970
sel_scaf	512	11	42355970
sel_scaf	513	11	42355970
sel_scaf	514	8	42355970
sel_scaf	515	15	42355970
sel_scaf	516	16	42355970
sel_scaf	517	14	42355970
sel_scaf	518	17	42355970
sel_scaf	519	21	42355970
sel_scaf	520	17	42355970
sel_scaf	521	23	42355970
sel_scaf	522	13	42355970
sel_scaf	523	8	42355970
sel_scaf	524	19	42355970
sel_scaf	525	12	42355970
sel_scaf	526	13	42355970
sel_scaf	527	17	42355970
sel_scaf	528	25	42355970
sel_scaf	529	15	42355970
sel_scaf	530	16	42355970
sel_scaf	531	10	42355970
sel_scaf	532	17	42355970
sel_scaf	533	9	42355970
sel_scaf	534	11	42355970
sel_scaf	535	11	42355970
sel_scaf	536	9	42355970
sel_scaf	537	10	42355970
sel_scaf	538	3	42355970
sel_scaf	539	10	42355970
sel_scaf	540	6	42355970
sel_scaf	541	11	42355970
sel_scaf	542	13	42355970
sel_scaf	543	5	42355970
sel_scaf	544	4	42355970
sel_scaf	545	12	42355970
sel_scaf	546	7	42355970
sel_scaf	547	8	42355970
sel_scaf	548	10	42355970
sel_scaf	549	17	42355970
sel_scaf	550	3	42355970
sel_scaf	551	14	42355970
sel_scaf	552	14	42355970
sel_scaf	553	7	42355970
sel_scaf	554	12	42355970
sel_scaf	555	9	42355970
sel_scaf	556	14	42355970
sel_scaf	557	12	42355970
sel_scaf	558	7	42355970
sel_scaf	559	5	42355970
sel_scaf	560	4	42355970
sel_scaf	561	7	42355970
sel_scaf	562	6	42355970
sel_scaf	563	8	42355970
sel_scaf	564	9	42355970
sel_scaf	565	9	42355970
sel_scaf	566	9	42355970
sel_scaf	567	13	42355970
sel_scaf	568	4	42355970
sel_scaf	569	10	42355970
sel_scaf	570	10	42355970
sel_scaf	571	8	42355970
sel_scaf	572	11	42355970
sel_scaf	573	13	42355970
sel_scaf	574	10	42355970
sel_scaf	575	14	42355970
sel_scaf	576	14	42355970
sel_scaf	577	15	42355970
sel_scaf	578	12	42355970
sel_scaf	579	8	42355970
sel_scaf	580	14	42355970
sel_scaf	581	8	42355970
sel_scaf	582	8	42355970
sel_scaf	583	7	42355970
sel_scaf	584	9	42355970
sel_scaf	585	9	42355970
sel_scaf	586	8	42355970
sel_scaf	587	7	42355970
sel_scaf	588	9	42355970
sel_scaf	589	7	42355970
sel_scaf	590	5	42355970
sel_scaf	591	9	42355970
sel_scaf	592	7	42355970
sel_scaf	593	5	42355970
sel_scaf	594	3	42355970
sel_scaf	595	7	42355970
sel_scaf	596	5	42355970
sel_scaf	597	2	42355970
sel_scaf	598	6	42355970
sel_scaf	599	5	42355970
sel_scaf	600	1	42355970
sel_scaf	601	3	42355970
sel_scaf	602	4	42355970
sel_scaf	603	1	42355970
sel_scaf	604	4	42355970
sel_scaf	605	5	42355970
sel_scaf	606	6	42355970
sel_scaf	607	5	42355970
sel_scaf	608	5	42355970
sel_scaf	609	5	42355970
sel_scaf	610	5	42355970
sel_scaf	611	1	42355970
sel_scaf	612	10	42355970
sel_scaf	613	6	42355970
sel_scaf	614	8	42355970
sel_scaf	615	7	42355970
sel_scaf	616	4	42355970
sel_scaf	617	5	42355970
sel_scaf	618	7	42355970
sel_scaf	619	1	42355970
sel_scaf	620	7	42355970
sel_scaf	621	5	42355970
sel_scaf	622	2	42355970
sel_scaf	623	5	42355970
sel_scaf	624	5	42355970
sel_scaf	626	6	42355970
sel_scaf	627	4	42355970
sel_scaf	628	2	42355970
sel_scaf	629	2	42355970
sel_scaf	630	4	42355970
sel_scaf	631	7	42355970
sel_scaf	632	8	42355970
sel_scaf	633	5	42355970
sel_scaf	634	6	42355970
sel_scaf	635	7	42355970
sel_scaf	636	8	42355970
sel_scaf	637	7	42355970
sel_scaf	638	6	42355970
sel_scaf	639	7	42355970
sel_scaf	640	5	42355970
sel_scaf	641	5	42355970
sel_scaf	643	1	42355970
sel_scaf	644	7	42355970
sel_scaf	645	2	42355970
sel_scaf	646	4	42355970
sel_scaf	647	1	42355970
sel_scaf	648	6	42355970
sel_scaf	649	7	42355970
sel_scaf	650	3	42355970
sel_scaf	651	4	42355970
sel_scaf	652	4	42355970
sel_scaf	653	8	42355970
sel_scaf	654	7	42355970
sel_scaf	655	6	42355970
sel_scaf	656	8	42355970
sel_scaf	657	6	42355970
sel_scaf	658	13	42355970
sel_scaf	659	23	42355970
sel_scaf	660	10	42355970
sel_scaf	661	9	42355970
sel_scaf	662	5	42355970
sel_scaf	663	8	42355970
sel_scaf	664	10	42355970
sel_scaf	665	12	42355970
sel_scaf	666	11	42355970
sel_scaf	667	10	42355970
sel_scaf	668	9	42355970
sel_scaf	669	8	42355970
sel_scaf	670	8	42355970
sel_scaf	671	8	42355970
sel_scaf	672	14	42355970
sel_scaf	673	13	42355970
sel_scaf	674	15	42355970
sel_scaf	675	17	42355970
sel_scaf	676	22	42355970
sel_scaf	677	14	42355970
sel_scaf	678	9	42355970
sel_scaf	679	22	42355970
sel_scaf	680	23	42355970
sel_scaf	681	13	42355970
sel_scaf	682	9	42355970
sel_scaf	683	11	42355970
sel_scaf	684	8	42355970
sel_scaf	685	5	42355970
sel_scaf	686	5	42355970
sel_scaf	687	8	42355970
sel_scaf	688	7	42355970
sel_scaf	689	4	42355970
sel_scaf	690	7	42355970
sel_scaf	691	9	42355970
sel_scaf	692	3	42355970
sel_scaf	693	1	42355970
sel_scaf	694	5	42355970
sel_scaf	695	4	42355970
sel_scaf	696	3	42355970
sel_scaf	697	3	42355970
sel_scaf	698	2	42355970
sel_scaf	699	6	42355970
sel_scaf	700	2	42355970
sel_scaf	701	4	42355970
sel_scaf	702	2	42355970
sel_scaf	703	3	42355970
sel_scaf	704	3	42355970
sel_scaf	705	3	42355970
sel_scaf	706	3	42355970
sel_scaf	708	1	42355970
sel_scaf	709	7	42355970
sel_scaf	710	1	42355970
sel_scaf	711	3	42355970
sel_scaf	712	4	42355970
sel_scaf	713	3	42355970
sel_scaf	714	4	42355970
sel_scaf	715	4	42355970
sel_scaf	716	7	42355970
sel_scaf	717	3	42355970
sel_scaf	718	1	42355970
sel_scaf	719	3	42355970
sel_scaf	720	3	42355970
sel_scaf	721	1	42355970
sel_scaf	722	2	42355970
sel_scaf	723	4	42355970
sel_scaf	724	1	42355970
sel_scaf	725	4	42355970
sel_scaf	726	4	42355970
sel_scaf	727	1	42355970
sel_scaf	728	9	42355970
sel_scaf	729	3	42355970
sel_scaf	730	3	42355970
sel_scaf	731	4	42355970
sel_scaf	732	6	42355970
sel_scaf	733	10	42355970
sel_scaf	734	3	42355970
sel_scaf	735	3	42355970
sel_scaf	736	5	42355970
sel_scaf	737	3	42355970
sel_scaf	738	5	42355970
sel_scaf	739	7	42355970
sel_scaf	740	7	42355970
sel_scaf	741	5	42355970
sel_scaf	742	3	42355970
sel_scaf	743	3	42355970
sel_scaf	744	8	42355970
sel_scaf	745	5	42355970
sel_scaf	746	3	42355970
sel_scaf	748	2	42355970
sel_scaf	749	3	42355970
sel_scaf	750	2	42355970
sel_scaf	751	5	42355970
sel_scaf	752	3	42355970
sel_scaf	753	6	42355970
sel_scaf	754	2	42355970
sel_scaf	755	4	42355970
sel_scaf	756	7	42355970
sel_scaf	757	5	42355970
sel_scaf	758	1	42355970
sel_scaf	759	4	42355970
sel_scaf	760	1	42355970
sel_scaf	761	2	42355970
sel_scaf	762	3	42355970
sel_scaf	763	3	42355970
sel_scaf	764	3	42355970
sel_scaf	765	2	42355970
sel_scaf	767	4	42355970
sel_scaf	769	3	42355970
sel_scaf	770	2	42355970
sel_scaf	771	3	42355970
sel_scaf	772	6	42355970
sel_scaf	773	3	42355970
sel_scaf	774	1	42355970
sel_scaf	775	4	42355970
sel_scaf	776	3	42355970
sel_scaf	777	2	42355970
sel_scaf	778	6	42355970
sel_scaf	779	5	42355970
sel_scaf	780	2	42355970
sel_scaf	781	8	42355970
sel_scaf	782	7	42355970
sel_scaf	783	9	42355970
sel_scaf	784	7	42355970
sel_scaf	785	9	42355970
sel_scaf	786	10	42355970
sel_scaf	787	6	42355970
sel_scaf	788	5	42355970
sel_scaf	789	2	42355970
sel_scaf	790	4	42355970
sel_scaf	791	2	42355970
sel_scaf	792	5	42355970
sel_scaf	794	1	42355970
sel_scaf	795	1	42355970
sel_scaf	796	2	42355970
sel_scaf	797	4	42355970
sel_scaf	798	1	42355970
sel_scaf	799	3	42355970
sel_scaf	800	2	42355970
sel_scaf	801	1	42355970
sel_scaf	803	1	42355970
sel_scaf	804	3	42355970
sel_scaf	805	3	42355970
sel_scaf	806	2	42355970
sel_scaf	807	3	42355970
sel_scaf	808	1	42355970
sel_scaf	809	1	42355970
sel_scaf	810	2	42355970
sel_scaf	812	2	42355970
sel_scaf	813	3	42355970
sel_scaf	814	5	42355970
sel_scaf	815	5	42355970
sel_scaf	816	3	42355970
sel_scaf	817	2	42355970
sel_scaf	818	1	42355970
sel_scaf	820	1	42355970
sel_scaf	821	2	42355970
sel_scaf	822	2	42355970
sel_scaf	823	3	42355970
sel_scaf	824	2	42355970
sel_scaf	825	2	42355970
sel_scaf	826	1	42355970
sel_scaf	827	2	42355970
sel_scaf	828	1	42355970
sel_scaf	829	1	42355970
sel_scaf	830	2	42355970
sel_scaf	831	2	42355970
sel_scaf	833	2	42355970
sel_scaf	834	1	42355970
sel_scaf	835	2	42355970
sel_scaf	836	2	42355970
sel_scaf	837	1	42355970
sel_scaf	838	3	42355970
sel_scaf	839	1	42355970
sel_scaf	840	4	42355970
sel_scaf	841	2	42355970
sel_scaf	842	4	42355970
sel_scaf	843	4	42355970
sel_scaf	844	1	42355970
sel_scaf	845	4	42355970
sel_scaf	846	3	42355970
sel_scaf	847	1	42355970
sel_scaf	848	1	42355970
sel_scaf	849	1	42355970
sel_scaf	851	3	42355970
sel_scaf	852	4	42355970
sel_scaf	853	10	42355970
sel_scaf	854	2	42355970
sel_scaf	855	1	42355970
sel_scaf	856	4	42355970
sel_scaf	857	5	42355970
sel_scaf	858	5	42355970
sel_scaf	859	1	42355970
sel_scaf	860	2	42355970
sel_scaf	861	1	42355970
sel_scaf	862	2	42355970
sel_scaf	863	1	42355970
sel_scaf	864	1	42355970
sel_scaf	866	4	42355970
sel_scaf	867	1	42355970
sel_scaf	868	3	42355970
sel_scaf	871	2	42355970
sel_scaf	872	1	42355970
sel_scaf	873	3	42355970
sel_scaf	875	1	42355970
sel_scaf	876	1	42355970
sel_scaf	877	5	42355970
sel_scaf	880	1	42355970
sel_scaf	882	1	42355970
sel_scaf	883	1	42355970
sel_scaf	884	2	42355970
sel_scaf	886	1	42355970
sel_scaf	887	4	42355970
sel_scaf	889	1	42355970
sel_scaf	890	1	42355970
sel_scaf	892	2	42355970
sel_scaf	893	3	42355970
sel_scaf	894	2	42355970
sel_scaf	896	1	42355970
sel_scaf	897	1	42355970
sel_scaf	898	1	42355970
sel_scaf	899	3	42355970
sel_scaf	900	1	42355970
sel_scaf	901	2	42355970
sel_scaf	902	1	42355970
sel_scaf	903	2	42355970
sel_scaf	904	1	42355970
sel_scaf	905	4	42355970
sel_scaf	906	3	42355970
sel_scaf	907	1	42355970
sel_scaf	908	4	42355970
sel_scaf	909	1	42355970
sel_scaf	910	5	42355970
sel_scaf	911	5	42355970
sel_scaf	913	2	42355970
sel_scaf	914	2	42355970
sel_scaf	915	2	42355970
sel_scaf	916	2	42355970
sel_scaf	917	4	42355970
sel_scaf	918	6	42355970
sel_scaf	919	2	42355970
sel_scaf	920	3	42355970
sel_scaf	921	3	42355970
sel_scaf	922	9	42355970
sel_scaf	923	2	42355970
sel_scaf	924	4	42355970
sel_scaf	925	7	42355970
sel_scaf	926	6	42355970
sel_scaf	927	4	42355970
sel_scaf	928	4	42355970
sel_scaf	929	4	42355970
sel_scaf	930	1	42355970
sel_scaf	932	8	42355970
sel_scaf	933	12	42355970
sel_scaf	934	14	42355970
sel_scaf	935	10	42355970
sel_scaf	936	1	42355970
sel_scaf	938	3	42355970
sel_scaf	939	4	42355970
sel_scaf	940	4	42355970
sel_scaf	941	5	42355970
sel_scaf	942	2	42355970
sel_scaf	943	5	42355970
sel_scaf	944	4	42355970
sel_scaf	945	2	42355970
sel_scaf	946	1	42355970
sel_scaf	947	1	42355970
sel_scaf	948	1	42355970
sel_scaf	950	2	42355970
sel_scaf	951	2	42355970
sel_scaf	952	4	42355970
sel_scaf	953	2	42355970
sel_scaf	955	5	42355970
sel_scaf	956	5	42355970
sel_scaf	957	3	42355970
sel_scaf	960	1	42355970
sel_scaf	961	1	42355970
sel_scaf	962	1	42355970
sel_scaf	963	3	42355970
sel_scaf	964	2	42355970
sel_scaf	966	1	42355970
sel_scaf	967	1	42355970
sel_scaf	968	1	42355970
sel_scaf	973	2	42355970
sel_scaf	975	1	42355970
sel_scaf	978	1	42355970
sel_scaf	979	1	42355970
sel_scaf	981	2	42355970
sel_scaf	983	1	42355970
sel_scaf	985	2	42355970
sel_scaf	986	2	42355970
sel_scaf	988	3	42355970
sel_scaf	991	2	42355970
sel_scaf	992	1	42355970
sel_scaf	993	1	42355970
sel_scaf	995	1	42355970
sel_scaf	996	1	42355970
sel_scaf	998	3	42355970
sel_scaf	1000	2	42355970
sel_scaf	1002	1	42355970
sel_scaf	1004	1	42355970
sel_scaf	1007	2	42355970
sel_scaf	1008	1	42355970
sel_scaf	1010	3	42355970
sel_scaf	1011	2	42355970
sel_scaf	1013	1	42355970
sel_scaf	1014	1	42355970
sel_scaf	1016	2	42355970
sel_scaf	1022	3	42355970
sel_scaf	1023	3	42355970
sel_scaf	1024	1	42355970
sel_scaf	1027	1	42355970
sel_scaf	1028	2	42355970
sel_scaf	1029	1	42355970
sel_scaf	1030	1	42355970
sel_scaf	1031	1	42355970
sel_scaf	1032	1	42355970
sel_scaf	1033	1	42355970
sel_scaf	1035	1	42355970
sel_scaf	1036	2	42355970
sel_scaf	1038	2	42355970
sel_scaf	1039	2	42355970
sel_scaf	1040	1	42355970
sel_scaf	1042	3	42355970
sel_scaf	1043	1	42355970
sel_scaf	1044	1	42355970
sel_scaf	1046	3	42355970
sel_scaf	1047	1	42355970
sel_scaf	1048	4	42355970
sel_scaf	1049	1	42355970
sel_scaf	1053	2	42355970
sel_scaf	1054	1	42355970
sel_scaf	1056	2	42355970
sel_scaf	1059	1	42355970
sel_scaf	1061	3	42355970
sel_scaf	1063	1	42355970
sel_scaf	1064	1	42355970
sel_scaf	1065	2	42355970
sel_scaf	1067	1	42355970
sel_scaf	1068	2	42355970
sel_scaf	1069	1	42355970
sel_scaf	1072	5	42355970
sel_scaf	1073	1	42355970
sel_scaf	1074	2	42355970
sel_scaf	1076	4	42355970
sel_scaf	1077	5	42355970
sel_scaf	1078	4	42355970
sel_scaf	1079	4	42355970
sel_scaf	1080	4	42355970
sel_scaf	1081	3	42355970
sel_scaf	1082	1	42355970
sel_scaf	1083	1	42355970
sel_scaf	1084	1	42355970
sel_scaf	1085	1	42355970
sel_scaf	1086	1	42355970
sel_scaf	1087	1	42355970
sel_scaf	1089	3	42355970
sel_scaf	1090	6	42355970
sel_scaf	1091	3	42355970
sel_scaf	1092	2	42355970
sel_scaf	1096	1	42355970
sel_scaf	1097	1	42355970
sel_scaf	1098	1	42355970
sel_scaf	1099	3	42355970
sel_scaf	1100	15	42355970
sel_scaf	1101	5	42355970
sel_scaf	1102	4	42355970
sel_scaf	1103	21	42355970
sel_scaf	1104	12	42355970
sel_scaf	1105	6	42355970
sel_scaf	1107	2	42355970
sel_scaf	1109	1	42355970
sel_scaf	1111	3	42355970
sel_scaf	1112	1	42355970
sel_scaf	1113	1	42355970
sel_scaf	1116	2	42355970
sel_scaf	1117	2	42355970
sel_scaf	1119	1	42355970
sel_scaf	1121	2	42355970
sel_scaf	1122	1	42355970
sel_scaf	1123	1	42355970
sel_scaf	1125	2	42355970
sel_scaf	1130	1	42355970
sel_scaf	1131	1	42355970
sel_scaf	1132	1	42355970
sel_scaf	1133	1	42355970
sel_scaf	1135	1	42355970
sel_scaf	1136	1	42355970
sel_scaf	1137	1	42355970
sel_scaf	1138	1	42355970
sel_scaf	1139	1	42355970
sel_scaf	1141	2	42355970
sel_scaf	1142	2	42355970
sel_scaf	1143	1	42355970
sel_scaf	1144	2	42355970
sel_scaf	1145	2	42355970
sel_scaf	1146	1	42355970
sel_scaf	1148	1	42355970
sel_scaf	1149	1	42355970
sel_scaf	1151	6	42355970
sel_scaf	1152	3	42355970
sel_scaf	1153	3	42355970
sel_scaf	1154	8	42355970
sel_scaf	1155	2	42355970
sel_scaf	1156	2	42355970
sel_scaf	1157	2	42355970
sel_scaf	1159	2	42355970
sel_scaf	1161	1	42355970
sel_scaf	1162	1	42355970
sel_scaf	1163	1	42355970
sel_scaf	1164	1	42355970
sel_scaf	1165	1	42355970
sel_scaf	1167	1	42355970
sel_scaf	1168	1	42355970
sel_scaf	1169	2	42355970
sel_scaf	1170	1	42355970
sel_scaf	1171	1	42355970
sel_scaf	1172	1	42355970
sel_scaf	1174	3	42355970
sel_scaf	1176	2	42355970
sel_scaf	1177	2	42355970
sel_scaf	1178	1	42355970
sel_scaf	1182	1	42355970
sel_scaf	1186	1	42355970
sel_scaf	1187	1	42355970
sel_scaf	1189	1	42355970
sel_scaf	1190	1	42355970
sel_scaf	1197	1	42355970
sel_scaf	1199	2	42355970
sel_scaf	1200	1	42355970
sel_scaf	1201	1	42355970
sel_scaf	1202	1	42355970
sel_scaf	1206	1	42355970
sel_scaf	1208	1	42355970
sel_scaf	1210	2	42355970
sel_scaf	1214	1	42355970
sel_scaf	1215	1	42355970
sel_scaf	1216	1	42355970
sel_scaf	1219	1	42355970
sel_scaf	1222	1	42355970
sel_scaf	1230	1	42355970
sel_scaf	1231	2	42355970
sel_scaf	1232	2	42355970
sel_scaf	1234	1	42355970
sel_scaf	1235	1	42355970
sel_scaf	1237	1	42355970
sel_scaf	1239	2	42355970
sel_scaf	1240	2	42355970
sel_scaf	1241	1	42355970
sel_scaf	1243	1	42355970
sel_scaf	1246	1	42355970
sel_scaf	1248	1	42355970
sel_scaf	1249	1	42355970
sel_scaf	1256	1	42355970
sel_scaf	1258	2	42355970
sel_scaf	1260	1	42355970
sel_scaf	1263	2	42355970
sel_scaf	1264	1	42355970
sel_scaf	1265	1	42355970
sel_scaf	1267	1	42355970
sel_scaf	1268	1	42355970
sel_scaf	1271	1	42355970
sel_scaf	1275	2	42355970
sel_scaf	1277	1	42355970
sel_scaf	1278	1	42355970
sel_scaf	1279	1	42355970
sel_scaf	1282	5	42355970
sel_scaf	1283	1	42355970
sel_scaf	1284	2	42355970
sel_scaf	1285	3	42355970
sel_scaf	1287	1	42355970
sel_scaf	1288	3	42355970
sel_scaf	1290	3	42355970
sel_scaf	1291	7	42355970
sel_scaf	1292	2	42355970
sel_scaf	1298	1	42355970
sel_scaf	1299	1	42355970
sel_scaf	1311	1	42355970
sel_scaf	1312	1	42355970
sel_scaf	1313	2	42355970
sel_scaf	1318	1	42355970
sel_scaf	1320	1	42355970
sel_scaf	1323	2	42355970
sel_scaf	1325	2	42355970
sel_scaf	1327	1	42355970
sel_scaf	1329	2	42355970
sel_scaf	1331	3	42355970
sel_scaf	1336	1	42355970
sel_scaf	1340	1	42355970
sel_scaf	1341	1	42355970
sel_scaf	1343	1	42355970
sel_scaf	1348	1	42355970
sel_scaf	1352	1	42355970
sel_scaf	1355	1	42355970
sel_scaf	1360	2	42355970
sel_scaf	1364	1	42355970
sel_scaf	1365	2	42355970
sel_scaf	1366	2	42355970
sel_scaf	1367	2	42355970
sel_scaf	1371	1	42355970
sel_scaf	1372	1	42355970
sel_scaf	1373	1	42355970
sel_scaf	1376	1	42355970
sel_scaf	1378	1	42355970
sel_scaf	1379	1	42355970
sel_scaf	1380	1	42355970
sel_scaf	1387	2	42355970
sel_scaf	1389	2	42355970
sel_scaf	1394	1	42355970
sel_scaf	1395	1	42355970
sel_scaf	1400	1	42355970
sel_scaf	1401	1	42355970
sel_scaf	1402	1	42355970
sel_scaf	1403	1	42355970
sel_scaf	1405	1	42355970
sel_scaf	1407	1	42355970
sel_scaf	1412	1	42355970
sel_scaf	1415	1	42355970
sel_scaf	1418	2	42355970
sel_scaf	1420	1	42355970
sel_scaf	1421	1	42355970
sel_scaf	1423	1	42355970
sel_scaf	1424	1	42355970
sel_scaf	1431	1	42355970
sel_scaf	1434	1	42355970
sel_scaf	1435	1	42355970
sel_scaf	1436	1	42355970
sel_scaf	1437	2	42355970
sel_scaf	1440	1	42355970
sel_scaf	1441	1	42355970
sel_scaf	1442	1	42355970
sel_scaf	1446	1	42355970
sel_scaf	1447	2	42355970
sel_scaf	1453	1	42355970
sel_scaf	1456	2	42355970
sel_scaf	1459	1	42355970
sel_scaf	1460	1	42355970
sel_scaf	1461	1	42355970
sel_scaf	1462	2	42355970
sel_scaf	1464	1	42355970
sel_scaf	1469	1	42355970
sel_scaf	1472	1	42355970
sel_scaf	1476	1	42355970
sel_scaf	1477	1	42355970
sel_scaf	1479	1	42355970
sel_scaf	1482	3	42355970
sel_scaf	1485	1	42355970
sel_scaf	1489	1	42355970
sel_scaf	1491	1	42355970
sel_scaf	1493	3	42355970
sel_scaf	1496	2	42355970
sel_scaf	1503	1	42355970
sel_scaf	1513	1	42355970
sel_scaf	1514	1	42355970
sel_scaf	1515	1	42355970
sel_scaf	1518	1	42355970
sel_scaf	1520	2	42355970
sel_scaf	1524	1	42355970
sel_scaf	1527	1	42355970
sel_scaf	1529	1	42355970
sel_scaf	1530	1	42355970
sel_scaf	1531	3	42355970
sel_scaf	1533	2	42355970
sel_scaf	1534	1	42355970
sel_scaf	1535	1	42355970
sel_scaf	1537	2	42355970
sel_scaf	1538	1	42355970
sel_scaf	1539	4	42355970
sel_scaf	1540	2	42355970
sel_scaf	1541	6	42355970
sel_scaf	1542	20	42355970
sel_scaf	1543	12	42355970
sel_scaf	1544	3	42355970
sel_scaf	1547	2	42355970
sel_scaf	1549	1	42355970
sel_scaf	1551	1	42355970
sel_scaf	1553	1	42355970
sel_scaf	1559	1	42355970
sel_scaf	1560	1	42355970
sel_scaf	1562	1	42355970
sel_scaf	1563	1	42355970
sel_scaf	1565	1	42355970
sel_scaf	1566	1	42355970
sel_scaf	1569	1	42355970
sel_scaf	1571	1	42355970
sel_scaf	1577	1	42355970
sel_scaf	1578	1	42355970
sel_scaf	1581	2	42355970
sel_scaf	1583	1	42355970
sel_scaf	1584	1	42355970
sel_scaf	1585	7	42355970
sel_scaf	1586	5	42355970
sel_scaf	1587	1	42355970
sel_scaf	1588	8	42355970
sel_scaf	1589	9	42355970
sel_scaf	1590	6	42355970
sel_scaf	1591	3	42355970
sel_scaf	1595	1	42355970
sel_scaf	1599	1	42355970
sel_scaf	1602	1	42355970
sel_scaf	1605	1	42355970
sel_scaf	1607	1	42355970
sel_scaf	1608	1	42355970
sel_scaf	1610	1	42355970
sel_scaf	1612	1	42355970
sel_scaf	1617	2	42355970
sel_scaf	1619	1	42355970
sel_scaf	1621	1	42355970
sel_scaf	1628	1	42355970
sel_scaf	1633	1	42355970
sel_scaf	1635	1	42355970
sel_scaf	1636	1	42355970
sel_scaf	1638	1	42355970
sel_scaf	1641	1	42355970
sel_scaf	1645	1	42355970
sel_scaf	1646	1	42355970
sel_scaf	1651	1	42355970
sel_scaf	1653	1	42355970
sel_scaf	1658	1	42355970
sel_scaf	1664	1	42355970
sel_scaf	1665	1	42355970
sel_scaf	1666	1	42355970
sel_scaf	1667	2	42355970
sel_scaf	1668	1	42355970
sel_scaf	1669	1	42355970
sel_scaf	1671	1	42355970
sel_scaf	1673	1	42355970
sel_scaf	1675	1	42355970
sel_scaf	1680	1	42355970
sel_scaf	1688	1	42355970
sel_scaf	1689	1	42355970
sel_scaf	1691	1	42355970
sel_scaf	1695	1	42355970
sel_scaf	1696	1	42355970
sel_scaf	1697	1	42355970
sel_scaf	1703	1	42355970
sel_scaf	1704	2	42355970
sel_scaf	1706	1	42355970
sel_scaf	1707	1	42355970
sel_scaf	1709	1	42355970
sel_scaf	1712	2	42355970
sel_scaf	1715	1	42355970
sel_scaf	1716	1	42355970
sel_scaf	1718	1	42355970
sel_scaf	1722	1	42355970
sel_scaf	1724	1	42355970
sel_scaf	1728	1	42355970
sel_scaf	1732	1	42355970
sel_scaf	1734	1	42355970
sel_scaf	1735	2	42355970
sel_scaf	1736	1	42355970
sel_scaf	1740	1	42355970
sel_scaf	1744	1	42355970
sel_scaf	1745	1	42355970
sel_scaf	1746	1	42355970
sel_scaf	1748	2	42355970
sel_scaf	1749	2	42355970
sel_scaf	1751	1	42355970
sel_scaf	1753	1	42355970
sel_scaf	1754	1	42355970
sel_scaf	1756	1	42355970
sel_scaf	1760	1	42355970
sel_scaf	1769	2	42355970
sel_scaf	1770	1	42355970
sel_scaf	1773	2	42355970
sel_scaf	1780	1	42355970
sel_scaf	1788	1	42355970
sel_scaf	1789	2	42355970
sel_scaf	1792	1	42355970
sel_scaf	1793	1	42355970
sel_scaf	1796	1	42355970
sel_scaf	1798	1	42355970
sel_scaf	1800	1	42355970
sel_scaf	1803	1	42355970
sel_scaf	1807	1	42355970
sel_scaf	1808	1	42355970
sel_scaf	1812	1	42355970
sel_scaf	1815	1	42355970
sel_scaf	1816	1	42355970
sel_scaf	1817	1	42355970
sel_scaf	1820	1	42355970
sel_scaf	1825	1	42355970
sel_scaf	1829	1	42355970
sel_scaf	1830	1	42355970
sel_scaf	1831	1	42355970
sel_scaf	1834	1	42355970
sel_scaf	1841	1	42355970
sel_scaf	1844	1	42355970
sel_scaf	1849	1	42355970
sel_scaf	1850	1	42355970
sel_scaf	1853	1	42355970
sel_scaf	1858	2	42355970
sel_scaf	1860	2	42355970
sel_scaf	1862	1	42355970
sel_scaf	1864	1	42355970
sel_scaf	1865	3	42355970
sel_scaf	1872	1	42355970
sel_scaf	1883	1	42355970
sel_scaf	1884	1	42355970
sel_scaf	1886	1	42355970
sel_scaf	1887	2	42355970
sel_scaf	1889	1	42355970
sel_scaf	1892	1	42355970
sel_scaf	1893	1	42355970
sel_scaf	1894	1	42355970
sel_scaf	1895	1	42355970
sel_scaf	1896	1	42355970
sel_scaf	1903	2	42355970
sel_scaf	1904	1	42355970
sel_scaf	1905	3	42355970
sel_scaf	1909	1	42355970
sel_scaf	1910	1	42355970
sel_scaf	1911	1	42355970
sel_scaf	1915	1	42355970
sel_scaf	1919	1	42355970
sel_scaf	1921	1	42355970
sel_scaf	1922	1	42355970
sel_scaf	1927	1	42355970
sel_scaf	1928	2	42355970
sel_scaf	1933	1	42355970
sel_scaf	1934	3	42355970
sel_scaf	1947	1	42355970
sel_scaf	1952	1	42355970
sel_scaf	1954	1	42355970
sel_scaf	1955	1	42355970
sel_scaf	1958	1	42355970
sel_scaf	1959	1	42355970
sel_scaf	1960	1	42355970
sel_scaf	1961	1	42355970
sel_scaf	1964	1	42355970
sel_scaf	1968	1	42355970
sel_scaf	1969	1	42355970
sel_scaf	1971	1	42355970
sel_scaf	1972	1	42355970
sel_scaf	1974	1	42355970
sel_scaf	1979	1	42355970
sel_scaf	1981	1	42355970
sel_scaf	1982	1	42355970
sel_scaf	1985	2	42355970
sel_scaf	1992	1	42355970
sel_scaf	2001	2	42355970
sel_scaf	2002	1	42355970
sel_scaf	2006	1	42355970
sel_scaf	2007	1	42355970
sel_scaf	2009	1	42355970
sel_scaf	2014	1	42355970
sel_scaf	2015	1	42355970
sel_scaf	2016	1	42355970
sel_scaf	2024	2	42355970
sel_scaf	2025	1	42355970
sel_scaf	2026	2	42355970
sel_scaf	2027	12	42355970
sel_scaf	2028	5	42355970
sel_scaf	2029	9	42355970
sel_scaf	2030	1	42355970
sel_scaf	2031	1	42355970
sel_scaf	2032	2	42355970
sel_scaf	2033	13	42355970
sel_scaf	2034	4	42355970
sel_scaf	2038	1	42355970
sel_scaf	2040	2	42355970
sel_scaf	2042	1	42355970
sel_scaf	2047	2	42355970
sel_scaf	2053	1	42355970
sel_scaf	2054	1	42355970
sel_scaf	2060	1	42355970
sel_scaf	2063	2	42355970
sel_scaf	2066	1	42355970
sel_scaf	2068	1	42355970
sel_scaf	2069	1	42355970
sel_scaf	2070	2	42355970
sel_scaf	2074	2	42355970
sel_scaf	2075	3	42355970
sel_scaf	2079	6	42355970
sel_scaf	2080	1	42355970
sel_scaf	2081	3	42355970
sel_scaf	2082	4	42355970
sel_scaf	2083	10	42355970
sel_scaf	2084	7	42355970
sel_scaf	2085	22	42355970
sel_scaf	2086	10	42355970
sel_scaf	2090	1	42355970
sel_scaf	2091	2	42355970
sel_scaf	2102	2	42355970
sel_scaf	2103	1	42355970
sel_scaf	2110	1	42355970
sel_scaf	2111	1	42355970
sel_scaf	2112	1	42355970
sel_scaf	2113	1	42355970
sel_scaf	2116	1	42355970
sel_scaf	2117	1	42355970
sel_scaf	2118	1	42355970
sel_scaf	2124	1	42355970
sel_scaf	2125	1	42355970
sel_scaf	2131	1	42355970
sel_scaf	2133	1	42355970
sel_scaf	2138	1	42355970
sel_scaf	2140	1	42355970
sel_scaf	2142	1	42355970
sel_scaf	2143	2	42355970
sel_scaf	2144	1	42355970
sel_scaf	2151	1	42355970
sel_scaf	2154	2	42355970
sel_scaf	2155	1	42355970
sel_scaf	2158	2	42355970
sel_scaf	2160	2	42355970
sel_scaf	2161	1	42355970
sel_scaf	2162	2	42355970
sel_scaf	2163	1	42355970
sel_scaf	2165	2	42355970
sel_scaf	2166	1	42355970
sel_scaf	2167	1	42355970
sel_scaf	2169	1	42355970
sel_scaf	2171	1	42355970
sel_scaf	2177	2	42355970
sel_scaf	2179	1	42355970
sel_scaf	2184	1	42355970
sel_scaf	2186	2	42355970
sel_scaf	2189	2	42355970
sel_scaf	2193	1	42355970
sel_scaf	2195	1	42355970
sel_scaf	2198	1	42355970
sel_scaf	2199	1	42355970
sel_scaf	2206	1	42355970
sel_scaf	2207	2	42355970
sel_scaf	2208	2	42355970
sel_scaf	2209	1	42355970
sel_scaf	2217	1	42355970
sel_scaf	2220	1	42355970
sel_scaf	2221	1	42355970
sel_scaf	2222	1	42355970
sel_scaf	2233	1	42355970
sel_scaf	2236	3	42355970
sel_scaf	2242	1	42355970
sel_scaf	2244	1	42355970
sel_scaf	2246	1	42355970
sel_scaf	2248	1	42355970
sel_scaf	2249	2	42355970
sel_scaf	2250	1	42355970
sel_scaf	2255	1	42355970
sel_scaf	2258	1	42355970
sel_scaf	2261	1	42355970
sel_scaf	2263	1	42355970
sel_scaf	2264	1	42355970
sel_scaf	2272	1	42355970
sel_scaf	2275	1	42355970
sel_scaf	2276	1	42355970
sel_scaf	2279	1	42355970
sel_scaf	2285	1	42355970
sel_scaf	2286	2	42355970
sel_scaf	2288	2	42355970
sel_scaf	2293	2	42355970
sel_scaf	2294	1	42355970
sel_scaf	2297	1	42355970
sel_scaf	2300	1	42355970
sel_scaf	2301	2	42355970
sel_scaf	2303	1	42355970
sel_scaf	2306	1	42355970
sel_scaf	2308	1	42355970
sel_scaf	2309	1	42355970
sel_scaf	2314	1	42355970
sel_scaf	2321	2	42355970
sel_scaf	2326	1	42355970
sel_scaf	2327	1	42355970
sel_scaf	2332	1	42355970
sel_scaf	2338	1	42355970
sel_scaf	2340	1	42355970
sel_scaf	2341	1	42355970
sel_scaf	2346	1	42355970
sel_scaf	2348	2	42355970
sel_scaf	2349	1	42355970
sel_scaf	2350	1	42355970
sel_scaf	2353	1	42355970
sel_scaf	2356	1	42355970
sel_scaf	2357	2	42355970
sel_scaf	2358	2	42355970
sel_scaf	2360	1	42355970
sel_scaf	2364	1	42355970
sel_scaf	2365	1	42355970
sel_scaf	2367	2	42355970
sel_scaf	2368	3	42355970
sel_scaf	2369	2	42355970
sel_scaf	2370	1	42355970
sel_scaf	2371	1	42355970
sel_scaf	2374	1	42355970
sel_scaf	2380	1	42355970
sel_scaf	2386	1	42355970
sel_scaf	2389	1	42355970
sel_scaf	2392	1	42355970
sel_scaf	2394	2	42355970
sel_scaf	2396	1	42355970
sel_scaf	2399	2	42355970
sel_scaf	2405	1	42355970
sel_scaf	2406	1	42355970
sel_scaf	2407	2	42355970
sel_scaf	2410	1	42355970
sel_scaf	2413	1	42355970
sel_scaf	2414	1	42355970
sel_scaf	2423	1	42355970
sel_scaf	2424	1	42355970
sel_scaf	2428	1	42355970
sel_scaf	2430	1	42355970
sel_scaf	2436	3	42355970
sel_scaf	2437	1	42355970
sel_scaf	2439	1	42355970
sel_scaf	2440	1	42355970
sel_scaf	2442	1	42355970
sel_scaf	2445	1	42355970
sel_scaf	2446	3	42355970
sel_scaf	2447	1	42355970
sel_scaf	2451	1	42355970
sel_scaf	2455	1	42355970
sel_scaf	2459	2	42355970
sel_scaf	2464	1	42355970
sel_scaf	2466	2	42355970
sel_scaf	2468	1	42355970
sel_scaf	2473	1	42355970
sel_scaf	2476	1	42355970
sel_scaf	2477	1	42355970
sel_scaf	2482	1	42355970
sel_scaf	2485	1	42355970
sel_scaf	2487	1	42355970
sel_scaf	2488	1	42355970
sel_scaf	2489	1	42355970
sel_scaf	2491	1	42355970
sel_scaf	2492	1	42355970
sel_scaf	2493	1	42355970
sel_scaf	2494	3	42355970
sel_scaf	2495	1	42355970
sel_scaf	2496	2	42355970
sel_scaf	2498	1	42355970
sel_scaf	2501	1	42355970
sel_scaf	2503	1	42355970
sel_scaf	2504	1	42355970
sel_scaf	2505	1	42355970
sel_scaf	2506	1	42355970
sel_scaf	2507	3	42355970
sel_scaf	2508	1	42355970
sel_scaf	2511	3	42355970
sel_scaf	2513	1	42355970
sel_scaf	2514	1	42355970
sel_scaf	2515	2	42355970
sel_scaf	2516	2	42355970
sel_scaf	2517	1	42355970
sel_scaf	2519	2	42355970
sel_scaf	2521	1	42355970
sel_scaf	2522	3	42355970
sel_scaf	2524	1	42355970
sel_scaf	2525	1	42355970
sel_scaf	2526	1	42355970
sel_scaf	2528	3	42355970
sel_scaf	2529	1	42355970
sel_scaf	2530	1	42355970
sel_scaf	2531	2	42355970
sel_scaf	2534	2	42355970
sel_scaf	2537	3	42355970
sel_scaf	2539	1	42355970
sel_scaf	2540	2	42355970
sel_scaf	2542	3	42355970
sel_scaf	2543	1	42355970
sel_scaf	2544	2	42355970
sel_scaf	2547	1	42355970
sel_scaf	2548	1	42355970
sel_scaf	2550	1	42355970
sel_scaf	2551	2	42355970
sel_scaf	2553	1	42355970
sel_scaf	2555	1	42355970
sel_scaf	2556	2	42355970
sel_scaf	2557	1	42355970
sel_scaf	2558	1	42355970
sel_scaf	2560	2	42355970
sel_scaf	2561	2	42355970
sel_scaf	2562	2	42355970
sel_scaf	2563	1	42355970
sel_scaf	2564	1	42355970
sel_scaf	2567	1	42355970
sel_scaf	2568	1	42355970
sel_scaf	2569	1	42355970
sel_scaf	2570	1	42355970
sel_scaf	2572	2	42355970
sel_scaf	2573	1	42355970
sel_scaf	2574	2	42355970
sel_scaf	2575	1	42355970
sel_scaf	2576	1	42355970
sel_scaf	2577	2	42355970
sel_scaf	2578	3	42355970
sel_scaf	2579	1	42355970
sel_scaf	2580	6	42355970
sel_scaf	2581	1	42355970
sel_scaf	2582	1	42355970
sel_scaf	2584	1	42355970
sel_scaf	2585	2	42355970
sel_scaf	2586	7	42355970
sel_scaf	2588	1	42355970
sel_scaf	2589	2	42355970
sel_scaf	2591	3	42355970
sel_scaf	2592	1	42355970
sel_scaf	2593	1	42355970
sel_scaf	2595	1	42355970
sel_scaf	2596	4	42355970
sel_scaf	2597	2	42355970
sel_scaf	2598	2	42355970
sel_scaf	2599	1	42355970
sel_scaf	2600	5	42355970
sel_scaf	2601	1	42355970
sel_scaf	2606	1	42355970
sel_scaf	2609	1	42355970
sel_scaf	2612	1	42355970
sel_scaf	2614	1	42355970
sel_scaf	2616	1	42355970
sel_scaf	2617	1	42355970
sel_scaf	2619	2	42355970
sel_scaf	2624	1	42355970
sel_scaf	2627	1	42355970
sel_scaf	2628	2	42355970
sel_scaf	2629	2	42355970
sel_scaf	2635	1	42355970
sel_scaf	2636	1	42355970
sel_scaf	2638	1	42355970
sel_scaf	2639	1	42355970
sel_scaf	2642	1	42355970
sel_scaf	2643	1	42355970
sel_scaf	2647	1	42355970
sel_scaf	2648	1	42355970
sel_scaf	2651	1	42355970
sel_scaf	2653	1	42355970
sel_scaf	2656	1	42355970
sel_scaf	2657	1	42355970
sel_scaf	2658	2	42355970
sel_scaf	2660	1	42355970
sel_scaf	2663	1	42355970
sel_scaf	2666	1	42355970
sel_scaf	2668	1	42355970
sel_scaf	2669	1	42355970
sel_scaf	2671	1	42355970
sel_scaf	2672	1	42355970
sel_scaf	2675	1	42355970
sel_scaf	2676	1	42355970
sel_scaf	2678	1	42355970
sel_scaf	2682	2	42355970
sel_scaf	2683	1	42355970
sel_scaf	2686	1	42355970
sel_scaf	2687	1	42355970
sel_scaf	2689	1	42355970
sel_scaf	2692	1	42355970
sel_scaf	2693	1	42355970
sel_scaf	2697	2	42355970
sel_scaf	2699	1	42355970
sel_scaf	2701	1	42355970
sel_scaf	2710	1	42355970
sel_scaf	2711	2	42355970
sel_scaf	2713	1	42355970
sel_scaf	2717	1	42355970
sel_scaf	2718	1	42355970
sel_scaf	2723	1	42355970
sel_scaf	2729	1	42355970
sel_scaf	2733	1	42355970
sel_scaf	2739	1	42355970
sel_scaf	2740	1	42355970
sel_scaf	2744	1	42355970
sel_scaf	2756	1	42355970
sel_scaf	2760	1	42355970
sel_scaf	2761	1	42355970
sel_scaf	2768	1	42355970
sel_scaf	2772	1	42355970
sel_scaf	2777	1	42355970
sel_scaf	2778	2	42355970
sel_scaf	2781	1	42355970
sel_scaf	2783	1	42355970
sel_scaf	2785	1	42355970
sel_scaf	2793	1	42355970
sel_scaf	2794	1	42355970
sel_scaf	2805	2	42355970
sel_scaf	2821	1	42355970
sel_scaf	2822	1	42355970
sel_scaf	2823	1	42355970
sel_scaf	2825	1	42355970
sel_scaf	2830	1	42355970
sel_scaf	2850	1	42355970
sel_scaf	2851	1	42355970
sel_scaf	2854	2	42355970
sel_scaf	2867	1	42355970
sel_scaf	2869	1	42355970
sel_scaf	2870	1	42355970
sel_scaf	2872	1	42355970
sel_scaf	2881	2	42355970
sel_scaf	2886	1	42355970
sel_scaf	2896	1	42355970
sel_scaf	2906	1	42355970
sel_scaf	2908	1	42355970
sel_scaf	2915	1	42355970
sel_scaf	2920	1	42355970
sel_scaf	2923	1	42355970
sel_scaf	2926	1	42355970
sel_scaf	2930	2	42355970
sel_scaf	2939	1	42355970
sel_scaf	2946	1	42355970
sel_scaf	2947	1	42355970
sel_scaf	2951	1	42355970
sel_scaf	2961	1	42355970
sel_scaf	2970	1	42355970
sel_scaf	2971	1	42355970
sel_scaf	2975	1	42355970
sel_scaf	2983	2	42355970
sel_scaf	2984	1	42355970
sel_scaf	2987	1	42355970
sel_scaf	2998	1	42355970
sel_scaf	3006	1	42355970
sel_scaf	3008	1	42355970
sel_scaf	3010	1	42355970
sel_scaf	3022	2	42355970
sel_scaf	3025	1	42355970
sel_scaf	3027	1	42355970
sel_scaf	3032	1	42355970
sel_scaf	3033	1	42355970
sel_scaf	3035	1	42355970
sel_scaf	3044	1	42355970
sel_scaf	3046	1	42355970
sel_scaf	3048	1	42355970
sel_scaf	3050	1	42355970
sel_scaf	3055	1	42355970
sel_scaf	3056	1	42355970
sel_scaf	3058	1	42355970
sel_scaf	3063	1	42355970
sel_scaf	3067	1	42355970
sel_scaf	3072	1	42355970
sel_scaf	3074	1	42355970
sel_scaf	3077	1	42355970
sel_scaf	3079	1	42355970
sel_scaf	3087	1	42355970
sel_scaf	3088	1	42355970
sel_scaf	3089	1	42355970
sel_scaf	3095	1	42355970
sel_scaf	3096	1	42355970
sel_scaf	3107	2	42355970
sel_scaf	3108	1	42355970
sel_scaf	3119	2	42355970
sel_scaf	3125	1	42355970
sel_scaf	3127	1	42355970
sel_scaf	3128	2	42355970
sel_scaf	3133	1	42355970
sel_scaf	3143	3	42355970
sel_scaf	3144	4	42355970
sel_scaf	3146	3	42355970
sel_scaf	3147	1	42355970
sel_scaf	3155	1	42355970
sel_scaf	3159	1	42355970
sel_scaf	3161	1	42355970
sel_scaf	3162	1	42355970
sel_scaf	3165	1	42355970
sel_scaf	3172	1	42355970
sel_scaf	3174	1	42355970
sel_scaf	3179	1	42355970
sel_scaf	3180	1	42355970
sel_scaf	3182	1	42355970
sel_scaf	3184	1	42355970
sel_scaf	3185	1	42355970
sel_scaf	3186	1	42355970
sel_scaf	3189	1	42355970
sel_scaf	3197	1	42355970
sel_scaf	3199	1	42355970
sel_scaf	3204	1	42355970
sel_scaf	3212	1	42355970
sel_scaf	3225	1	42355970
sel_scaf	3231	1	42355970
sel_scaf	3243	1	42355970
sel_scaf	3250	1	42355970
sel_scaf	3251	1	42355970
sel_scaf	3269	2	42355970
sel_scaf	3271	1	42355970
sel_scaf	3293	1	42355970
sel_scaf	3300	1	42355970
sel_scaf	3304	1	42355970
sel_scaf	3311	1	42355970
sel_scaf	3317	1	42355970
sel_scaf	3329	2	42355970
sel_scaf	3330	1	42355970
sel_scaf	3331	1	42355970
sel_scaf	3339	1	42355970
sel_scaf	3347	1	42355970
sel_scaf	3353	1	42355970
sel_scaf	3354	1	42355970
sel_scaf	3367	1	42355970
sel_scaf	3371	1	42355970
sel_scaf	3380	1	42355970
sel_scaf	3389	1	42355970
sel_scaf	3400	1	42355970
sel_scaf	3404	1	42355970
sel_scaf	3415	1	42355970
sel_scaf	3420	1	42355970
sel_scaf	3424	1	42355970
sel_scaf	3432	2	42355970
sel_scaf	3435	1	42355970
sel_scaf	3438	1	42355970
sel_scaf	3443	1	42355970
sel_scaf	3446	1	42355970
sel_scaf	3458	1	42355970
sel_scaf	3461	1	42355970
sel_scaf	3462	1	42355970
sel_scaf	3465	1	42355970
sel_scaf	3471	1	42355970
sel_scaf	3490	1	42355970
sel_scaf	3491	1	42355970
sel_scaf	3517	1	42355970
sel_scaf	3525	1	42355970
sel_scaf	3531	1	42355970
sel_scaf	3547	1	42355970
sel_scaf	3556	1	42355970
sel_scaf	3575	1	42355970
sel_scaf	3580	1	42355970
sel_scaf	3592	1	42355970
sel_scaf	3593	1	42355970
sel_scaf	3600	1	42355970
sel_scaf	3616	1	42355970
sel_scaf	3624	1	42355970
sel_scaf	3636	1	42355970
sel_scaf	3637	2	42355970
sel_scaf	3644	1	42355970
sel_scaf	3647	1	42355970
sel_scaf	3653	1	42355970
sel_scaf	3661	1	42355970
sel_scaf	3668	2	42355970
sel_scaf	3675	1	42355970
sel_scaf	3677	1	42355970
sel_scaf	3701	1	42355970
sel_scaf	3702	1	42355970
sel_scaf	3704	2	42355970
sel_scaf	3713	1	42355970
sel_scaf	3714	1	42355970
sel_scaf	3732	1	42355970
sel_scaf	3733	1	42355970
sel_scaf	3734	1	42355970
sel_scaf	3735	1	42355970
sel_scaf	3736	1	42355970
sel_scaf	3741	1	42355970
sel_scaf	3746	1	42355970
sel_scaf	3747	1	42355970
sel_scaf	3748	2	42355970
sel_scaf	3749	2	42355970
sel_scaf	3750	4	42355970
sel_scaf	3753	1	42355970
sel_scaf	3755	2	42355970
sel_scaf	3766	1	42355970
sel_scaf	3768	1	42355970
sel_scaf	3769	1	42355970
sel_scaf	3770	1	42355970
sel_scaf	3771	2	42355970
sel_scaf	3775	1	42355970
sel_scaf	3795	1	42355970
sel_scaf	3797	1	42355970
sel_scaf	3801	2	42355970
sel_scaf	3806	1	42355970
sel_scaf	3809	1	42355970
sel_scaf	3812	1	42355970
sel_scaf	3814	1	42355970
sel_scaf	3822	1	42355970
sel_scaf	3833	1	42355970
sel_scaf	3838	2	42355970
sel_scaf	3839	1	42355970
sel_scaf	3846	1	42355970
sel_scaf	3850	1	42355970
sel_scaf	3867	1	42355970
sel_scaf	3868	1	42355970
sel_scaf	3870	2	42355970
sel_scaf	3885	1	42355970
sel_scaf	3889	1	42355970
sel_scaf	3892	1	42355970
sel_scaf	3893	1	42355970
sel_scaf	3902	1	42355970
sel_scaf	3908	1	42355970
sel_scaf	3910	2	42355970
sel_scaf	3912	1	42355970
sel_scaf	3918	1	42355970
sel_scaf	3921	1	42355970
sel_scaf	3924	1	42355970
sel_scaf	3926	1	42355970
sel_scaf	3933	1	42355970
sel_scaf	3935	1	42355970
sel_scaf	3937	1	42355970
sel_scaf	3938	1	42355970
sel_scaf	3940	1	42355970
sel_scaf	3944	2	42355970
sel_scaf	3946	1	42355970
sel_scaf	3949	1	42355970
sel_scaf	3950	1	42355970
sel_scaf	3953	1	42355970
sel_scaf	3954	1	42355970
sel_scaf	3955	7	42355970
sel_scaf	3956	1	42355970
sel_scaf	3957	6	42355970
sel_scaf	3958	10	42355970
sel_scaf	3959	12	42355970
sel_scaf	3960	9	42355970
sel_scaf	3961	1	42355970
sel_scaf	3962	1	42355970
sel_scaf	3970	1	42355970
sel_scaf	3982	2	42355970
sel_scaf	3999	1	42355970
sel_scaf	4002	1	42355970
sel_scaf	4008	1	42355970
sel_scaf	4015	1	42355970
sel_scaf	4016	1	42355970
sel_scaf	4019	1	42355970
sel_scaf	4027	1	42355970
sel_scaf	4033	1	42355970
sel_scaf	4034	1	42355970
sel_scaf	4036	1	42355970
sel_scaf	4042	2	42355970
sel_scaf	4047	1	42355970
sel_scaf	4048	2	42355970
sel_scaf	4054	2	42355970
sel_scaf	4085	1	42355970
sel_scaf	4291	1	42355970
sel_scaf	4358	1	42355970
sel_scaf	4439	1	42355970
sel_scaf	4529	1	42355970
sel_scaf	4559	1	42355970
sel_scaf	4682	1	42355970
sel_scaf	4830	1	42355970
sel_scaf	5003	1	42355970
sel_scaf	5034	1	42355970
sel_scaf	5068	1	42355970
sel_scaf	5097	1	42355970
sel_scaf	5118	1	42355970
sel_scaf	5146	1	42355970
sel_scaf	5182	1	42355970
sel_scaf	5362	1	42355970
sel_scaf	5388	1	42355970
sel_scaf	5475	1	42355970
sel_scaf	5527	1	42355970
sel_scaf	5529	1	42355970
sel_scaf	5670	1	42355970
sel_scaf	5676	1	42355970
sel_scaf	5691	1	42355970
sel_scaf	5719	1	42355970
sel_scaf	5730	1	42355970
sel_scaf	5733	1	42355970
sel_scaf	5740	1	42355970
sel_scaf	5748	1	42355970
sel_scaf	5755	1	42355970
sel_scaf	5804	1	42355970
sel_scaf	5816	1	42355970
sel_scaf	5826	1	42355970
sel_scaf	5831	1	42355970
sel_scaf	5834	3	42355970
