feature	depth	Nsites	totalNsites
sel_scaf	0	6297722	42355970
sel_scaf	1	814175	42355970
sel_scaf	2	549808	42355970
sel_scaf	3	505220	42355970
sel_scaf	4	496022	42355970
sel_scaf	5	509493	42355970
sel_scaf	6	522125	42355970
sel_scaf	7	539795	42355970
sel_scaf	8	561591	42355970
sel_scaf	9	586868	42355970
sel_scaf	10	624499	42355970
sel_scaf	11	654428	42355970
sel_scaf	12	686621	42355970
sel_scaf	13	726112	42355970
sel_scaf	14	752225	42355970
sel_scaf	15	781347	42355970
sel_scaf	16	804876	42355970
sel_scaf	17	822448	42355970
sel_scaf	18	835799	42355970
sel_scaf	19	847068	42355970
sel_scaf	20	854727	42355970
sel_scaf	21	862648	42355970
sel_scaf	22	865432	42355970
sel_scaf	23	871948	42355970
sel_scaf	24	885029	42355970
sel_scaf	25	896417	42355970
sel_scaf	26	909051	42355970
sel_scaf	27	924144	42355970
sel_scaf	28	938570	42355970
sel_scaf	29	955280	42355970
sel_scaf	30	965772	42355970
sel_scaf	31	971258	42355970
sel_scaf	32	968958	42355970
sel_scaf	33	963316	42355970
sel_scaf	34	944879	42355970
sel_scaf	35	923235	42355970
sel_scaf	36	893123	42355970
sel_scaf	37	846873	42355970
sel_scaf	38	800981	42355970
sel_scaf	39	747591	42355970
sel_scaf	40	692183	42355970
sel_scaf	41	632608	42355970
sel_scaf	42	571563	42355970
sel_scaf	43	512434	42355970
sel_scaf	44	453788	42355970
sel_scaf	45	398689	42355970
sel_scaf	46	346212	42355970
sel_scaf	47	298384	42355970
sel_scaf	48	251477	42355970
sel_scaf	49	212634	42355970
sel_scaf	50	177592	42355970
sel_scaf	51	146158	42355970
sel_scaf	52	119558	42355970
sel_scaf	53	97295	42355970
sel_scaf	54	77609	42355970
sel_scaf	55	63105	42355970
sel_scaf	56	50974	42355970
sel_scaf	57	40776	42355970
sel_scaf	58	32776	42355970
sel_scaf	59	26653	42355970
sel_scaf	60	21494	42355970
sel_scaf	61	17583	42355970
sel_scaf	62	14188	42355970
sel_scaf	63	11867	42355970
sel_scaf	64	9986	42355970
sel_scaf	65	8482	42355970
sel_scaf	66	7394	42355970
sel_scaf	67	6202	42355970
sel_scaf	68	5480	42355970
sel_scaf	69	4973	42355970
sel_scaf	70	4416	42355970
sel_scaf	71	4276	42355970
sel_scaf	72	3848	42355970
sel_scaf	73	3474	42355970
sel_scaf	74	3272	42355970
sel_scaf	75	3196	42355970
sel_scaf	76	3001	42355970
sel_scaf	77	2614	42355970
sel_scaf	78	2439	42355970
sel_scaf	79	2574	42355970
sel_scaf	80	2349	42355970
sel_scaf	81	2172	42355970
sel_scaf	82	2251	42355970
sel_scaf	83	2144	42355970
sel_scaf	84	2064	42355970
sel_scaf	85	1947	42355970
sel_scaf	86	2030	42355970
sel_scaf	87	1959	42355970
sel_scaf	88	1994	42355970
sel_scaf	89	1781	42355970
sel_scaf	90	1707	42355970
sel_scaf	91	1701	42355970
sel_scaf	92	1611	42355970
sel_scaf	93	1575	42355970
sel_scaf	94	1530	42355970
sel_scaf	95	1563	42355970
sel_scaf	96	1529	42355970
sel_scaf	97	1487	42355970
sel_scaf	98	1499	42355970
sel_scaf	99	1528	42355970
sel_scaf	100	1572	42355970
sel_scaf	101	1578	42355970
sel_scaf	102	1334	42355970
sel_scaf	103	1241	42355970
sel_scaf	104	1164	42355970
sel_scaf	105	1170	42355970
sel_scaf	106	1076	42355970
sel_scaf	107	1106	42355970
sel_scaf	108	1137	42355970
sel_scaf	109	964	42355970
sel_scaf	110	1088	42355970
sel_scaf	111	949	42355970
sel_scaf	112	859	42355970
sel_scaf	113	895	42355970
sel_scaf	114	868	42355970
sel_scaf	115	837	42355970
sel_scaf	116	804	42355970
sel_scaf	117	785	42355970
sel_scaf	118	720	42355970
sel_scaf	119	721	42355970
sel_scaf	120	694	42355970
sel_scaf	121	699	42355970
sel_scaf	122	639	42355970
sel_scaf	123	627	42355970
sel_scaf	124	700	42355970
sel_scaf	125	604	42355970
sel_scaf	126	573	42355970
sel_scaf	127	524	42355970
sel_scaf	128	518	42355970
sel_scaf	129	530	42355970
sel_scaf	130	547	42355970
sel_scaf	131	470	42355970
sel_scaf	132	451	42355970
sel_scaf	133	418	42355970
sel_scaf	134	442	42355970
sel_scaf	135	458	42355970
sel_scaf	136	432	42355970
sel_scaf	137	418	42355970
sel_scaf	138	390	42355970
sel_scaf	139	383	42355970
sel_scaf	140	497	42355970
sel_scaf	141	429	42355970
sel_scaf	142	410	42355970
sel_scaf	143	376	42355970
sel_scaf	144	409	42355970
sel_scaf	145	380	42355970
sel_scaf	146	386	42355970
sel_scaf	147	434	42355970
sel_scaf	148	420	42355970
sel_scaf	149	437	42355970
sel_scaf	150	376	42355970
sel_scaf	151	336	42355970
sel_scaf	152	337	42355970
sel_scaf	153	368	42355970
sel_scaf	154	383	42355970
sel_scaf	155	344	42355970
sel_scaf	156	362	42355970
sel_scaf	157	392	42355970
sel_scaf	158	340	42355970
sel_scaf	159	326	42355970
sel_scaf	160	323	42355970
sel_scaf	161	381	42355970
sel_scaf	162	388	42355970
sel_scaf	163	338	42355970
sel_scaf	164	311	42355970
sel_scaf	165	281	42355970
sel_scaf	166	346	42355970
sel_scaf	167	286	42355970
sel_scaf	168	300	42355970
sel_scaf	169	279	42355970
sel_scaf	170	287	42355970
sel_scaf	171	315	42355970
sel_scaf	172	296	42355970
sel_scaf	173	293	42355970
sel_scaf	174	266	42355970
sel_scaf	175	278	42355970
sel_scaf	176	293	42355970
sel_scaf	177	248	42355970
sel_scaf	178	318	42355970
sel_scaf	179	289	42355970
sel_scaf	180	252	42355970
sel_scaf	181	278	42355970
sel_scaf	182	246	42355970
sel_scaf	183	253	42355970
sel_scaf	184	214	42355970
sel_scaf	185	276	42355970
sel_scaf	186	257	42355970
sel_scaf	187	271	42355970
sel_scaf	188	198	42355970
sel_scaf	189	232	42355970
sel_scaf	190	248	42355970
sel_scaf	191	215	42355970
sel_scaf	192	229	42355970
sel_scaf	193	234	42355970
sel_scaf	194	212	42355970
sel_scaf	195	241	42355970
sel_scaf	196	225	42355970
sel_scaf	197	191	42355970
sel_scaf	198	198	42355970
sel_scaf	199	235	42355970
sel_scaf	200	193	42355970
sel_scaf	201	193	42355970
sel_scaf	202	209	42355970
sel_scaf	203	193	42355970
sel_scaf	204	190	42355970
sel_scaf	205	199	42355970
sel_scaf	206	175	42355970
sel_scaf	207	202	42355970
sel_scaf	208	197	42355970
sel_scaf	209	155	42355970
sel_scaf	210	134	42355970
sel_scaf	211	145	42355970
sel_scaf	212	167	42355970
sel_scaf	213	141	42355970
sel_scaf	214	173	42355970
sel_scaf	215	153	42355970
sel_scaf	216	140	42355970
sel_scaf	217	164	42355970
sel_scaf	218	155	42355970
sel_scaf	219	164	42355970
sel_scaf	220	150	42355970
sel_scaf	221	121	42355970
sel_scaf	222	125	42355970
sel_scaf	223	105	42355970
sel_scaf	224	152	42355970
sel_scaf	225	106	42355970
sel_scaf	226	112	42355970
sel_scaf	227	84	42355970
sel_scaf	228	92	42355970
sel_scaf	229	91	42355970
sel_scaf	230	121	42355970
sel_scaf	231	100	42355970
sel_scaf	232	108	42355970
sel_scaf	233	112	42355970
sel_scaf	234	107	42355970
sel_scaf	235	87	42355970
sel_scaf	236	128	42355970
sel_scaf	237	78	42355970
sel_scaf	238	86	42355970
sel_scaf	239	75	42355970
sel_scaf	240	86	42355970
sel_scaf	241	89	42355970
sel_scaf	242	94	42355970
sel_scaf	243	96	42355970
sel_scaf	244	101	42355970
sel_scaf	245	103	42355970
sel_scaf	246	109	42355970
sel_scaf	247	89	42355970
sel_scaf	248	77	42355970
sel_scaf	249	94	42355970
sel_scaf	250	83	42355970
sel_scaf	251	77	42355970
sel_scaf	252	105	42355970
sel_scaf	253	87	42355970
sel_scaf	254	96	42355970
sel_scaf	255	100	42355970
sel_scaf	256	95	42355970
sel_scaf	257	87	42355970
sel_scaf	258	73	42355970
sel_scaf	259	78	42355970
sel_scaf	260	60	42355970
sel_scaf	261	70	42355970
sel_scaf	262	83	42355970
sel_scaf	263	113	42355970
sel_scaf	264	57	42355970
sel_scaf	265	70	42355970
sel_scaf	266	77	42355970
sel_scaf	267	74	42355970
sel_scaf	268	65	42355970
sel_scaf	269	74	42355970
sel_scaf	270	63	42355970
sel_scaf	271	59	42355970
sel_scaf	272	44	42355970
sel_scaf	273	42	42355970
sel_scaf	274	62	42355970
sel_scaf	275	72	42355970
sel_scaf	276	96	42355970
sel_scaf	277	84	42355970
sel_scaf	278	66	42355970
sel_scaf	279	91	42355970
sel_scaf	280	64	42355970
sel_scaf	281	95	42355970
sel_scaf	282	52	42355970
sel_scaf	283	51	42355970
sel_scaf	284	45	42355970
sel_scaf	285	56	42355970
sel_scaf	286	44	42355970
sel_scaf	287	42	42355970
sel_scaf	288	53	42355970
sel_scaf	289	37	42355970
sel_scaf	290	43	42355970
sel_scaf	291	54	42355970
sel_scaf	292	63	42355970
sel_scaf	293	53	42355970
sel_scaf	294	49	42355970
sel_scaf	295	58	42355970
sel_scaf	296	54	42355970
sel_scaf	297	42	42355970
sel_scaf	298	41	42355970
sel_scaf	299	27	42355970
sel_scaf	300	25	42355970
sel_scaf	301	29	42355970
sel_scaf	302	36	42355970
sel_scaf	303	41	42355970
sel_scaf	304	31	42355970
sel_scaf	305	36	42355970
sel_scaf	306	39	42355970
sel_scaf	307	34	42355970
sel_scaf	308	39	42355970
sel_scaf	309	33	42355970
sel_scaf	310	40	42355970
sel_scaf	311	37	42355970
sel_scaf	312	45	42355970
sel_scaf	313	48	42355970
sel_scaf	314	48	42355970
sel_scaf	315	50	42355970
sel_scaf	316	64	42355970
sel_scaf	317	43	42355970
sel_scaf	318	57	42355970
sel_scaf	319	42	42355970
sel_scaf	320	48	42355970
sel_scaf	321	51	42355970
sel_scaf	322	28	42355970
sel_scaf	323	35	42355970
sel_scaf	324	39	42355970
sel_scaf	325	40	42355970
sel_scaf	326	24	42355970
sel_scaf	327	32	42355970
sel_scaf	328	27	42355970
sel_scaf	329	35	42355970
sel_scaf	330	40	42355970
sel_scaf	331	39	42355970
sel_scaf	332	26	42355970
sel_scaf	333	34	42355970
sel_scaf	334	35	42355970
sel_scaf	335	22	42355970
sel_scaf	336	20	42355970
sel_scaf	337	32	42355970
sel_scaf	338	28	42355970
sel_scaf	339	39	42355970
sel_scaf	340	21	42355970
sel_scaf	341	30	42355970
sel_scaf	342	34	42355970
sel_scaf	343	23	42355970
sel_scaf	344	23	42355970
sel_scaf	345	20	42355970
sel_scaf	346	32	42355970
sel_scaf	347	20	42355970
sel_scaf	348	31	42355970
sel_scaf	349	28	42355970
sel_scaf	350	36	42355970
sel_scaf	351	30	42355970
sel_scaf	352	35	42355970
sel_scaf	353	26	42355970
sel_scaf	354	31	42355970
sel_scaf	355	28	42355970
sel_scaf	356	26	42355970
sel_scaf	357	32	42355970
sel_scaf	358	27	42355970
sel_scaf	359	23	42355970
sel_scaf	360	22	42355970
sel_scaf	361	29	42355970
sel_scaf	362	21	42355970
sel_scaf	363	24	42355970
sel_scaf	364	27	42355970
sel_scaf	365	28	42355970
sel_scaf	366	25	42355970
sel_scaf	367	26	42355970
sel_scaf	368	35	42355970
sel_scaf	369	16	42355970
sel_scaf	370	35	42355970
sel_scaf	371	27	42355970
sel_scaf	372	27	42355970
sel_scaf	373	19	42355970
sel_scaf	374	15	42355970
sel_scaf	375	19	42355970
sel_scaf	376	18	42355970
sel_scaf	377	24	42355970
sel_scaf	378	16	42355970
sel_scaf	379	25	42355970
sel_scaf	380	25	42355970
sel_scaf	381	14	42355970
sel_scaf	382	15	42355970
sel_scaf	383	27	42355970
sel_scaf	384	26	42355970
sel_scaf	385	16	42355970
sel_scaf	386	9	42355970
sel_scaf	387	22	42355970
sel_scaf	388	32	42355970
sel_scaf	389	42	42355970
sel_scaf	390	40	42355970
sel_scaf	391	40	42355970
sel_scaf	392	28	42355970
sel_scaf	393	25	42355970
sel_scaf	394	26	42355970
sel_scaf	395	13	42355970
sel_scaf	396	23	42355970
sel_scaf	397	15	42355970
sel_scaf	398	27	42355970
sel_scaf	399	23	42355970
sel_scaf	400	21	42355970
sel_scaf	401	36	42355970
sel_scaf	402	22	42355970
sel_scaf	403	18	42355970
sel_scaf	404	20	42355970
sel_scaf	405	27	42355970
sel_scaf	406	19	42355970
sel_scaf	407	18	42355970
sel_scaf	408	18	42355970
sel_scaf	409	11	42355970
sel_scaf	410	46	42355970
sel_scaf	411	71	42355970
sel_scaf	412	52	42355970
sel_scaf	413	31	42355970
sel_scaf	414	17	42355970
sel_scaf	415	17	42355970
sel_scaf	416	20	42355970
sel_scaf	417	27	42355970
sel_scaf	418	24	42355970
sel_scaf	419	19	42355970
sel_scaf	420	28	42355970
sel_scaf	421	26	42355970
sel_scaf	422	21	42355970
sel_scaf	423	16	42355970
sel_scaf	424	22	42355970
sel_scaf	425	25	42355970
sel_scaf	426	28	42355970
sel_scaf	427	20	42355970
sel_scaf	428	17	42355970
sel_scaf	429	16	42355970
sel_scaf	430	19	42355970
sel_scaf	431	11	42355970
sel_scaf	432	11	42355970
sel_scaf	433	18	42355970
sel_scaf	434	16	42355970
sel_scaf	435	20	42355970
sel_scaf	436	20	42355970
sel_scaf	437	8	42355970
sel_scaf	438	6	42355970
sel_scaf	439	13	42355970
sel_scaf	440	14	42355970
sel_scaf	441	14	42355970
sel_scaf	442	12	42355970
sel_scaf	443	14	42355970
sel_scaf	444	20	42355970
sel_scaf	445	16	42355970
sel_scaf	446	22	42355970
sel_scaf	447	16	42355970
sel_scaf	448	21	42355970
sel_scaf	449	17	42355970
sel_scaf	450	20	42355970
sel_scaf	451	23	42355970
sel_scaf	452	7	42355970
sel_scaf	453	12	42355970
sel_scaf	454	17	42355970
sel_scaf	455	21	42355970
sel_scaf	456	9	42355970
sel_scaf	457	22	42355970
sel_scaf	458	18	42355970
sel_scaf	459	12	42355970
sel_scaf	460	18	42355970
sel_scaf	461	17	42355970
sel_scaf	462	15	42355970
sel_scaf	463	25	42355970
sel_scaf	464	17	42355970
sel_scaf	465	11	42355970
sel_scaf	466	11	42355970
sel_scaf	467	12	42355970
sel_scaf	468	18	42355970
sel_scaf	469	20	42355970
sel_scaf	470	17	42355970
sel_scaf	471	12	42355970
sel_scaf	472	17	42355970
sel_scaf	473	27	42355970
sel_scaf	474	11	42355970
sel_scaf	475	26	42355970
sel_scaf	476	15	42355970
sel_scaf	477	14	42355970
sel_scaf	478	20	42355970
sel_scaf	479	30	42355970
sel_scaf	480	27	42355970
sel_scaf	481	19	42355970
sel_scaf	482	30	42355970
sel_scaf	483	28	42355970
sel_scaf	484	22	42355970
sel_scaf	485	23	42355970
sel_scaf	486	11	42355970
sel_scaf	487	9	42355970
sel_scaf	488	18	42355970
sel_scaf	489	26	42355970
sel_scaf	490	27	42355970
sel_scaf	491	25	42355970
sel_scaf	492	20	42355970
sel_scaf	493	33	42355970
sel_scaf	494	25	42355970
sel_scaf	495	4	42355970
sel_scaf	496	9	42355970
sel_scaf	497	9	42355970
sel_scaf	498	12	42355970
sel_scaf	499	12	42355970
sel_scaf	500	13	42355970
sel_scaf	501	9	42355970
sel_scaf	502	19	42355970
sel_scaf	503	12	42355970
sel_scaf	504	13	42355970
sel_scaf	505	24	42355970
sel_scaf	506	11	42355970
sel_scaf	507	8	42355970
sel_scaf	508	11	42355970
sel_scaf	509	9	42355970
sel_scaf	510	11	42355970
sel_scaf	511	12	42355970
sel_scaf	512	10	42355970
sel_scaf	513	19	42355970
sel_scaf	514	12	42355970
sel_scaf	515	18	42355970
sel_scaf	516	12	42355970
sel_scaf	517	19	42355970
sel_scaf	518	12	42355970
sel_scaf	519	15	42355970
sel_scaf	520	11	42355970
sel_scaf	521	11	42355970
sel_scaf	522	16	42355970
sel_scaf	523	13	42355970
sel_scaf	524	13	42355970
sel_scaf	525	19	42355970
sel_scaf	526	23	42355970
sel_scaf	527	22	42355970
sel_scaf	528	13	42355970
sel_scaf	529	17	42355970
sel_scaf	530	9	42355970
sel_scaf	531	10	42355970
sel_scaf	532	12	42355970
sel_scaf	533	9	42355970
sel_scaf	534	13	42355970
sel_scaf	535	9	42355970
sel_scaf	536	10	42355970
sel_scaf	537	10	42355970
sel_scaf	538	14	42355970
sel_scaf	539	4	42355970
sel_scaf	540	10	42355970
sel_scaf	541	3	42355970
sel_scaf	542	2	42355970
sel_scaf	543	9	42355970
sel_scaf	544	4	42355970
sel_scaf	545	8	42355970
sel_scaf	546	3	42355970
sel_scaf	547	10	42355970
sel_scaf	548	8	42355970
sel_scaf	549	8	42355970
sel_scaf	550	7	42355970
sel_scaf	551	8	42355970
sel_scaf	552	4	42355970
sel_scaf	553	6	42355970
sel_scaf	554	6	42355970
sel_scaf	555	11	42355970
sel_scaf	556	8	42355970
sel_scaf	557	9	42355970
sel_scaf	558	16	42355970
sel_scaf	559	19	42355970
sel_scaf	560	10	42355970
sel_scaf	561	10	42355970
sel_scaf	562	7	42355970
sel_scaf	563	8	42355970
sel_scaf	564	8	42355970
sel_scaf	565	8	42355970
sel_scaf	566	10	42355970
sel_scaf	567	8	42355970
sel_scaf	568	11	42355970
sel_scaf	569	12	42355970
sel_scaf	570	5	42355970
sel_scaf	571	9	42355970
sel_scaf	572	11	42355970
sel_scaf	573	8	42355970
sel_scaf	574	5	42355970
sel_scaf	575	13	42355970
sel_scaf	576	6	42355970
sel_scaf	577	8	42355970
sel_scaf	578	8	42355970
sel_scaf	579	12	42355970
sel_scaf	580	2	42355970
sel_scaf	581	9	42355970
sel_scaf	582	10	42355970
sel_scaf	583	6	42355970
sel_scaf	584	11	42355970
sel_scaf	585	16	42355970
sel_scaf	586	11	42355970
sel_scaf	587	12	42355970
sel_scaf	588	8	42355970
sel_scaf	589	11	42355970
sel_scaf	590	4	42355970
sel_scaf	591	6	42355970
sel_scaf	592	11	42355970
sel_scaf	593	10	42355970
sel_scaf	594	16	42355970
sel_scaf	595	8	42355970
sel_scaf	596	5	42355970
sel_scaf	597	13	42355970
sel_scaf	598	7	42355970
sel_scaf	599	5	42355970
sel_scaf	600	4	42355970
sel_scaf	601	3	42355970
sel_scaf	602	3	42355970
sel_scaf	603	4	42355970
sel_scaf	604	3	42355970
sel_scaf	605	6	42355970
sel_scaf	606	7	42355970
sel_scaf	607	5	42355970
sel_scaf	608	4	42355970
sel_scaf	609	2	42355970
sel_scaf	610	7	42355970
sel_scaf	611	8	42355970
sel_scaf	612	10	42355970
sel_scaf	613	4	42355970
sel_scaf	614	11	42355970
sel_scaf	615	6	42355970
sel_scaf	616	4	42355970
sel_scaf	617	8	42355970
sel_scaf	618	4	42355970
sel_scaf	619	4	42355970
sel_scaf	620	4	42355970
sel_scaf	621	2	42355970
sel_scaf	622	7	42355970
sel_scaf	623	5	42355970
sel_scaf	624	5	42355970
sel_scaf	625	10	42355970
sel_scaf	626	7	42355970
sel_scaf	627	4	42355970
sel_scaf	628	4	42355970
sel_scaf	629	3	42355970
sel_scaf	630	3	42355970
sel_scaf	631	6	42355970
sel_scaf	632	8	42355970
sel_scaf	633	5	42355970
sel_scaf	634	4	42355970
sel_scaf	635	5	42355970
sel_scaf	636	8	42355970
sel_scaf	637	2	42355970
sel_scaf	638	5	42355970
sel_scaf	639	15	42355970
sel_scaf	640	10	42355970
sel_scaf	641	8	42355970
sel_scaf	642	12	42355970
sel_scaf	643	11	42355970
sel_scaf	644	11	42355970
sel_scaf	645	7	42355970
sel_scaf	646	5	42355970
sel_scaf	647	2	42355970
sel_scaf	648	4	42355970
sel_scaf	649	3	42355970
sel_scaf	650	5	42355970
sel_scaf	651	3	42355970
sel_scaf	652	4	42355970
sel_scaf	653	3	42355970
sel_scaf	654	8	42355970
sel_scaf	655	3	42355970
sel_scaf	656	5	42355970
sel_scaf	657	6	42355970
sel_scaf	658	8	42355970
sel_scaf	659	5	42355970
sel_scaf	660	8	42355970
sel_scaf	661	4	42355970
sel_scaf	662	3	42355970
sel_scaf	663	2	42355970
sel_scaf	664	5	42355970
sel_scaf	665	2	42355970
sel_scaf	666	6	42355970
sel_scaf	667	1	42355970
sel_scaf	668	4	42355970
sel_scaf	669	4	42355970
sel_scaf	671	3	42355970
sel_scaf	672	4	42355970
sel_scaf	673	5	42355970
sel_scaf	674	6	42355970
sel_scaf	675	5	42355970
sel_scaf	676	3	42355970
sel_scaf	677	6	42355970
sel_scaf	678	5	42355970
sel_scaf	679	5	42355970
sel_scaf	680	3	42355970
sel_scaf	681	4	42355970
sel_scaf	682	6	42355970
sel_scaf	683	4	42355970
sel_scaf	684	1	42355970
sel_scaf	685	6	42355970
sel_scaf	686	3	42355970
sel_scaf	687	4	42355970
sel_scaf	688	9	42355970
sel_scaf	689	12	42355970
sel_scaf	690	2	42355970
sel_scaf	691	3	42355970
sel_scaf	692	5	42355970
sel_scaf	693	6	42355970
sel_scaf	694	4	42355970
sel_scaf	695	4	42355970
sel_scaf	696	6	42355970
sel_scaf	697	5	42355970
sel_scaf	698	6	42355970
sel_scaf	699	6	42355970
sel_scaf	700	6	42355970
sel_scaf	701	2	42355970
sel_scaf	702	3	42355970
sel_scaf	703	1	42355970
sel_scaf	704	6	42355970
sel_scaf	705	6	42355970
sel_scaf	706	1	42355970
sel_scaf	707	2	42355970
sel_scaf	708	3	42355970
sel_scaf	709	1	42355970
sel_scaf	711	1	42355970
sel_scaf	712	3	42355970
sel_scaf	713	2	42355970
sel_scaf	714	1	42355970
sel_scaf	715	1	42355970
sel_scaf	716	2	42355970
sel_scaf	719	4	42355970
sel_scaf	720	2	42355970
sel_scaf	721	3	42355970
sel_scaf	722	1	42355970
sel_scaf	723	3	42355970
sel_scaf	724	4	42355970
sel_scaf	725	1	42355970
sel_scaf	726	3	42355970
sel_scaf	727	5	42355970
sel_scaf	728	3	42355970
sel_scaf	729	2	42355970
sel_scaf	730	1	42355970
sel_scaf	731	2	42355970
sel_scaf	732	2	42355970
sel_scaf	733	2	42355970
sel_scaf	734	4	42355970
sel_scaf	735	3	42355970
sel_scaf	736	2	42355970
sel_scaf	737	2	42355970
sel_scaf	738	4	42355970
sel_scaf	739	2	42355970
sel_scaf	740	1	42355970
sel_scaf	741	3	42355970
sel_scaf	742	3	42355970
sel_scaf	743	5	42355970
sel_scaf	744	3	42355970
sel_scaf	745	4	42355970
sel_scaf	746	5	42355970
sel_scaf	747	2	42355970
sel_scaf	748	6	42355970
sel_scaf	749	4	42355970
sel_scaf	750	2	42355970
sel_scaf	751	4	42355970
sel_scaf	752	1	42355970
sel_scaf	753	2	42355970
sel_scaf	754	1	42355970
sel_scaf	755	2	42355970
sel_scaf	756	2	42355970
sel_scaf	757	2	42355970
sel_scaf	758	2	42355970
sel_scaf	759	6	42355970
sel_scaf	760	3	42355970
sel_scaf	761	1	42355970
sel_scaf	762	3	42355970
sel_scaf	763	3	42355970
sel_scaf	764	1	42355970
sel_scaf	765	2	42355970
sel_scaf	766	3	42355970
sel_scaf	767	1	42355970
sel_scaf	768	1	42355970
sel_scaf	769	2	42355970
sel_scaf	771	1	42355970
sel_scaf	772	2	42355970
sel_scaf	773	3	42355970
sel_scaf	774	3	42355970
sel_scaf	775	4	42355970
sel_scaf	776	5	42355970
sel_scaf	778	1	42355970
sel_scaf	779	1	42355970
sel_scaf	780	5	42355970
sel_scaf	781	1	42355970
sel_scaf	782	4	42355970
sel_scaf	783	2	42355970
sel_scaf	785	4	42355970
sel_scaf	786	1	42355970
sel_scaf	787	2	42355970
sel_scaf	788	2	42355970
sel_scaf	789	2	42355970
sel_scaf	790	3	42355970
sel_scaf	791	3	42355970
sel_scaf	794	1	42355970
sel_scaf	795	1	42355970
sel_scaf	796	3	42355970
sel_scaf	797	1	42355970
sel_scaf	798	2	42355970
sel_scaf	799	2	42355970
sel_scaf	800	4	42355970
sel_scaf	801	1	42355970
sel_scaf	802	3	42355970
sel_scaf	803	2	42355970
sel_scaf	805	3	42355970
sel_scaf	806	2	42355970
sel_scaf	807	4	42355970
sel_scaf	808	4	42355970
sel_scaf	809	1	42355970
sel_scaf	810	5	42355970
sel_scaf	811	6	42355970
sel_scaf	812	1	42355970
sel_scaf	813	3	42355970
sel_scaf	814	1	42355970
sel_scaf	815	5	42355970
sel_scaf	816	4	42355970
sel_scaf	817	2	42355970
sel_scaf	818	4	42355970
sel_scaf	819	5	42355970
sel_scaf	820	14	42355970
sel_scaf	821	9	42355970
sel_scaf	822	7	42355970
sel_scaf	823	9	42355970
sel_scaf	824	7	42355970
sel_scaf	825	3	42355970
sel_scaf	826	5	42355970
sel_scaf	827	2	42355970
sel_scaf	828	6	42355970
sel_scaf	829	6	42355970
sel_scaf	830	2	42355970
sel_scaf	831	2	42355970
sel_scaf	832	8	42355970
sel_scaf	833	3	42355970
sel_scaf	834	7	42355970
sel_scaf	835	6	42355970
sel_scaf	836	3	42355970
sel_scaf	837	6	42355970
sel_scaf	838	6	42355970
sel_scaf	839	6	42355970
sel_scaf	840	3	42355970
sel_scaf	841	8	42355970
sel_scaf	842	7	42355970
sel_scaf	843	6	42355970
sel_scaf	844	4	42355970
sel_scaf	845	8	42355970
sel_scaf	846	3	42355970
sel_scaf	847	1	42355970
sel_scaf	848	2	42355970
sel_scaf	849	4	42355970
sel_scaf	850	6	42355970
sel_scaf	851	8	42355970
sel_scaf	852	6	42355970
sel_scaf	853	5	42355970
sel_scaf	854	6	42355970
sel_scaf	855	2	42355970
sel_scaf	856	5	42355970
sel_scaf	857	4	42355970
sel_scaf	858	1	42355970
sel_scaf	859	4	42355970
sel_scaf	860	1	42355970
sel_scaf	861	1	42355970
sel_scaf	862	2	42355970
sel_scaf	863	1	42355970
sel_scaf	864	4	42355970
sel_scaf	865	1	42355970
sel_scaf	866	3	42355970
sel_scaf	867	1	42355970
sel_scaf	868	7	42355970
sel_scaf	869	4	42355970
sel_scaf	870	6	42355970
sel_scaf	872	2	42355970
sel_scaf	873	2	42355970
sel_scaf	874	1	42355970
sel_scaf	875	5	42355970
sel_scaf	876	2	42355970
sel_scaf	877	2	42355970
sel_scaf	878	1	42355970
sel_scaf	879	3	42355970
sel_scaf	880	1	42355970
sel_scaf	881	2	42355970
sel_scaf	882	2	42355970
sel_scaf	883	1	42355970
sel_scaf	884	1	42355970
sel_scaf	885	1	42355970
sel_scaf	887	1	42355970
sel_scaf	888	4	42355970
sel_scaf	889	1	42355970
sel_scaf	890	2	42355970
sel_scaf	891	4	42355970
sel_scaf	892	1	42355970
sel_scaf	893	1	42355970
sel_scaf	894	2	42355970
sel_scaf	895	2	42355970
sel_scaf	896	1	42355970
sel_scaf	897	2	42355970
sel_scaf	898	1	42355970
sel_scaf	900	1	42355970
sel_scaf	901	2	42355970
sel_scaf	902	1	42355970
sel_scaf	904	1	42355970
sel_scaf	905	1	42355970
sel_scaf	906	1	42355970
sel_scaf	907	2	42355970
sel_scaf	908	1	42355970
sel_scaf	909	3	42355970
sel_scaf	910	2	42355970
sel_scaf	912	2	42355970
sel_scaf	913	2	42355970
sel_scaf	914	1	42355970
sel_scaf	916	3	42355970
sel_scaf	917	2	42355970
sel_scaf	918	7	42355970
sel_scaf	919	1	42355970
sel_scaf	920	2	42355970
sel_scaf	921	4	42355970
sel_scaf	922	1	42355970
sel_scaf	923	3	42355970
sel_scaf	925	2	42355970
sel_scaf	928	1	42355970
sel_scaf	929	1	42355970
sel_scaf	930	4	42355970
sel_scaf	931	1	42355970
sel_scaf	932	2	42355970
sel_scaf	933	2	42355970
sel_scaf	935	1	42355970
sel_scaf	937	1	42355970
sel_scaf	939	3	42355970
sel_scaf	940	1	42355970
sel_scaf	942	1	42355970
sel_scaf	943	1	42355970
sel_scaf	944	1	42355970
sel_scaf	946	1	42355970
sel_scaf	947	2	42355970
sel_scaf	949	5	42355970
sel_scaf	950	2	42355970
sel_scaf	952	4	42355970
sel_scaf	953	1	42355970
sel_scaf	954	2	42355970
sel_scaf	955	3	42355970
sel_scaf	956	2	42355970
sel_scaf	960	1	42355970
sel_scaf	961	1	42355970
sel_scaf	962	3	42355970
sel_scaf	963	1	42355970
sel_scaf	964	1	42355970
sel_scaf	965	1	42355970
sel_scaf	967	1	42355970
sel_scaf	969	1	42355970
sel_scaf	971	2	42355970
sel_scaf	973	2	42355970
sel_scaf	974	5	42355970
sel_scaf	976	3	42355970
sel_scaf	977	2	42355970
sel_scaf	980	4	42355970
sel_scaf	981	2	42355970
sel_scaf	982	2	42355970
sel_scaf	983	2	42355970
sel_scaf	985	1	42355970
sel_scaf	987	1	42355970
sel_scaf	988	1	42355970
sel_scaf	989	1	42355970
sel_scaf	990	3	42355970
sel_scaf	991	3	42355970
sel_scaf	992	2	42355970
sel_scaf	993	2	42355970
sel_scaf	994	1	42355970
sel_scaf	995	4	42355970
sel_scaf	996	1	42355970
sel_scaf	997	2	42355970
sel_scaf	998	4	42355970
sel_scaf	999	2	42355970
sel_scaf	1000	4	42355970
sel_scaf	1001	1	42355970
sel_scaf	1002	1	42355970
sel_scaf	1003	2	42355970
sel_scaf	1004	2	42355970
sel_scaf	1005	2	42355970
sel_scaf	1006	2	42355970
sel_scaf	1007	1	42355970
sel_scaf	1008	1	42355970
sel_scaf	1012	1	42355970
sel_scaf	1014	2	42355970
sel_scaf	1015	2	42355970
sel_scaf	1016	2	42355970
sel_scaf	1017	1	42355970
sel_scaf	1018	1	42355970
sel_scaf	1019	1	42355970
sel_scaf	1020	2	42355970
sel_scaf	1021	3	42355970
sel_scaf	1022	1	42355970
sel_scaf	1023	3	42355970
sel_scaf	1024	2	42355970
sel_scaf	1025	2	42355970
sel_scaf	1027	2	42355970
sel_scaf	1028	2	42355970
sel_scaf	1029	1	42355970
sel_scaf	1030	2	42355970
sel_scaf	1033	3	42355970
sel_scaf	1035	1	42355970
sel_scaf	1036	2	42355970
sel_scaf	1037	1	42355970
sel_scaf	1038	3	42355970
sel_scaf	1040	1	42355970
sel_scaf	1041	2	42355970
sel_scaf	1042	1	42355970
sel_scaf	1044	1	42355970
sel_scaf	1045	1	42355970
sel_scaf	1046	1	42355970
sel_scaf	1048	3	42355970
sel_scaf	1050	2	42355970
sel_scaf	1058	1	42355970
sel_scaf	1059	2	42355970
sel_scaf	1060	1	42355970
sel_scaf	1061	1	42355970
sel_scaf	1062	2	42355970
sel_scaf	1065	1	42355970
sel_scaf	1066	1	42355970
sel_scaf	1067	1	42355970
sel_scaf	1069	1	42355970
sel_scaf	1071	2	42355970
sel_scaf	1072	1	42355970
sel_scaf	1075	2	42355970
sel_scaf	1077	3	42355970
sel_scaf	1079	1	42355970
sel_scaf	1080	1	42355970
sel_scaf	1081	1	42355970
sel_scaf	1082	1	42355970
sel_scaf	1083	2	42355970
sel_scaf	1084	2	42355970
sel_scaf	1086	1	42355970
sel_scaf	1087	3	42355970
sel_scaf	1088	3	42355970
sel_scaf	1090	3	42355970
sel_scaf	1092	2	42355970
sel_scaf	1094	1	42355970
sel_scaf	1095	1	42355970
sel_scaf	1096	2	42355970
sel_scaf	1099	2	42355970
sel_scaf	1100	1	42355970
sel_scaf	1101	3	42355970
sel_scaf	1102	3	42355970
sel_scaf	1103	1	42355970
sel_scaf	1104	3	42355970
sel_scaf	1105	3	42355970
sel_scaf	1107	3	42355970
sel_scaf	1109	2	42355970
sel_scaf	1110	1	42355970
sel_scaf	1111	1	42355970
sel_scaf	1112	3	42355970
sel_scaf	1113	2	42355970
sel_scaf	1115	2	42355970
sel_scaf	1116	1	42355970
sel_scaf	1117	1	42355970
sel_scaf	1118	1	42355970
sel_scaf	1119	1	42355970
sel_scaf	1120	3	42355970
sel_scaf	1122	3	42355970
sel_scaf	1125	1	42355970
sel_scaf	1126	1	42355970
sel_scaf	1127	2	42355970
sel_scaf	1128	2	42355970
sel_scaf	1129	1	42355970
sel_scaf	1130	2	42355970
sel_scaf	1131	1	42355970
sel_scaf	1132	1	42355970
sel_scaf	1133	1	42355970
sel_scaf	1134	1	42355970
sel_scaf	1136	2	42355970
sel_scaf	1137	1	42355970
sel_scaf	1138	3	42355970
sel_scaf	1139	2	42355970
sel_scaf	1141	1	42355970
sel_scaf	1142	1	42355970
sel_scaf	1143	1	42355970
sel_scaf	1144	1	42355970
sel_scaf	1145	2	42355970
sel_scaf	1146	1	42355970
sel_scaf	1147	2	42355970
sel_scaf	1148	1	42355970
sel_scaf	1149	1	42355970
sel_scaf	1150	3	42355970
sel_scaf	1151	4	42355970
sel_scaf	1152	6	42355970
sel_scaf	1153	2	42355970
sel_scaf	1156	3	42355970
sel_scaf	1159	2	42355970
sel_scaf	1162	1	42355970
sel_scaf	1163	1	42355970
sel_scaf	1164	1	42355970
sel_scaf	1166	1	42355970
sel_scaf	1168	1	42355970
sel_scaf	1169	1	42355970
sel_scaf	1170	2	42355970
sel_scaf	1171	1	42355970
sel_scaf	1172	1	42355970
sel_scaf	1176	3	42355970
sel_scaf	1177	1	42355970
sel_scaf	1179	2	42355970
sel_scaf	1182	1	42355970
sel_scaf	1184	1	42355970
sel_scaf	1185	1	42355970
sel_scaf	1186	1	42355970
sel_scaf	1188	1	42355970
sel_scaf	1189	1	42355970
sel_scaf	1190	2	42355970
sel_scaf	1191	1	42355970
sel_scaf	1193	1	42355970
sel_scaf	1194	1	42355970
sel_scaf	1196	1	42355970
sel_scaf	1197	1	42355970
sel_scaf	1198	2	42355970
sel_scaf	1200	2	42355970
sel_scaf	1201	3	42355970
sel_scaf	1202	2	42355970
sel_scaf	1203	1	42355970
sel_scaf	1204	2	42355970
sel_scaf	1205	2	42355970
sel_scaf	1206	2	42355970
sel_scaf	1208	2	42355970
sel_scaf	1209	2	42355970
sel_scaf	1210	2	42355970
sel_scaf	1211	2	42355970
sel_scaf	1212	1	42355970
sel_scaf	1213	3	42355970
sel_scaf	1214	3	42355970
sel_scaf	1215	1	42355970
sel_scaf	1216	1	42355970
sel_scaf	1217	2	42355970
sel_scaf	1218	5	42355970
sel_scaf	1219	1	42355970
sel_scaf	1220	5	42355970
sel_scaf	1221	4	42355970
sel_scaf	1222	1	42355970
sel_scaf	1223	2	42355970
sel_scaf	1230	1	42355970
sel_scaf	1236	1	42355970
sel_scaf	1237	1	42355970
sel_scaf	1239	1	42355970
sel_scaf	1241	1	42355970
sel_scaf	1243	1	42355970
sel_scaf	1244	1	42355970
sel_scaf	1247	1	42355970
sel_scaf	1248	1	42355970
sel_scaf	1249	1	42355970
sel_scaf	1251	3	42355970
sel_scaf	1254	1	42355970
sel_scaf	1258	1	42355970
sel_scaf	1268	2	42355970
sel_scaf	1269	1	42355970
sel_scaf	1270	1	42355970
sel_scaf	1273	1	42355970
sel_scaf	1275	1	42355970
sel_scaf	1284	1	42355970
sel_scaf	1286	1	42355970
sel_scaf	1288	1	42355970
sel_scaf	1289	1	42355970
sel_scaf	1290	1	42355970
sel_scaf	1293	1	42355970
sel_scaf	1302	1	42355970
sel_scaf	1306	1	42355970
sel_scaf	1309	1	42355970
sel_scaf	1311	1	42355970
sel_scaf	1313	1	42355970
sel_scaf	1316	1	42355970
sel_scaf	1317	1	42355970
sel_scaf	1319	5	42355970
sel_scaf	1320	2	42355970
sel_scaf	1322	2	42355970
sel_scaf	1323	1	42355970
sel_scaf	1324	1	42355970
sel_scaf	1325	2	42355970
sel_scaf	1326	11	42355970
sel_scaf	1327	18	42355970
sel_scaf	1328	12	42355970
sel_scaf	1329	20	42355970
sel_scaf	1330	1	42355970
sel_scaf	1331	1	42355970
sel_scaf	1332	2	42355970
sel_scaf	1336	1	42355970
sel_scaf	1337	1	42355970
sel_scaf	1340	2	42355970
sel_scaf	1342	1	42355970
sel_scaf	1345	1	42355970
sel_scaf	1347	1	42355970
sel_scaf	1351	2	42355970
sel_scaf	1352	1	42355970
sel_scaf	1353	1	42355970
sel_scaf	1354	1	42355970
sel_scaf	1356	1	42355970
sel_scaf	1362	1	42355970
sel_scaf	1365	1	42355970
sel_scaf	1368	2	42355970
sel_scaf	1373	2	42355970
sel_scaf	1374	1	42355970
sel_scaf	1378	1	42355970
sel_scaf	1381	1	42355970
sel_scaf	1382	1	42355970
sel_scaf	1383	2	42355970
sel_scaf	1389	1	42355970
sel_scaf	1390	1	42355970
sel_scaf	1391	2	42355970
sel_scaf	1392	1	42355970
sel_scaf	1396	1	42355970
sel_scaf	1397	2	42355970
sel_scaf	1399	1	42355970
sel_scaf	1400	2	42355970
sel_scaf	1401	3	42355970
sel_scaf	1402	3	42355970
sel_scaf	1403	2	42355970
sel_scaf	1404	3	42355970
sel_scaf	1405	5	42355970
sel_scaf	1406	22	42355970
sel_scaf	1407	1	42355970
sel_scaf	1412	1	42355970
sel_scaf	1421	1	42355970
sel_scaf	1424	1	42355970
sel_scaf	1429	1	42355970
sel_scaf	1436	1	42355970
sel_scaf	1437	1	42355970
sel_scaf	1438	1	42355970
sel_scaf	1443	1	42355970
sel_scaf	1444	1	42355970
sel_scaf	1445	1	42355970
sel_scaf	1448	1	42355970
sel_scaf	1449	1	42355970
sel_scaf	1452	1	42355970
sel_scaf	1456	1	42355970
sel_scaf	1458	1	42355970
sel_scaf	1459	1	42355970
sel_scaf	1462	1	42355970
sel_scaf	1463	1	42355970
sel_scaf	1467	1	42355970
sel_scaf	1469	1	42355970
sel_scaf	1473	2	42355970
sel_scaf	1474	1	42355970
sel_scaf	1487	1	42355970
sel_scaf	1488	1	42355970
sel_scaf	1491	1	42355970
sel_scaf	1492	1	42355970
sel_scaf	1495	3	42355970
sel_scaf	1501	1	42355970
sel_scaf	1507	1	42355970
sel_scaf	1511	1	42355970
sel_scaf	1515	1	42355970
sel_scaf	1516	2	42355970
sel_scaf	1519	1	42355970
sel_scaf	1520	2	42355970
sel_scaf	1523	1	42355970
sel_scaf	1529	2	42355970
sel_scaf	1530	1	42355970
sel_scaf	1540	2	42355970
sel_scaf	1547	1	42355970
sel_scaf	1548	1	42355970
sel_scaf	1549	1	42355970
sel_scaf	1551	1	42355970
sel_scaf	1554	1	42355970
sel_scaf	1559	1	42355970
sel_scaf	1561	1	42355970
sel_scaf	1563	1	42355970
sel_scaf	1567	1	42355970
sel_scaf	1568	1	42355970
sel_scaf	1572	1	42355970
sel_scaf	1573	1	42355970
sel_scaf	1580	1	42355970
sel_scaf	1584	1	42355970
sel_scaf	1588	1	42355970
sel_scaf	1589	1	42355970
sel_scaf	1590	1	42355970
sel_scaf	1591	1	42355970
sel_scaf	1594	1	42355970
sel_scaf	1595	1	42355970
sel_scaf	1597	1	42355970
sel_scaf	1600	2	42355970
sel_scaf	1601	1	42355970
sel_scaf	1604	1	42355970
sel_scaf	1606	1	42355970
sel_scaf	1607	1	42355970
sel_scaf	1614	1	42355970
sel_scaf	1615	3	42355970
sel_scaf	1621	1	42355970
sel_scaf	1622	1	42355970
sel_scaf	1623	1	42355970
sel_scaf	1626	1	42355970
sel_scaf	1631	2	42355970
sel_scaf	1632	1	42355970
sel_scaf	1637	1	42355970
sel_scaf	1638	1	42355970
sel_scaf	1641	1	42355970
sel_scaf	1643	1	42355970
sel_scaf	1646	1	42355970
sel_scaf	1647	1	42355970
sel_scaf	1649	1	42355970
sel_scaf	1650	1	42355970
sel_scaf	1651	2	42355970
sel_scaf	1653	3	42355970
sel_scaf	1657	1	42355970
sel_scaf	1659	2	42355970
sel_scaf	1660	1	42355970
sel_scaf	1664	1	42355970
sel_scaf	1665	1	42355970
sel_scaf	1669	2	42355970
sel_scaf	1670	1	42355970
sel_scaf	1674	2	42355970
sel_scaf	1678	1	42355970
sel_scaf	1679	1	42355970
sel_scaf	1680	2	42355970
sel_scaf	1682	1	42355970
sel_scaf	1683	1	42355970
sel_scaf	1685	2	42355970
sel_scaf	1689	1	42355970
sel_scaf	1690	1	42355970
sel_scaf	1692	2	42355970
sel_scaf	1696	2	42355970
sel_scaf	1698	2	42355970
sel_scaf	1699	2	42355970
sel_scaf	1700	4	42355970
sel_scaf	1701	1	42355970
sel_scaf	1702	1	42355970
sel_scaf	1703	3	42355970
sel_scaf	1704	2	42355970
sel_scaf	1705	12	42355970
sel_scaf	1706	9	42355970
sel_scaf	1707	14	42355970
sel_scaf	1708	5	42355970
sel_scaf	1709	9	42355970
sel_scaf	1712	1	42355970
sel_scaf	1713	1	42355970
sel_scaf	1714	2	42355970
sel_scaf	1717	2	42355970
sel_scaf	1720	3	42355970
sel_scaf	1722	3	42355970
sel_scaf	1724	1	42355970
sel_scaf	1726	2	42355970
sel_scaf	1728	1	42355970
sel_scaf	1729	1	42355970
sel_scaf	1730	1	42355970
sel_scaf	1731	1	42355970
sel_scaf	1734	1	42355970
sel_scaf	1735	2	42355970
sel_scaf	1736	1	42355970
sel_scaf	1737	1	42355970
sel_scaf	1739	1	42355970
sel_scaf	1740	2	42355970
sel_scaf	1745	1	42355970
sel_scaf	1746	3	42355970
sel_scaf	1749	2	42355970
sel_scaf	1750	2	42355970
sel_scaf	1752	3	42355970
sel_scaf	1753	1	42355970
sel_scaf	1756	1	42355970
sel_scaf	1758	1	42355970
sel_scaf	1761	1	42355970
sel_scaf	1762	1	42355970
sel_scaf	1764	1	42355970
sel_scaf	1773	1	42355970
sel_scaf	1774	1	42355970
sel_scaf	1775	1	42355970
sel_scaf	1777	1	42355970
sel_scaf	1778	1	42355970
sel_scaf	1785	1	42355970
sel_scaf	1786	1	42355970
sel_scaf	1787	1	42355970
sel_scaf	1789	1	42355970
sel_scaf	1793	1	42355970
sel_scaf	1794	1	42355970
sel_scaf	1797	1	42355970
sel_scaf	1799	1	42355970
sel_scaf	1801	1	42355970
sel_scaf	1804	1	42355970
sel_scaf	1810	1	42355970
sel_scaf	1812	1	42355970
sel_scaf	1814	1	42355970
sel_scaf	1815	2	42355970
sel_scaf	1820	2	42355970
sel_scaf	1821	1	42355970
sel_scaf	1824	1	42355970
sel_scaf	1825	1	42355970
sel_scaf	1829	1	42355970
sel_scaf	1830	1	42355970
sel_scaf	1833	3	42355970
sel_scaf	1834	1	42355970
sel_scaf	1835	1	42355970
sel_scaf	1836	1	42355970
sel_scaf	1838	1	42355970
sel_scaf	1841	1	42355970
sel_scaf	1842	1	42355970
sel_scaf	1845	1	42355970
sel_scaf	1846	1	42355970
sel_scaf	1848	1	42355970
sel_scaf	1851	2	42355970
sel_scaf	1861	1	42355970
sel_scaf	1864	2	42355970
sel_scaf	1867	3	42355970
sel_scaf	1873	1	42355970
sel_scaf	1875	1	42355970
sel_scaf	1879	1	42355970
sel_scaf	1880	1	42355970
sel_scaf	1884	1	42355970
sel_scaf	1885	1	42355970
sel_scaf	1887	1	42355970
sel_scaf	1892	1	42355970
sel_scaf	1894	1	42355970
sel_scaf	1897	1	42355970
sel_scaf	1899	1	42355970
sel_scaf	1900	1	42355970
sel_scaf	1902	1	42355970
sel_scaf	1903	1	42355970
sel_scaf	1908	1	42355970
sel_scaf	1910	2	42355970
sel_scaf	1911	1	42355970
sel_scaf	1914	1	42355970
sel_scaf	1916	1	42355970
sel_scaf	1920	1	42355970
sel_scaf	1931	1	42355970
sel_scaf	1933	1	42355970
sel_scaf	1936	1	42355970
sel_scaf	1937	1	42355970
sel_scaf	1938	1	42355970
sel_scaf	1940	1	42355970
sel_scaf	1944	2	42355970
sel_scaf	1945	2	42355970
sel_scaf	1950	1	42355970
sel_scaf	1958	1	42355970
sel_scaf	1962	1	42355970
sel_scaf	1964	1	42355970
sel_scaf	1967	2	42355970
sel_scaf	1969	1	42355970
sel_scaf	1971	2	42355970
sel_scaf	1972	1	42355970
sel_scaf	1974	1	42355970
sel_scaf	1976	1	42355970
sel_scaf	1979	2	42355970
sel_scaf	1980	1	42355970
sel_scaf	1984	1	42355970
sel_scaf	1989	1	42355970
sel_scaf	1990	2	42355970
sel_scaf	1993	1	42355970
sel_scaf	1994	1	42355970
sel_scaf	1996	1	42355970
sel_scaf	1998	3	42355970
sel_scaf	2003	1	42355970
sel_scaf	2013	1	42355970
sel_scaf	2017	2	42355970
sel_scaf	2020	1	42355970
sel_scaf	2021	1	42355970
sel_scaf	2025	1	42355970
sel_scaf	2028	2	42355970
sel_scaf	2029	1	42355970
sel_scaf	2030	1	42355970
sel_scaf	2035	1	42355970
sel_scaf	2038	1	42355970
sel_scaf	2039	1	42355970
sel_scaf	2042	1	42355970
sel_scaf	2050	2	42355970
sel_scaf	2055	1	42355970
sel_scaf	2056	1	42355970
sel_scaf	2057	1	42355970
sel_scaf	2070	1	42355970
sel_scaf	2072	1	42355970
sel_scaf	2078	1	42355970
sel_scaf	2079	2	42355970
sel_scaf	2085	1	42355970
sel_scaf	2091	2	42355970
sel_scaf	2097	1	42355970
sel_scaf	2101	2	42355970
sel_scaf	2103	1	42355970
sel_scaf	2114	1	42355970
sel_scaf	2116	2	42355970
sel_scaf	2118	2	42355970
sel_scaf	2119	2	42355970
sel_scaf	2129	1	42355970
sel_scaf	2130	1	42355970
sel_scaf	2134	1	42355970
sel_scaf	2137	1	42355970
sel_scaf	2142	1	42355970
sel_scaf	2143	1	42355970
sel_scaf	2146	1	42355970
sel_scaf	2160	1	42355970
sel_scaf	2162	1	42355970
sel_scaf	2165	1	42355970
sel_scaf	2166	2	42355970
sel_scaf	2167	1	42355970
sel_scaf	2170	1	42355970
sel_scaf	2172	1	42355970
sel_scaf	2174	1	42355970
sel_scaf	2177	1	42355970
sel_scaf	2181	1	42355970
sel_scaf	2182	1	42355970
sel_scaf	2184	1	42355970
sel_scaf	2187	1	42355970
sel_scaf	2188	1	42355970
sel_scaf	2193	1	42355970
sel_scaf	2201	2	42355970
sel_scaf	2206	2	42355970
sel_scaf	2211	1	42355970
sel_scaf	2215	1	42355970
sel_scaf	2219	3	42355970
sel_scaf	2220	2	42355970
sel_scaf	2230	1	42355970
sel_scaf	2233	1	42355970
sel_scaf	2246	1	42355970
sel_scaf	2247	2	42355970
sel_scaf	2250	2	42355970
sel_scaf	2251	1	42355970
sel_scaf	2254	1	42355970
sel_scaf	2255	1	42355970
sel_scaf	2256	2	42355970
sel_scaf	2259	1	42355970
sel_scaf	2260	1	42355970
sel_scaf	2263	2	42355970
sel_scaf	2266	1	42355970
sel_scaf	2270	2	42355970
sel_scaf	2272	1	42355970
sel_scaf	2273	1	42355970
sel_scaf	2275	2	42355970
sel_scaf	2277	1	42355970
sel_scaf	2278	1	42355970
sel_scaf	2279	1	42355970
sel_scaf	2280	1	42355970
sel_scaf	2282	1	42355970
sel_scaf	2289	2	42355970
sel_scaf	2290	2	42355970
sel_scaf	2292	2	42355970
sel_scaf	2295	1	42355970
sel_scaf	2296	1	42355970
sel_scaf	2297	2	42355970
sel_scaf	2298	3	42355970
sel_scaf	2299	3	42355970
sel_scaf	2300	1	42355970
sel_scaf	2301	2	42355970
sel_scaf	2303	1	42355970
sel_scaf	2305	1	42355970
sel_scaf	2306	1	42355970
sel_scaf	2308	2	42355970
sel_scaf	2310	1	42355970
sel_scaf	2311	1	42355970
sel_scaf	2316	1	42355970
sel_scaf	2324	1	42355970
sel_scaf	2325	1	42355970
sel_scaf	2327	1	42355970
sel_scaf	2328	1	42355970
sel_scaf	2329	1	42355970
sel_scaf	2334	1	42355970
sel_scaf	2336	1	42355970
sel_scaf	2338	1	42355970
sel_scaf	2341	1	42355970
sel_scaf	2344	1	42355970
sel_scaf	2345	1	42355970
sel_scaf	2346	2	42355970
sel_scaf	2351	2	42355970
sel_scaf	2353	2	42355970
sel_scaf	2354	2	42355970
sel_scaf	2355	2	42355970
sel_scaf	2356	1	42355970
sel_scaf	2357	2	42355970
sel_scaf	2361	1	42355970
sel_scaf	2362	2	42355970
sel_scaf	2366	1	42355970
sel_scaf	2368	1	42355970
sel_scaf	2370	2	42355970
sel_scaf	2371	1	42355970
sel_scaf	2372	1	42355970
sel_scaf	2375	2	42355970
sel_scaf	2377	1	42355970
sel_scaf	2379	1	42355970
sel_scaf	2380	1	42355970
sel_scaf	2381	1	42355970
sel_scaf	2382	3	42355970
sel_scaf	2384	1	42355970
sel_scaf	2385	4	42355970
sel_scaf	2386	5	42355970
sel_scaf	2387	4	42355970
sel_scaf	2388	7	42355970
sel_scaf	2389	3	42355970
sel_scaf	2390	10	42355970
sel_scaf	2391	8	42355970
sel_scaf	2392	20	42355970
sel_scaf	2393	4	42355970
sel_scaf	2395	1	42355970
sel_scaf	2399	2	42355970
sel_scaf	2400	2	42355970
sel_scaf	2404	1	42355970
sel_scaf	2407	1	42355970
sel_scaf	2408	1	42355970
sel_scaf	2409	1	42355970
sel_scaf	2410	3	42355970
sel_scaf	2411	6	42355970
sel_scaf	2412	13	42355970
sel_scaf	2413	4	42355970
sel_scaf	2414	1	42355970
sel_scaf	2415	1	42355970
sel_scaf	2418	1	42355970
sel_scaf	2421	3	42355970
sel_scaf	2422	18	42355970
sel_scaf	2426	1	42355970
sel_scaf	2427	1	42355970
sel_scaf	2428	1	42355970
sel_scaf	2430	2	42355970
sel_scaf	2434	1	42355970
sel_scaf	2436	1	42355970
sel_scaf	2437	2	42355970
sel_scaf	2438	2	42355970
sel_scaf	2439	1	42355970
sel_scaf	2441	2	42355970
sel_scaf	2442	1	42355970
sel_scaf	2444	4	42355970
sel_scaf	2445	1	42355970
sel_scaf	2446	2	42355970
sel_scaf	2451	2	42355970
sel_scaf	2452	1	42355970
sel_scaf	2453	1	42355970
sel_scaf	2454	1	42355970
sel_scaf	2456	4	42355970
sel_scaf	2458	1	42355970
sel_scaf	2459	2	42355970
sel_scaf	2461	2	42355970
sel_scaf	2462	1	42355970
sel_scaf	2464	2	42355970
sel_scaf	2465	1	42355970
sel_scaf	2466	1	42355970
sel_scaf	2467	2	42355970
sel_scaf	2468	1	42355970
sel_scaf	2469	1	42355970
sel_scaf	2470	1	42355970
sel_scaf	2472	1	42355970
sel_scaf	2474	2	42355970
sel_scaf	2475	1	42355970
sel_scaf	2476	2	42355970
sel_scaf	2477	2	42355970
sel_scaf	2478	2	42355970
sel_scaf	2480	2	42355970
sel_scaf	2481	2	42355970
sel_scaf	2483	1	42355970
sel_scaf	2486	1	42355970
sel_scaf	2490	2	42355970
sel_scaf	2491	1	42355970
sel_scaf	2495	2	42355970
sel_scaf	2498	1	42355970
sel_scaf	2501	1	42355970
sel_scaf	2502	1	42355970
sel_scaf	2503	1	42355970
sel_scaf	2504	2	42355970
sel_scaf	2505	2	42355970
sel_scaf	2506	3	42355970
sel_scaf	2507	1	42355970
sel_scaf	2509	3	42355970
sel_scaf	2511	1	42355970
sel_scaf	2512	2	42355970
sel_scaf	2514	3	42355970
sel_scaf	2515	2	42355970
sel_scaf	2516	1	42355970
sel_scaf	2520	1	42355970
sel_scaf	2521	3	42355970
sel_scaf	2523	7	42355970
sel_scaf	2524	1	42355970
sel_scaf	2525	3	42355970
sel_scaf	2526	2	42355970
sel_scaf	2527	3	42355970
sel_scaf	2528	1	42355970
sel_scaf	2530	1	42355970
sel_scaf	2531	1	42355970
sel_scaf	2535	1	42355970
sel_scaf	2540	2	42355970
sel_scaf	2546	1	42355970
sel_scaf	2548	1	42355970
sel_scaf	2552	2	42355970
sel_scaf	2553	1	42355970
sel_scaf	2554	2	42355970
sel_scaf	2555	3	42355970
sel_scaf	2557	2	42355970
sel_scaf	2559	1	42355970
sel_scaf	2560	1	42355970
sel_scaf	2561	1	42355970
sel_scaf	2562	1	42355970
sel_scaf	2563	1	42355970
sel_scaf	2566	2	42355970
sel_scaf	2567	1	42355970
sel_scaf	2573	1	42355970
sel_scaf	2575	2	42355970
sel_scaf	2576	1	42355970
sel_scaf	2578	2	42355970
sel_scaf	2579	1	42355970
sel_scaf	2580	1	42355970
sel_scaf	2581	1	42355970
sel_scaf	2585	1	42355970
sel_scaf	2586	1	42355970
sel_scaf	2589	2	42355970
sel_scaf	2590	1	42355970
sel_scaf	2591	2	42355970
sel_scaf	2592	3	42355970
sel_scaf	2593	3	42355970
sel_scaf	2594	2	42355970
sel_scaf	2595	2	42355970
sel_scaf	2596	3	42355970
sel_scaf	2597	1	42355970
sel_scaf	2598	1	42355970
sel_scaf	2599	1	42355970
sel_scaf	2600	1	42355970
sel_scaf	2601	1	42355970
sel_scaf	2602	3	42355970
sel_scaf	2603	1	42355970
sel_scaf	2604	3	42355970
sel_scaf	2605	1	42355970
sel_scaf	2606	2	42355970
sel_scaf	2607	3	42355970
sel_scaf	2614	1	42355970
sel_scaf	2617	1	42355970
sel_scaf	2623	1	42355970
sel_scaf	2627	1	42355970
sel_scaf	2633	1	42355970
sel_scaf	2636	1	42355970
sel_scaf	2645	1	42355970
sel_scaf	2646	1	42355970
sel_scaf	2659	2	42355970
sel_scaf	2660	1	42355970
sel_scaf	2664	1	42355970
sel_scaf	2674	1	42355970
sel_scaf	2676	1	42355970
sel_scaf	2678	2	42355970
sel_scaf	2681	1	42355970
sel_scaf	2686	1	42355970
sel_scaf	2690	1	42355970
sel_scaf	2696	1	42355970
sel_scaf	2699	1	42355970
sel_scaf	2703	1	42355970
sel_scaf	2704	1	42355970
sel_scaf	2711	4	42355970
sel_scaf	2718	1	42355970
sel_scaf	2719	1	42355970
sel_scaf	2720	1	42355970
sel_scaf	2723	1	42355970
sel_scaf	2726	1	42355970
sel_scaf	2737	1	42355970
sel_scaf	2741	1	42355970
sel_scaf	2744	1	42355970
sel_scaf	2751	1	42355970
sel_scaf	2753	1	42355970
sel_scaf	2758	1	42355970
sel_scaf	2765	1	42355970
sel_scaf	2770	1	42355970
sel_scaf	2771	1	42355970
sel_scaf	2772	1	42355970
sel_scaf	2773	1	42355970
sel_scaf	2790	1	42355970
sel_scaf	2793	1	42355970
sel_scaf	2798	1	42355970
sel_scaf	2799	1	42355970
sel_scaf	2805	1	42355970
sel_scaf	2806	1	42355970
sel_scaf	2809	1	42355970
sel_scaf	2813	1	42355970
sel_scaf	2817	1	42355970
sel_scaf	2828	2	42355970
sel_scaf	2833	2	42355970
sel_scaf	2836	1	42355970
sel_scaf	2837	1	42355970
sel_scaf	2847	1	42355970
sel_scaf	2849	1	42355970
sel_scaf	2850	2	42355970
sel_scaf	2861	1	42355970
sel_scaf	2867	1	42355970
sel_scaf	2875	1	42355970
sel_scaf	2880	1	42355970
sel_scaf	2882	1	42355970
sel_scaf	2889	1	42355970
sel_scaf	2890	1	42355970
sel_scaf	2894	1	42355970
sel_scaf	2909	1	42355970
sel_scaf	2916	1	42355970
sel_scaf	2922	1	42355970
sel_scaf	2935	1	42355970
sel_scaf	2937	1	42355970
sel_scaf	2948	1	42355970
sel_scaf	2952	1	42355970
sel_scaf	2959	1	42355970
sel_scaf	2960	1	42355970
sel_scaf	2965	1	42355970
sel_scaf	2969	1	42355970
sel_scaf	2973	1	42355970
sel_scaf	2977	1	42355970
sel_scaf	2989	1	42355970
sel_scaf	2998	1	42355970
sel_scaf	2999	1	42355970
sel_scaf	3000	1	42355970
sel_scaf	3002	1	42355970
sel_scaf	3006	1	42355970
sel_scaf	3025	1	42355970
sel_scaf	3032	1	42355970
sel_scaf	3035	1	42355970
sel_scaf	3039	1	42355970
sel_scaf	3042	1	42355970
sel_scaf	3045	1	42355970
sel_scaf	3047	1	42355970
sel_scaf	3055	1	42355970
sel_scaf	3060	1	42355970
sel_scaf	3067	1	42355970
sel_scaf	3068	1	42355970
sel_scaf	3078	1	42355970
sel_scaf	3089	2	42355970
sel_scaf	3100	2	42355970
sel_scaf	3107	1	42355970
sel_scaf	3111	1	42355970
sel_scaf	3113	1	42355970
sel_scaf	3115	1	42355970
sel_scaf	3120	1	42355970
sel_scaf	3135	1	42355970
sel_scaf	3149	2	42355970
sel_scaf	3160	2	42355970
sel_scaf	3166	1	42355970
sel_scaf	3168	1	42355970
sel_scaf	3177	1	42355970
sel_scaf	3184	1	42355970
sel_scaf	3186	1	42355970
sel_scaf	3190	1	42355970
sel_scaf	3199	1	42355970
sel_scaf	3200	1	42355970
sel_scaf	3201	1	42355970
sel_scaf	3208	1	42355970
sel_scaf	3220	1	42355970
sel_scaf	3221	1	42355970
sel_scaf	3231	1	42355970
sel_scaf	3233	1	42355970
sel_scaf	3235	1	42355970
sel_scaf	3237	1	42355970
sel_scaf	3238	1	42355970
sel_scaf	3244	1	42355970
sel_scaf	3255	1	42355970
sel_scaf	3261	1	42355970
sel_scaf	3262	1	42355970
sel_scaf	3266	1	42355970
sel_scaf	3267	1	42355970
sel_scaf	3271	1	42355970
sel_scaf	3274	1	42355970
sel_scaf	3279	2	42355970
sel_scaf	3280	1	42355970
sel_scaf	3283	1	42355970
sel_scaf	3289	1	42355970
sel_scaf	3293	1	42355970
sel_scaf	3296	1	42355970
sel_scaf	3298	1	42355970
sel_scaf	3309	2	42355970
sel_scaf	3311	1	42355970
sel_scaf	3313	1	42355970
sel_scaf	3316	1	42355970
sel_scaf	3318	1	42355970
sel_scaf	3322	1	42355970
sel_scaf	3325	1	42355970
sel_scaf	3326	1	42355970
sel_scaf	3327	1	42355970
sel_scaf	3336	1	42355970
sel_scaf	3341	3	42355970
sel_scaf	3343	1	42355970
sel_scaf	3352	1	42355970
sel_scaf	3357	1	42355970
sel_scaf	3365	1	42355970
sel_scaf	3366	1	42355970
sel_scaf	3375	1	42355970
sel_scaf	3379	1	42355970
sel_scaf	3380	1	42355970
sel_scaf	3381	2	42355970
sel_scaf	3388	1	42355970
sel_scaf	3393	1	42355970
sel_scaf	3399	1	42355970
sel_scaf	3405	1	42355970
sel_scaf	3424	1	42355970
sel_scaf	3428	1	42355970
sel_scaf	3431	1	42355970
sel_scaf	3435	2	42355970
sel_scaf	3446	1	42355970
sel_scaf	3453	2	42355970
sel_scaf	3462	1	42355970
sel_scaf	3463	1	42355970
sel_scaf	3465	1	42355970
sel_scaf	3477	1	42355970
sel_scaf	3479	1	42355970
sel_scaf	3482	2	42355970
sel_scaf	3502	1	42355970
sel_scaf	3508	2	42355970
sel_scaf	3513	1	42355970
sel_scaf	3522	1	42355970
sel_scaf	3531	1	42355970
sel_scaf	3535	1	42355970
sel_scaf	3542	1	42355970
sel_scaf	3550	1	42355970
sel_scaf	3557	1	42355970
sel_scaf	3559	1	42355970
sel_scaf	3560	1	42355970
sel_scaf	3564	3	42355970
sel_scaf	3570	1	42355970
sel_scaf	3571	1	42355970
sel_scaf	3576	1	42355970
sel_scaf	3580	2	42355970
sel_scaf	3585	1	42355970
sel_scaf	3590	1	42355970
sel_scaf	3593	1	42355970
sel_scaf	3596	1	42355970
sel_scaf	3599	1	42355970
sel_scaf	3602	1	42355970
sel_scaf	3609	1	42355970
sel_scaf	3612	1	42355970
sel_scaf	3627	1	42355970
sel_scaf	3630	1	42355970
sel_scaf	3636	1	42355970
sel_scaf	3637	1	42355970
sel_scaf	3663	1	42355970
sel_scaf	3668	1	42355970
sel_scaf	3676	1	42355970
sel_scaf	3684	1	42355970
sel_scaf	3690	2	42355970
sel_scaf	3693	1	42355970
sel_scaf	3700	1	42355970
sel_scaf	3721	1	42355970
sel_scaf	3727	1	42355970
sel_scaf	3728	1	42355970
sel_scaf	3730	1	42355970
sel_scaf	3735	1	42355970
sel_scaf	3740	2	42355970
sel_scaf	3742	4	42355970
sel_scaf	3743	2	42355970
sel_scaf	3750	1	42355970
sel_scaf	3757	1	42355970
sel_scaf	3760	2	42355970
sel_scaf	3771	1	42355970
sel_scaf	3783	1	42355970
sel_scaf	3788	1	42355970
sel_scaf	3789	2	42355970
sel_scaf	3790	1	42355970
sel_scaf	3800	1	42355970
sel_scaf	3809	1	42355970
sel_scaf	3810	1	42355970
sel_scaf	3817	1	42355970
sel_scaf	3830	1	42355970
sel_scaf	3833	1	42355970
sel_scaf	3836	1	42355970
sel_scaf	3837	1	42355970
sel_scaf	3843	1	42355970
sel_scaf	3846	1	42355970
sel_scaf	3852	2	42355970
sel_scaf	3861	1	42355970
sel_scaf	3869	1	42355970
sel_scaf	3873	1	42355970
sel_scaf	3878	1	42355970
sel_scaf	3881	1	42355970
sel_scaf	3885	2	42355970
sel_scaf	3899	1	42355970
sel_scaf	3902	1	42355970
sel_scaf	3907	1	42355970
sel_scaf	3911	1	42355970
sel_scaf	3917	1	42355970
sel_scaf	3926	1	42355970
sel_scaf	3930	2	42355970
sel_scaf	3941	1	42355970
sel_scaf	3943	2	42355970
sel_scaf	3944	1	42355970
sel_scaf	3947	1	42355970
sel_scaf	3953	1	42355970
sel_scaf	3963	1	42355970
sel_scaf	3966	1	42355970
sel_scaf	3973	1	42355970
sel_scaf	3976	1	42355970
sel_scaf	3977	1	42355970
sel_scaf	3979	5	42355970
sel_scaf	3981	1	42355970
sel_scaf	3986	1	42355970
sel_scaf	3989	2	42355970
sel_scaf	4000	1	42355970
sel_scaf	4003	1	42355970
sel_scaf	4014	1	42355970
sel_scaf	4016	1	42355970
sel_scaf	4018	1	42355970
sel_scaf	4019	1	42355970
sel_scaf	4022	1	42355970
sel_scaf	4023	1	42355970
sel_scaf	4026	1	42355970
sel_scaf	4029	1	42355970
sel_scaf	4038	1	42355970
sel_scaf	4041	1	42355970
sel_scaf	4045	1	42355970
sel_scaf	4050	1	42355970
sel_scaf	4054	1	42355970
sel_scaf	4056	1	42355970
sel_scaf	4061	1	42355970
sel_scaf	4077	1	42355970
sel_scaf	4084	1	42355970
sel_scaf	4088	2	42355970
sel_scaf	4101	1	42355970
sel_scaf	4102	1	42355970
sel_scaf	4109	1	42355970
sel_scaf	4122	1	42355970
sel_scaf	4132	1	42355970
sel_scaf	4133	2	42355970
sel_scaf	4141	1	42355970
sel_scaf	4148	1	42355970
sel_scaf	4149	1	42355970
sel_scaf	4159	1	42355970
sel_scaf	4172	1	42355970
sel_scaf	4179	1	42355970
sel_scaf	4180	1	42355970
sel_scaf	4183	1	42355970
sel_scaf	4189	3	42355970
sel_scaf	4191	1	42355970
sel_scaf	4193	2	42355970
sel_scaf	4209	2	42355970
sel_scaf	4214	1	42355970
sel_scaf	4216	1	42355970
sel_scaf	4219	1	42355970
sel_scaf	4220	1	42355970
sel_scaf	4230	1	42355970
sel_scaf	4231	1	42355970
sel_scaf	4242	1	42355970
sel_scaf	4254	1	42355970
sel_scaf	4261	1	42355970
sel_scaf	4262	1	42355970
sel_scaf	4270	1	42355970
sel_scaf	4303	1	42355970
sel_scaf	4314	1	42355970
sel_scaf	4335	1	42355970
sel_scaf	4349	1	42355970
sel_scaf	4365	1	42355970
sel_scaf	4369	1	42355970
sel_scaf	4383	1	42355970
sel_scaf	4395	1	42355970
sel_scaf	4396	1	42355970
sel_scaf	4408	1	42355970
sel_scaf	4434	1	42355970
sel_scaf	4436	1	42355970
sel_scaf	4439	1	42355970
sel_scaf	4445	1	42355970
sel_scaf	4448	1	42355970
sel_scaf	4478	2	42355970
sel_scaf	4480	1	42355970
sel_scaf	4492	1	42355970
sel_scaf	4512	1	42355970
sel_scaf	4523	1	42355970
sel_scaf	4539	1	42355970
sel_scaf	4543	1	42355970
sel_scaf	4546	1	42355970
sel_scaf	4548	1	42355970
sel_scaf	4567	1	42355970
sel_scaf	4569	1	42355970
sel_scaf	4578	1	42355970
sel_scaf	4579	1	42355970
sel_scaf	4584	1	42355970
sel_scaf	4589	2	42355970
sel_scaf	4595	1	42355970
sel_scaf	4599	1	42355970
sel_scaf	4607	1	42355970
sel_scaf	4613	1	42355970
sel_scaf	4623	1	42355970
sel_scaf	4635	1	42355970
sel_scaf	4665	1	42355970
sel_scaf	4668	1	42355970
sel_scaf	4692	1	42355970
sel_scaf	4700	1	42355970
sel_scaf	4718	1	42355970
sel_scaf	4723	1	42355970
sel_scaf	4728	1	42355970
sel_scaf	4729	2	42355970
sel_scaf	4730	1	42355970
sel_scaf	4731	5	42355970
sel_scaf	4732	3	42355970
sel_scaf	4733	7	42355970
sel_scaf	4734	4	42355970
sel_scaf	4735	1	42355970
sel_scaf	4764	1	42355970
sel_scaf	4767	1	42355970
sel_scaf	4770	1	42355970
sel_scaf	4772	1	42355970
sel_scaf	4774	1	42355970
sel_scaf	4775	1	42355970
sel_scaf	4776	1	42355970
sel_scaf	4777	1	42355970
sel_scaf	4778	1	42355970
sel_scaf	4779	2	42355970
sel_scaf	4780	1	42355970
sel_scaf	4816	1	42355970
sel_scaf	4879	1	42355970
sel_scaf	4914	1	42355970
sel_scaf	4917	1	42355970
sel_scaf	4927	1	42355970
sel_scaf	4937	1	42355970
sel_scaf	4963	1	42355970
sel_scaf	4978	1	42355970
sel_scaf	4987	1	42355970
sel_scaf	4997	2	42355970
sel_scaf	5000	5	42355970
sel_scaf	5002	2	42355970
sel_scaf	5004	3	42355970
sel_scaf	5006	1	42355970
sel_scaf	5007	8	42355970
sel_scaf	5008	1	42355970
sel_scaf	5091	1	42355970
sel_scaf	5125	1	42355970
sel_scaf	5153	1	42355970
sel_scaf	5184	1	42355970
sel_scaf	5206	1	42355970
sel_scaf	5248	1	42355970
sel_scaf	5277	1	42355970
sel_scaf	5457	1	42355970
sel_scaf	5470	1	42355970
sel_scaf	5582	1	42355970
sel_scaf	5596	1	42355970
sel_scaf	5637	1	42355970
sel_scaf	5765	1	42355970
sel_scaf	5771	1	42355970
sel_scaf	5788	1	42355970
sel_scaf	5818	1	42355970
sel_scaf	5822	1	42355970
sel_scaf	5823	1	42355970
sel_scaf	5831	1	42355970
sel_scaf	5838	1	42355970
sel_scaf	5844	1	42355970
sel_scaf	5898	1	42355970
sel_scaf	5911	1	42355970
sel_scaf	5917	1	42355970
sel_scaf	5922	3	42355970
sel_scaf	5923	1	42355970
