feature	depth	Nsites	totalNsites
sel_scaf	0	7167640	42355970
sel_scaf	1	1307601	42355970
sel_scaf	2	1203754	42355970
sel_scaf	3	1250506	42355970
sel_scaf	4	1328949	42355970
sel_scaf	5	1411433	42355970
sel_scaf	6	1511581	42355970
sel_scaf	7	1588068	42355970
sel_scaf	8	1681102	42355970
sel_scaf	9	1771222	42355970
sel_scaf	10	1861908	42355970
sel_scaf	11	1937092	42355970
sel_scaf	12	1996379	42355970
sel_scaf	13	2020594	42355970
sel_scaf	14	2001796	42355970
sel_scaf	15	1927092	42355970
sel_scaf	16	1810181	42355970
sel_scaf	17	1649570	42355970
sel_scaf	18	1451609	42355970
sel_scaf	19	1236798	42355970
sel_scaf	20	1024451	42355970
sel_scaf	21	819824	42355970
sel_scaf	22	636733	42355970
sel_scaf	23	480646	42355970
sel_scaf	24	350945	42355970
sel_scaf	25	250578	42355970
sel_scaf	26	173738	42355970
sel_scaf	27	120064	42355970
sel_scaf	28	81304	42355970
sel_scaf	29	55332	42355970
sel_scaf	30	38356	42355970
sel_scaf	31	25868	42355970
sel_scaf	32	18404	42355970
sel_scaf	33	13324	42355970
sel_scaf	34	10476	42355970
sel_scaf	35	8347	42355970
sel_scaf	36	7661	42355970
sel_scaf	37	6920	42355970
sel_scaf	38	6576	42355970
sel_scaf	39	5777	42355970
sel_scaf	40	5374	42355970
sel_scaf	41	4973	42355970
sel_scaf	42	4555	42355970
sel_scaf	43	3860	42355970
sel_scaf	44	3693	42355970
sel_scaf	45	3419	42355970
sel_scaf	46	3562	42355970
sel_scaf	47	3216	42355970
sel_scaf	48	2850	42355970
sel_scaf	49	3008	42355970
sel_scaf	50	2783	42355970
sel_scaf	51	2530	42355970
sel_scaf	52	2515	42355970
sel_scaf	53	2405	42355970
sel_scaf	54	2254	42355970
sel_scaf	55	2041	42355970
sel_scaf	56	2050	42355970
sel_scaf	57	1876	42355970
sel_scaf	58	1624	42355970
sel_scaf	59	1543	42355970
sel_scaf	60	1475	42355970
sel_scaf	61	1220	42355970
sel_scaf	62	1170	42355970
sel_scaf	63	1343	42355970
sel_scaf	64	1339	42355970
sel_scaf	65	1287	42355970
sel_scaf	66	1136	42355970
sel_scaf	67	995	42355970
sel_scaf	68	894	42355970
sel_scaf	69	914	42355970
sel_scaf	70	827	42355970
sel_scaf	71	898	42355970
sel_scaf	72	932	42355970
sel_scaf	73	904	42355970
sel_scaf	74	887	42355970
sel_scaf	75	704	42355970
sel_scaf	76	659	42355970
sel_scaf	77	629	42355970
sel_scaf	78	684	42355970
sel_scaf	79	587	42355970
sel_scaf	80	622	42355970
sel_scaf	81	550	42355970
sel_scaf	82	538	42355970
sel_scaf	83	482	42355970
sel_scaf	84	488	42355970
sel_scaf	85	401	42355970
sel_scaf	86	433	42355970
sel_scaf	87	469	42355970
sel_scaf	88	438	42355970
sel_scaf	89	344	42355970
sel_scaf	90	374	42355970
sel_scaf	91	350	42355970
sel_scaf	92	339	42355970
sel_scaf	93	319	42355970
sel_scaf	94	368	42355970
sel_scaf	95	307	42355970
sel_scaf	96	391	42355970
sel_scaf	97	374	42355970
sel_scaf	98	393	42355970
sel_scaf	99	350	42355970
sel_scaf	100	321	42355970
sel_scaf	101	251	42355970
sel_scaf	102	297	42355970
sel_scaf	103	294	42355970
sel_scaf	104	243	42355970
sel_scaf	105	246	42355970
sel_scaf	106	164	42355970
sel_scaf	107	192	42355970
sel_scaf	108	238	42355970
sel_scaf	109	199	42355970
sel_scaf	110	250	42355970
sel_scaf	111	300	42355970
sel_scaf	112	214	42355970
sel_scaf	113	242	42355970
sel_scaf	114	256	42355970
sel_scaf	115	171	42355970
sel_scaf	116	225	42355970
sel_scaf	117	202	42355970
sel_scaf	118	161	42355970
sel_scaf	119	233	42355970
sel_scaf	120	185	42355970
sel_scaf	121	143	42355970
sel_scaf	122	165	42355970
sel_scaf	123	166	42355970
sel_scaf	124	161	42355970
sel_scaf	125	149	42355970
sel_scaf	126	154	42355970
sel_scaf	127	149	42355970
sel_scaf	128	129	42355970
sel_scaf	129	124	42355970
sel_scaf	130	128	42355970
sel_scaf	131	117	42355970
sel_scaf	132	118	42355970
sel_scaf	133	100	42355970
sel_scaf	134	73	42355970
sel_scaf	135	69	42355970
sel_scaf	136	99	42355970
sel_scaf	137	102	42355970
sel_scaf	138	96	42355970
sel_scaf	139	117	42355970
sel_scaf	140	184	42355970
sel_scaf	141	125	42355970
sel_scaf	142	120	42355970
sel_scaf	143	133	42355970
sel_scaf	144	120	42355970
sel_scaf	145	107	42355970
sel_scaf	146	90	42355970
sel_scaf	147	117	42355970
sel_scaf	148	106	42355970
sel_scaf	149	86	42355970
sel_scaf	150	71	42355970
sel_scaf	151	100	42355970
sel_scaf	152	106	42355970
sel_scaf	153	112	42355970
sel_scaf	154	94	42355970
sel_scaf	155	88	42355970
sel_scaf	156	104	42355970
sel_scaf	157	100	42355970
sel_scaf	158	83	42355970
sel_scaf	159	140	42355970
sel_scaf	160	126	42355970
sel_scaf	161	127	42355970
sel_scaf	162	124	42355970
sel_scaf	163	137	42355970
sel_scaf	164	103	42355970
sel_scaf	165	90	42355970
sel_scaf	166	71	42355970
sel_scaf	167	54	42355970
sel_scaf	168	89	42355970
sel_scaf	169	82	42355970
sel_scaf	170	62	42355970
sel_scaf	171	52	42355970
sel_scaf	172	65	42355970
sel_scaf	173	85	42355970
sel_scaf	174	68	42355970
sel_scaf	175	50	42355970
sel_scaf	176	61	42355970
sel_scaf	177	43	42355970
sel_scaf	178	51	42355970
sel_scaf	179	50	42355970
sel_scaf	180	49	42355970
sel_scaf	181	49	42355970
sel_scaf	182	52	42355970
sel_scaf	183	57	42355970
sel_scaf	184	50	42355970
sel_scaf	185	63	42355970
sel_scaf	186	73	42355970
sel_scaf	187	48	42355970
sel_scaf	188	35	42355970
sel_scaf	189	36	42355970
sel_scaf	190	47	42355970
sel_scaf	191	30	42355970
sel_scaf	192	58	42355970
sel_scaf	193	43	42355970
sel_scaf	194	33	42355970
sel_scaf	195	24	42355970
sel_scaf	196	21	42355970
sel_scaf	197	27	42355970
sel_scaf	198	25	42355970
sel_scaf	199	36	42355970
sel_scaf	200	33	42355970
sel_scaf	201	45	42355970
sel_scaf	202	33	42355970
sel_scaf	203	37	42355970
sel_scaf	204	50	42355970
sel_scaf	205	22	42355970
sel_scaf	206	46	42355970
sel_scaf	207	54	42355970
sel_scaf	208	21	42355970
sel_scaf	209	24	42355970
sel_scaf	210	45	42355970
sel_scaf	211	40	42355970
sel_scaf	212	32	42355970
sel_scaf	213	51	42355970
sel_scaf	214	61	42355970
sel_scaf	215	63	42355970
sel_scaf	216	54	42355970
sel_scaf	217	24	42355970
sel_scaf	218	21	42355970
sel_scaf	219	41	42355970
sel_scaf	220	42	42355970
sel_scaf	221	22	42355970
sel_scaf	222	24	42355970
sel_scaf	223	28	42355970
sel_scaf	224	21	42355970
sel_scaf	225	16	42355970
sel_scaf	226	28	42355970
sel_scaf	227	21	42355970
sel_scaf	228	21	42355970
sel_scaf	229	22	42355970
sel_scaf	230	24	42355970
sel_scaf	231	25	42355970
sel_scaf	232	36	42355970
sel_scaf	233	26	42355970
sel_scaf	234	36	42355970
sel_scaf	235	33	42355970
sel_scaf	236	27	42355970
sel_scaf	237	26	42355970
sel_scaf	238	25	42355970
sel_scaf	239	19	42355970
sel_scaf	240	21	42355970
sel_scaf	241	36	42355970
sel_scaf	242	62	42355970
sel_scaf	243	34	42355970
sel_scaf	244	44	42355970
sel_scaf	245	33	42355970
sel_scaf	246	18	42355970
sel_scaf	247	22	42355970
sel_scaf	248	21	42355970
sel_scaf	249	32	42355970
sel_scaf	250	19	42355970
sel_scaf	251	28	42355970
sel_scaf	252	36	42355970
sel_scaf	253	33	42355970
sel_scaf	254	20	42355970
sel_scaf	255	10	42355970
sel_scaf	256	11	42355970
sel_scaf	257	18	42355970
sel_scaf	258	18	42355970
sel_scaf	259	35	42355970
sel_scaf	260	19	42355970
sel_scaf	261	29	42355970
sel_scaf	262	26	42355970
sel_scaf	263	17	42355970
sel_scaf	264	26	42355970
sel_scaf	265	23	42355970
sel_scaf	266	24	42355970
sel_scaf	267	24	42355970
sel_scaf	268	40	42355970
sel_scaf	269	29	42355970
sel_scaf	270	25	42355970
sel_scaf	271	14	42355970
sel_scaf	272	24	42355970
sel_scaf	273	12	42355970
sel_scaf	274	18	42355970
sel_scaf	275	16	42355970
sel_scaf	276	16	42355970
sel_scaf	277	9	42355970
sel_scaf	278	12	42355970
sel_scaf	279	15	42355970
sel_scaf	280	17	42355970
sel_scaf	281	15	42355970
sel_scaf	282	7	42355970
sel_scaf	283	14	42355970
sel_scaf	284	14	42355970
sel_scaf	285	13	42355970
sel_scaf	286	3	42355970
sel_scaf	287	23	42355970
sel_scaf	288	16	42355970
sel_scaf	289	13	42355970
sel_scaf	290	16	42355970
sel_scaf	291	13	42355970
sel_scaf	292	15	42355970
sel_scaf	293	10	42355970
sel_scaf	294	12	42355970
sel_scaf	295	11	42355970
sel_scaf	296	8	42355970
sel_scaf	297	6	42355970
sel_scaf	298	11	42355970
sel_scaf	299	7	42355970
sel_scaf	300	10	42355970
sel_scaf	301	7	42355970
sel_scaf	302	8	42355970
sel_scaf	303	7	42355970
sel_scaf	304	10	42355970
sel_scaf	305	8	42355970
sel_scaf	306	19	42355970
sel_scaf	307	11	42355970
sel_scaf	308	16	42355970
sel_scaf	309	9	42355970
sel_scaf	310	9	42355970
sel_scaf	311	12	42355970
sel_scaf	312	13	42355970
sel_scaf	313	14	42355970
sel_scaf	314	9	42355970
sel_scaf	315	9	42355970
sel_scaf	316	13	42355970
sel_scaf	317	14	42355970
sel_scaf	318	13	42355970
sel_scaf	319	8	42355970
sel_scaf	320	12	42355970
sel_scaf	321	9	42355970
sel_scaf	322	1	42355970
sel_scaf	323	3	42355970
sel_scaf	324	5	42355970
sel_scaf	325	8	42355970
sel_scaf	326	2	42355970
sel_scaf	327	4	42355970
sel_scaf	328	8	42355970
sel_scaf	329	7	42355970
sel_scaf	330	4	42355970
sel_scaf	331	2	42355970
sel_scaf	332	5	42355970
sel_scaf	333	8	42355970
sel_scaf	334	11	42355970
sel_scaf	335	9	42355970
sel_scaf	336	1	42355970
sel_scaf	337	4	42355970
sel_scaf	338	5	42355970
sel_scaf	339	2	42355970
sel_scaf	340	7	42355970
sel_scaf	341	3	42355970
sel_scaf	342	9	42355970
sel_scaf	344	4	42355970
sel_scaf	345	8	42355970
sel_scaf	346	4	42355970
sel_scaf	347	3	42355970
sel_scaf	348	2	42355970
sel_scaf	349	2	42355970
sel_scaf	350	3	42355970
sel_scaf	351	2	42355970
sel_scaf	352	3	42355970
sel_scaf	353	6	42355970
sel_scaf	354	2	42355970
sel_scaf	355	8	42355970
sel_scaf	356	1	42355970
sel_scaf	357	3	42355970
sel_scaf	358	2	42355970
sel_scaf	359	2	42355970
sel_scaf	360	2	42355970
sel_scaf	361	2	42355970
sel_scaf	362	3	42355970
sel_scaf	363	6	42355970
sel_scaf	364	1	42355970
sel_scaf	365	4	42355970
sel_scaf	366	1	42355970
sel_scaf	367	2	42355970
sel_scaf	368	5	42355970
sel_scaf	369	5	42355970
sel_scaf	370	3	42355970
sel_scaf	371	2	42355970
sel_scaf	372	3	42355970
sel_scaf	373	4	42355970
sel_scaf	374	2	42355970
sel_scaf	375	6	42355970
sel_scaf	376	3	42355970
sel_scaf	378	6	42355970
sel_scaf	379	7	42355970
sel_scaf	380	5	42355970
sel_scaf	381	1	42355970
sel_scaf	382	5	42355970
sel_scaf	383	6	42355970
sel_scaf	384	7	42355970
sel_scaf	385	3	42355970
sel_scaf	386	6	42355970
sel_scaf	387	6	42355970
sel_scaf	388	9	42355970
sel_scaf	389	15	42355970
sel_scaf	390	10	42355970
sel_scaf	391	9	42355970
sel_scaf	392	9	42355970
sel_scaf	393	7	42355970
sel_scaf	394	4	42355970
sel_scaf	395	9	42355970
sel_scaf	396	12	42355970
sel_scaf	397	4	42355970
sel_scaf	398	5	42355970
sel_scaf	399	4	42355970
sel_scaf	400	5	42355970
sel_scaf	401	5	42355970
sel_scaf	402	5	42355970
sel_scaf	403	8	42355970
sel_scaf	404	16	42355970
sel_scaf	405	11	42355970
sel_scaf	407	3	42355970
sel_scaf	408	7	42355970
sel_scaf	409	5	42355970
sel_scaf	410	5	42355970
sel_scaf	411	11	42355970
sel_scaf	412	29	42355970
sel_scaf	413	14	42355970
sel_scaf	414	4	42355970
sel_scaf	415	7	42355970
sel_scaf	416	4	42355970
sel_scaf	417	3	42355970
sel_scaf	418	2	42355970
sel_scaf	419	6	42355970
sel_scaf	420	8	42355970
sel_scaf	421	9	42355970
sel_scaf	422	26	42355970
sel_scaf	423	1	42355970
sel_scaf	424	11	42355970
sel_scaf	425	5	42355970
sel_scaf	426	9	42355970
sel_scaf	427	4	42355970
sel_scaf	428	8	42355970
sel_scaf	429	2	42355970
sel_scaf	430	3	42355970
sel_scaf	431	1	42355970
sel_scaf	432	11	42355970
sel_scaf	433	6	42355970
sel_scaf	434	2	42355970
sel_scaf	435	2	42355970
sel_scaf	436	4	42355970
sel_scaf	437	2	42355970
sel_scaf	438	4	42355970
sel_scaf	439	4	42355970
sel_scaf	440	6	42355970
sel_scaf	441	1	42355970
sel_scaf	442	2	42355970
sel_scaf	443	3	42355970
sel_scaf	445	3	42355970
sel_scaf	446	4	42355970
sel_scaf	447	2	42355970
sel_scaf	448	6	42355970
sel_scaf	449	7	42355970
sel_scaf	450	3	42355970
sel_scaf	451	7	42355970
sel_scaf	452	4	42355970
sel_scaf	453	1	42355970
sel_scaf	454	5	42355970
sel_scaf	455	4	42355970
sel_scaf	456	10	42355970
sel_scaf	457	2	42355970
sel_scaf	458	8	42355970
sel_scaf	459	13	42355970
sel_scaf	460	12	42355970
sel_scaf	461	2	42355970
sel_scaf	462	3	42355970
sel_scaf	463	2	42355970
sel_scaf	464	1	42355970
sel_scaf	465	4	42355970
sel_scaf	466	2	42355970
sel_scaf	467	4	42355970
sel_scaf	470	2	42355970
sel_scaf	471	1	42355970
sel_scaf	472	1	42355970
sel_scaf	473	2	42355970
sel_scaf	474	3	42355970
sel_scaf	475	7	42355970
sel_scaf	476	4	42355970
sel_scaf	477	1	42355970
sel_scaf	478	2	42355970
sel_scaf	479	3	42355970
sel_scaf	480	1	42355970
sel_scaf	481	4	42355970
sel_scaf	482	5	42355970
sel_scaf	483	11	42355970
sel_scaf	484	8	42355970
sel_scaf	485	3	42355970
sel_scaf	486	7	42355970
sel_scaf	487	8	42355970
sel_scaf	488	5	42355970
sel_scaf	489	6	42355970
sel_scaf	490	5	42355970
sel_scaf	491	5	42355970
sel_scaf	492	4	42355970
sel_scaf	493	2	42355970
sel_scaf	495	11	42355970
sel_scaf	496	3	42355970
sel_scaf	497	3	42355970
sel_scaf	498	6	42355970
sel_scaf	499	3	42355970
sel_scaf	500	3	42355970
sel_scaf	501	4	42355970
sel_scaf	502	4	42355970
sel_scaf	503	6	42355970
sel_scaf	504	2	42355970
sel_scaf	505	2	42355970
sel_scaf	506	1	42355970
sel_scaf	507	3	42355970
sel_scaf	508	3	42355970
sel_scaf	509	6	42355970
sel_scaf	510	1	42355970
sel_scaf	511	8	42355970
sel_scaf	512	3	42355970
sel_scaf	513	5	42355970
sel_scaf	514	5	42355970
sel_scaf	515	5	42355970
sel_scaf	516	5	42355970
sel_scaf	517	5	42355970
sel_scaf	518	4	42355970
sel_scaf	519	4	42355970
sel_scaf	520	7	42355970
sel_scaf	521	4	42355970
sel_scaf	522	3	42355970
sel_scaf	523	4	42355970
sel_scaf	524	6	42355970
sel_scaf	525	12	42355970
sel_scaf	526	10	42355970
sel_scaf	527	19	42355970
sel_scaf	528	5	42355970
sel_scaf	529	4	42355970
sel_scaf	530	2	42355970
sel_scaf	531	8	42355970
sel_scaf	532	11	42355970
sel_scaf	533	5	42355970
sel_scaf	535	5	42355970
sel_scaf	536	2	42355970
sel_scaf	538	2	42355970
sel_scaf	539	1	42355970
sel_scaf	540	1	42355970
sel_scaf	541	2	42355970
sel_scaf	542	3	42355970
sel_scaf	543	2	42355970
sel_scaf	544	1	42355970
sel_scaf	546	3	42355970
sel_scaf	547	3	42355970
sel_scaf	548	2	42355970
sel_scaf	550	1	42355970
sel_scaf	551	1	42355970
sel_scaf	552	2	42355970
sel_scaf	553	1	42355970
sel_scaf	554	4	42355970
sel_scaf	555	1	42355970
sel_scaf	558	2	42355970
sel_scaf	559	1	42355970
sel_scaf	560	1	42355970
sel_scaf	561	1	42355970
sel_scaf	563	1	42355970
sel_scaf	564	2	42355970
sel_scaf	565	1	42355970
sel_scaf	566	1	42355970
sel_scaf	572	1	42355970
sel_scaf	573	1	42355970
sel_scaf	574	3	42355970
sel_scaf	575	1	42355970
sel_scaf	576	2	42355970
sel_scaf	579	2	42355970
sel_scaf	580	4	42355970
sel_scaf	581	7	42355970
sel_scaf	582	11	42355970
sel_scaf	583	3	42355970
sel_scaf	584	1	42355970
sel_scaf	585	1	42355970
sel_scaf	586	1	42355970
sel_scaf	588	1	42355970
sel_scaf	589	1	42355970
sel_scaf	593	3	42355970
sel_scaf	594	1	42355970
sel_scaf	595	2	42355970
sel_scaf	596	2	42355970
sel_scaf	598	1	42355970
sel_scaf	600	1	42355970
sel_scaf	601	20	42355970
sel_scaf	602	2	42355970
sel_scaf	603	1	42355970
sel_scaf	605	1	42355970
sel_scaf	606	1	42355970
sel_scaf	607	4	42355970
sel_scaf	608	4	42355970
sel_scaf	609	4	42355970
sel_scaf	610	2	42355970
sel_scaf	614	1	42355970
sel_scaf	616	2	42355970
sel_scaf	617	2	42355970
sel_scaf	618	1	42355970
sel_scaf	619	1	42355970
sel_scaf	620	1	42355970
sel_scaf	621	4	42355970
sel_scaf	622	1	42355970
sel_scaf	623	2	42355970
sel_scaf	624	8	42355970
sel_scaf	625	1	42355970
sel_scaf	626	2	42355970
sel_scaf	627	2	42355970
sel_scaf	628	1	42355970
sel_scaf	629	2	42355970
sel_scaf	630	2	42355970
sel_scaf	631	2	42355970
sel_scaf	632	3	42355970
sel_scaf	634	1	42355970
sel_scaf	635	3	42355970
sel_scaf	637	1	42355970
sel_scaf	638	1	42355970
sel_scaf	639	3	42355970
sel_scaf	640	3	42355970
sel_scaf	641	3	42355970
sel_scaf	642	2	42355970
sel_scaf	643	7	42355970
sel_scaf	644	1	42355970
sel_scaf	645	6	42355970
sel_scaf	646	13	42355970
sel_scaf	647	6	42355970
sel_scaf	648	5	42355970
sel_scaf	650	3	42355970
sel_scaf	651	1	42355970
sel_scaf	652	1	42355970
sel_scaf	653	2	42355970
sel_scaf	655	1	42355970
sel_scaf	657	2	42355970
sel_scaf	659	2	42355970
sel_scaf	660	4	42355970
sel_scaf	662	3	42355970
sel_scaf	663	3	42355970
sel_scaf	664	2	42355970
sel_scaf	665	2	42355970
sel_scaf	667	3	42355970
sel_scaf	668	2	42355970
sel_scaf	670	1	42355970
sel_scaf	671	2	42355970
sel_scaf	672	1	42355970
sel_scaf	673	3	42355970
sel_scaf	674	1	42355970
sel_scaf	676	5	42355970
sel_scaf	678	1	42355970
sel_scaf	680	1	42355970
sel_scaf	681	1	42355970
sel_scaf	683	1	42355970
sel_scaf	684	3	42355970
sel_scaf	685	2	42355970
sel_scaf	686	1	42355970
sel_scaf	687	1	42355970
sel_scaf	688	3	42355970
sel_scaf	690	2	42355970
sel_scaf	692	2	42355970
sel_scaf	693	1	42355970
sel_scaf	694	1	42355970
sel_scaf	695	3	42355970
sel_scaf	696	1	42355970
sel_scaf	697	1	42355970
sel_scaf	699	1	42355970
sel_scaf	700	1	42355970
sel_scaf	701	3	42355970
sel_scaf	702	1	42355970
sel_scaf	703	1	42355970
sel_scaf	704	2	42355970
sel_scaf	705	2	42355970
sel_scaf	706	3	42355970
sel_scaf	707	1	42355970
sel_scaf	708	6	42355970
sel_scaf	709	4	42355970
sel_scaf	710	1	42355970
sel_scaf	711	2	42355970
sel_scaf	713	5	42355970
sel_scaf	714	3	42355970
sel_scaf	715	3	42355970
sel_scaf	717	5	42355970
sel_scaf	718	2	42355970
sel_scaf	719	3	42355970
sel_scaf	720	2	42355970
sel_scaf	721	2	42355970
sel_scaf	722	1	42355970
sel_scaf	723	5	42355970
sel_scaf	724	3	42355970
sel_scaf	725	1	42355970
sel_scaf	726	2	42355970
sel_scaf	727	2	42355970
sel_scaf	728	1	42355970
sel_scaf	729	1	42355970
sel_scaf	730	1	42355970
sel_scaf	733	1	42355970
sel_scaf	734	2	42355970
sel_scaf	735	2	42355970
sel_scaf	736	2	42355970
sel_scaf	737	1	42355970
sel_scaf	738	2	42355970
sel_scaf	739	4	42355970
sel_scaf	740	2	42355970
sel_scaf	741	2	42355970
sel_scaf	742	2	42355970
sel_scaf	743	4	42355970
sel_scaf	744	2	42355970
sel_scaf	745	1	42355970
sel_scaf	746	3	42355970
sel_scaf	747	1	42355970
sel_scaf	748	1	42355970
sel_scaf	750	3	42355970
sel_scaf	752	6	42355970
sel_scaf	753	4	42355970
sel_scaf	754	4	42355970
sel_scaf	755	6	42355970
sel_scaf	756	4	42355970
sel_scaf	757	2	42355970
sel_scaf	758	3	42355970
sel_scaf	759	3	42355970
sel_scaf	760	5	42355970
sel_scaf	761	8	42355970
sel_scaf	762	4	42355970
sel_scaf	763	2	42355970
sel_scaf	764	4	42355970
sel_scaf	765	3	42355970
sel_scaf	766	7	42355970
sel_scaf	767	5	42355970
sel_scaf	768	3	42355970
sel_scaf	769	2	42355970
sel_scaf	772	1	42355970
sel_scaf	773	3	42355970
sel_scaf	774	1	42355970
sel_scaf	776	2	42355970
sel_scaf	778	3	42355970
sel_scaf	784	3	42355970
sel_scaf	791	1	42355970
sel_scaf	794	3	42355970
sel_scaf	800	5	42355970
sel_scaf	802	1	42355970
sel_scaf	803	2	42355970
sel_scaf	804	3	42355970
sel_scaf	805	2	42355970
sel_scaf	807	1	42355970
sel_scaf	809	1	42355970
sel_scaf	811	2	42355970
sel_scaf	812	1	42355970
sel_scaf	813	1	42355970
sel_scaf	815	3	42355970
sel_scaf	816	1	42355970
sel_scaf	817	2	42355970
sel_scaf	819	1	42355970
sel_scaf	820	3	42355970
sel_scaf	826	1	42355970
sel_scaf	827	3	42355970
sel_scaf	829	1	42355970
sel_scaf	830	1	42355970
sel_scaf	831	1	42355970
sel_scaf	833	2	42355970
sel_scaf	834	2	42355970
sel_scaf	835	2	42355970
sel_scaf	837	1	42355970
sel_scaf	839	2	42355970
sel_scaf	840	1	42355970
sel_scaf	841	2	42355970
sel_scaf	843	1	42355970
sel_scaf	845	1	42355970
sel_scaf	846	1	42355970
sel_scaf	847	1	42355970
sel_scaf	848	2	42355970
sel_scaf	849	2	42355970
sel_scaf	850	1	42355970
sel_scaf	851	1	42355970
sel_scaf	853	1	42355970
sel_scaf	854	3	42355970
sel_scaf	855	2	42355970
sel_scaf	856	1	42355970
sel_scaf	857	1	42355970
sel_scaf	859	4	42355970
sel_scaf	860	1	42355970
sel_scaf	862	3	42355970
sel_scaf	866	3	42355970
sel_scaf	867	1	42355970
sel_scaf	868	2	42355970
sel_scaf	871	2	42355970
sel_scaf	872	2	42355970
sel_scaf	873	1	42355970
sel_scaf	874	2	42355970
sel_scaf	877	1	42355970
sel_scaf	880	1	42355970
sel_scaf	881	3	42355970
sel_scaf	882	1	42355970
sel_scaf	883	3	42355970
sel_scaf	884	2	42355970
sel_scaf	885	2	42355970
sel_scaf	886	3	42355970
sel_scaf	888	2	42355970
sel_scaf	889	1	42355970
sel_scaf	890	1	42355970
sel_scaf	891	1	42355970
sel_scaf	892	1	42355970
sel_scaf	893	2	42355970
sel_scaf	894	1	42355970
sel_scaf	895	3	42355970
sel_scaf	896	1	42355970
sel_scaf	897	3	42355970
sel_scaf	899	5	42355970
sel_scaf	900	4	42355970
sel_scaf	901	40	42355970
sel_scaf	902	2	42355970
sel_scaf	903	2	42355970
sel_scaf	904	2	42355970
sel_scaf	907	1	42355970
sel_scaf	908	1	42355970
sel_scaf	909	1	42355970
sel_scaf	910	1	42355970
sel_scaf	913	2	42355970
sel_scaf	916	1	42355970
sel_scaf	917	2	42355970
sel_scaf	920	1	42355970
sel_scaf	921	1	42355970
sel_scaf	922	1	42355970
sel_scaf	923	1	42355970
sel_scaf	925	3	42355970
sel_scaf	930	1	42355970
sel_scaf	931	1	42355970
sel_scaf	932	1	42355970
sel_scaf	934	1	42355970
sel_scaf	935	1	42355970
sel_scaf	937	1	42355970
sel_scaf	941	1	42355970
sel_scaf	942	3	42355970
sel_scaf	947	1	42355970
sel_scaf	950	1	42355970
sel_scaf	951	5	42355970
sel_scaf	952	1	42355970
sel_scaf	953	1	42355970
sel_scaf	954	13	42355970
sel_scaf	955	2	42355970
sel_scaf	957	1	42355970
sel_scaf	958	1	42355970
sel_scaf	960	1	42355970
sel_scaf	961	1	42355970
sel_scaf	964	2	42355970
sel_scaf	974	1	42355970
sel_scaf	975	1	42355970
sel_scaf	982	2	42355970
sel_scaf	983	1	42355970
sel_scaf	986	1	42355970
sel_scaf	988	1	42355970
sel_scaf	990	1	42355970
sel_scaf	992	1	42355970
sel_scaf	993	1	42355970
sel_scaf	994	2	42355970
sel_scaf	996	2	42355970
sel_scaf	1006	1	42355970
sel_scaf	1008	1	42355970
sel_scaf	1009	1	42355970
sel_scaf	1011	1	42355970
sel_scaf	1012	1	42355970
sel_scaf	1013	1	42355970
sel_scaf	1015	1	42355970
sel_scaf	1018	1	42355970
sel_scaf	1020	1	42355970
sel_scaf	1021	1	42355970
sel_scaf	1023	1	42355970
sel_scaf	1024	1	42355970
sel_scaf	1026	1	42355970
sel_scaf	1027	1	42355970
sel_scaf	1030	1	42355970
sel_scaf	1034	1	42355970
sel_scaf	1036	1	42355970
sel_scaf	1037	5	42355970
sel_scaf	1038	5	42355970
sel_scaf	1040	1	42355970
sel_scaf	1041	2	42355970
sel_scaf	1042	2	42355970
sel_scaf	1043	2	42355970
sel_scaf	1048	9	42355970
sel_scaf	1049	19	42355970
sel_scaf	1050	8	42355970
sel_scaf	1051	4	42355970
sel_scaf	1052	10	42355970
sel_scaf	1053	14	42355970
sel_scaf	1054	4	42355970
sel_scaf	1059	3	42355970
sel_scaf	1060	1	42355970
sel_scaf	1061	1	42355970
sel_scaf	1068	1	42355970
sel_scaf	1071	2	42355970
sel_scaf	1072	2	42355970
sel_scaf	1073	1	42355970
sel_scaf	1074	1	42355970
sel_scaf	1076	1	42355970
sel_scaf	1077	2	42355970
sel_scaf	1078	2	42355970
sel_scaf	1080	1	42355970
sel_scaf	1081	1	42355970
sel_scaf	1082	2	42355970
sel_scaf	1083	1	42355970
sel_scaf	1087	1	42355970
sel_scaf	1091	3	42355970
sel_scaf	1093	1	42355970
sel_scaf	1094	1	42355970
sel_scaf	1095	2	42355970
sel_scaf	1097	2	42355970
sel_scaf	1098	1	42355970
sel_scaf	1099	1	42355970
sel_scaf	1100	2	42355970
sel_scaf	1101	2	42355970
sel_scaf	1102	1	42355970
sel_scaf	1104	2	42355970
sel_scaf	1105	1	42355970
sel_scaf	1106	2	42355970
sel_scaf	1107	2	42355970
sel_scaf	1108	2	42355970
sel_scaf	1110	1	42355970
sel_scaf	1111	2	42355970
sel_scaf	1113	1	42355970
sel_scaf	1114	1	42355970
sel_scaf	1116	2	42355970
sel_scaf	1117	1	42355970
sel_scaf	1119	1	42355970
sel_scaf	1122	2	42355970
sel_scaf	1123	1	42355970
sel_scaf	1124	11	42355970
sel_scaf	1125	18	42355970
sel_scaf	1126	2	42355970
sel_scaf	1127	6	42355970
sel_scaf	1128	14	42355970
sel_scaf	1129	5	42355970
sel_scaf	1130	1	42355970
sel_scaf	1131	2	42355970
sel_scaf	1134	1	42355970
sel_scaf	1135	1	42355970
sel_scaf	1136	1	42355970
sel_scaf	1137	1	42355970
sel_scaf	1138	2	42355970
sel_scaf	1139	1	42355970
sel_scaf	1141	1	42355970
sel_scaf	1142	1	42355970
sel_scaf	1143	1	42355970
sel_scaf	1144	1	42355970
sel_scaf	1145	1	42355970
sel_scaf	1146	1	42355970
sel_scaf	1147	1	42355970
sel_scaf	1149	2	42355970
sel_scaf	1150	1	42355970
sel_scaf	1151	3	42355970
sel_scaf	1154	2	42355970
sel_scaf	1155	1	42355970
sel_scaf	1157	1	42355970
sel_scaf	1161	4	42355970
sel_scaf	1163	1	42355970
sel_scaf	1164	1	42355970
sel_scaf	1165	1	42355970
sel_scaf	1166	1	42355970
sel_scaf	1167	2	42355970
sel_scaf	1168	2	42355970
sel_scaf	1170	2	42355970
sel_scaf	1173	1	42355970
sel_scaf	1174	2	42355970
sel_scaf	1175	1	42355970
sel_scaf	1178	1	42355970
sel_scaf	1179	1	42355970
sel_scaf	1180	2	42355970
sel_scaf	1181	1	42355970
sel_scaf	1183	2	42355970
sel_scaf	1184	1	42355970
sel_scaf	1185	1	42355970
sel_scaf	1186	1	42355970
sel_scaf	1188	1	42355970
sel_scaf	1190	1	42355970
sel_scaf	1191	1	42355970
sel_scaf	1194	3	42355970
sel_scaf	1195	1	42355970
sel_scaf	1196	1	42355970
sel_scaf	1198	1	42355970
sel_scaf	1199	6	42355970
sel_scaf	1200	3	42355970
sel_scaf	1201	3	42355970
sel_scaf	1202	2	42355970
sel_scaf	1203	5	42355970
sel_scaf	1204	2	42355970
sel_scaf	1209	1	42355970
sel_scaf	1215	1	42355970
sel_scaf	1218	3	42355970
sel_scaf	1219	1	42355970
sel_scaf	1220	1	42355970
sel_scaf	1224	2	42355970
sel_scaf	1226	1	42355970
sel_scaf	1228	3	42355970
sel_scaf	1229	1	42355970
sel_scaf	1233	1	42355970
sel_scaf	1234	1	42355970
sel_scaf	1238	2	42355970
sel_scaf	1239	1	42355970
sel_scaf	1240	2	42355970
sel_scaf	1242	1	42355970
sel_scaf	1243	1	42355970
sel_scaf	1245	2	42355970
sel_scaf	1246	1	42355970
sel_scaf	1248	1	42355970
sel_scaf	1250	1	42355970
sel_scaf	1251	1	42355970
sel_scaf	1252	1	42355970
sel_scaf	1256	1	42355970
sel_scaf	1258	1	42355970
sel_scaf	1260	1	42355970
sel_scaf	1261	3	42355970
sel_scaf	1262	1	42355970
sel_scaf	1263	1	42355970
sel_scaf	1265	1	42355970
sel_scaf	1268	2	42355970
sel_scaf	1270	3	42355970
sel_scaf	1274	1	42355970
sel_scaf	1276	2	42355970
sel_scaf	1277	1	42355970
sel_scaf	1280	1	42355970
sel_scaf	1281	1	42355970
sel_scaf	1286	1	42355970
sel_scaf	1289	1	42355970
sel_scaf	1290	3	42355970
sel_scaf	1293	1	42355970
sel_scaf	1295	3	42355970
sel_scaf	1301	1	42355970
sel_scaf	1303	1	42355970
sel_scaf	1304	1	42355970
sel_scaf	1308	1	42355970
sel_scaf	1310	1	42355970
sel_scaf	1311	1	42355970
sel_scaf	1314	1	42355970
sel_scaf	1315	2	42355970
sel_scaf	1317	1	42355970
sel_scaf	1321	1	42355970
sel_scaf	1324	1	42355970
sel_scaf	1326	1	42355970
sel_scaf	1327	1	42355970
sel_scaf	1328	1	42355970
sel_scaf	1329	1	42355970
sel_scaf	1332	2	42355970
sel_scaf	1334	1	42355970
sel_scaf	1335	3	42355970
sel_scaf	1338	2	42355970
sel_scaf	1340	2	42355970
sel_scaf	1341	1	42355970
sel_scaf	1344	1	42355970
sel_scaf	1347	1	42355970
sel_scaf	1349	1	42355970
sel_scaf	1351	2	42355970
sel_scaf	1352	1	42355970
sel_scaf	1353	1	42355970
sel_scaf	1354	2	42355970
sel_scaf	1355	2	42355970
sel_scaf	1363	3	42355970
sel_scaf	1364	1	42355970
sel_scaf	1365	2	42355970
sel_scaf	1368	1	42355970
sel_scaf	1369	1	42355970
sel_scaf	1371	2	42355970
sel_scaf	1372	1	42355970
sel_scaf	1373	1	42355970
sel_scaf	1374	1	42355970
sel_scaf	1377	1	42355970
sel_scaf	1379	2	42355970
sel_scaf	1380	1	42355970
sel_scaf	1381	2	42355970
sel_scaf	1382	1	42355970
sel_scaf	1384	2	42355970
sel_scaf	1385	1	42355970
sel_scaf	1386	1	42355970
sel_scaf	1388	1	42355970
sel_scaf	1390	1	42355970
sel_scaf	1392	1	42355970
sel_scaf	1394	1	42355970
sel_scaf	1395	1	42355970
sel_scaf	1396	1	42355970
sel_scaf	1398	1	42355970
sel_scaf	1399	1	42355970
sel_scaf	1403	1	42355970
sel_scaf	1404	2	42355970
sel_scaf	1405	1	42355970
sel_scaf	1406	1	42355970
sel_scaf	1408	1	42355970
sel_scaf	1409	1	42355970
sel_scaf	1411	1	42355970
sel_scaf	1412	1	42355970
sel_scaf	1413	1	42355970
sel_scaf	1414	1	42355970
sel_scaf	1416	1	42355970
sel_scaf	1417	1	42355970
sel_scaf	1419	2	42355970
sel_scaf	1424	3	42355970
sel_scaf	1426	1	42355970
sel_scaf	1428	2	42355970
sel_scaf	1431	1	42355970
sel_scaf	1433	1	42355970
sel_scaf	1437	1	42355970
sel_scaf	1443	1	42355970
sel_scaf	1444	2	42355970
sel_scaf	1447	2	42355970
sel_scaf	1448	1	42355970
sel_scaf	1449	1	42355970
sel_scaf	1451	1	42355970
sel_scaf	1453	2	42355970
sel_scaf	1454	1	42355970
sel_scaf	1456	2	42355970
sel_scaf	1457	1	42355970
sel_scaf	1460	1	42355970
sel_scaf	1461	1	42355970
sel_scaf	1462	1	42355970
sel_scaf	1463	3	42355970
sel_scaf	1464	2	42355970
sel_scaf	1465	1	42355970
sel_scaf	1467	1	42355970
sel_scaf	1468	1	42355970
sel_scaf	1469	2	42355970
sel_scaf	1470	1	42355970
sel_scaf	1472	2	42355970
sel_scaf	1474	2	42355970
sel_scaf	1476	2	42355970
sel_scaf	1477	1	42355970
sel_scaf	1479	1	42355970
sel_scaf	1480	2	42355970
sel_scaf	1483	1	42355970
sel_scaf	1484	2	42355970
sel_scaf	1485	1	42355970
sel_scaf	1487	1	42355970
sel_scaf	1491	1	42355970
sel_scaf	1492	2	42355970
sel_scaf	1493	2	42355970
sel_scaf	1495	1	42355970
sel_scaf	1496	2	42355970
sel_scaf	1497	1	42355970
sel_scaf	1498	4	42355970
sel_scaf	1499	1	42355970
sel_scaf	1500	1	42355970
sel_scaf	1501	2	42355970
sel_scaf	1502	1	42355970
sel_scaf	1503	1	42355970
sel_scaf	1504	1	42355970
sel_scaf	1505	1	42355970
sel_scaf	1508	1	42355970
sel_scaf	1510	1	42355970
sel_scaf	1514	1	42355970
sel_scaf	1515	1	42355970
sel_scaf	1521	1	42355970
sel_scaf	1522	1	42355970
sel_scaf	1527	1	42355970
sel_scaf	1529	1	42355970
sel_scaf	1532	1	42355970
sel_scaf	1535	2	42355970
sel_scaf	1536	1	42355970
sel_scaf	1544	1	42355970
sel_scaf	1546	2	42355970
sel_scaf	1549	1	42355970
sel_scaf	1550	1	42355970
sel_scaf	1554	1	42355970
sel_scaf	1559	1	42355970
sel_scaf	1562	1	42355970
sel_scaf	1566	4	42355970
sel_scaf	1569	1	42355970
sel_scaf	1576	1	42355970
sel_scaf	1578	6	42355970
sel_scaf	1582	1	42355970
sel_scaf	1584	1	42355970
sel_scaf	1589	2	42355970
sel_scaf	1592	1	42355970
sel_scaf	1593	1	42355970
sel_scaf	1596	1	42355970
sel_scaf	1597	1	42355970
sel_scaf	1599	1	42355970
sel_scaf	1603	1	42355970
sel_scaf	1606	1	42355970
sel_scaf	1607	1	42355970
sel_scaf	1608	1	42355970
sel_scaf	1610	1	42355970
sel_scaf	1613	1	42355970
sel_scaf	1614	1	42355970
sel_scaf	1615	2	42355970
sel_scaf	1619	1	42355970
sel_scaf	1622	2	42355970
sel_scaf	1631	2	42355970
sel_scaf	1634	2	42355970
sel_scaf	1635	2	42355970
sel_scaf	1636	1	42355970
sel_scaf	1637	1	42355970
sel_scaf	1639	1	42355970
sel_scaf	1640	2	42355970
sel_scaf	1641	1	42355970
sel_scaf	1642	1	42355970
sel_scaf	1644	2	42355970
sel_scaf	1648	2	42355970
sel_scaf	1649	1	42355970
sel_scaf	1650	1	42355970
sel_scaf	1652	1	42355970
sel_scaf	1657	1	42355970
sel_scaf	1658	2	42355970
sel_scaf	1661	1	42355970
sel_scaf	1663	3	42355970
sel_scaf	1667	2	42355970
sel_scaf	1668	1	42355970
sel_scaf	1670	1	42355970
sel_scaf	1672	2	42355970
sel_scaf	1675	2	42355970
sel_scaf	1679	1	42355970
sel_scaf	1680	1	42355970
sel_scaf	1684	1	42355970
sel_scaf	1688	3	42355970
sel_scaf	1691	1	42355970
sel_scaf	1692	2	42355970
sel_scaf	1694	1	42355970
sel_scaf	1695	2	42355970
sel_scaf	1696	1	42355970
sel_scaf	1699	2	42355970
sel_scaf	1701	1	42355970
sel_scaf	1702	1	42355970
sel_scaf	1703	1	42355970
sel_scaf	1704	1	42355970
sel_scaf	1705	1	42355970
sel_scaf	1706	1	42355970
sel_scaf	1708	2	42355970
sel_scaf	1709	2	42355970
sel_scaf	1710	1	42355970
sel_scaf	1711	1	42355970
sel_scaf	1712	2	42355970
sel_scaf	1713	1	42355970
sel_scaf	1714	1	42355970
sel_scaf	1715	1	42355970
sel_scaf	1719	2	42355970
sel_scaf	1723	1	42355970
sel_scaf	1724	2	42355970
sel_scaf	1725	2	42355970
sel_scaf	1726	1	42355970
sel_scaf	1731	1	42355970
sel_scaf	1734	1	42355970
sel_scaf	1735	1	42355970
sel_scaf	1736	2	42355970
sel_scaf	1737	1	42355970
sel_scaf	1739	1	42355970
sel_scaf	1744	1	42355970
sel_scaf	1749	1	42355970
sel_scaf	1751	1	42355970
sel_scaf	1753	1	42355970
sel_scaf	1754	1	42355970
sel_scaf	1755	1	42355970
sel_scaf	1757	1	42355970
sel_scaf	1758	1	42355970
sel_scaf	1763	1	42355970
sel_scaf	1765	1	42355970
sel_scaf	1766	2	42355970
sel_scaf	1771	1	42355970
sel_scaf	1773	1	42355970
sel_scaf	1775	1	42355970
sel_scaf	1777	1	42355970
sel_scaf	1779	1	42355970
sel_scaf	1780	1	42355970
sel_scaf	1782	1	42355970
sel_scaf	1785	1	42355970
sel_scaf	1788	2	42355970
sel_scaf	1791	1	42355970
sel_scaf	1794	1	42355970
sel_scaf	1795	2	42355970
sel_scaf	1796	1	42355970
sel_scaf	1797	1	42355970
sel_scaf	1798	3	42355970
sel_scaf	1799	1	42355970
sel_scaf	1804	1	42355970
sel_scaf	1806	1	42355970
sel_scaf	1811	1	42355970
sel_scaf	1815	1	42355970
sel_scaf	1816	1	42355970
sel_scaf	1819	1	42355970
sel_scaf	1822	1	42355970
sel_scaf	1823	1	42355970
sel_scaf	1824	1	42355970
sel_scaf	1825	2	42355970
sel_scaf	1827	1	42355970
sel_scaf	1828	2	42355970
sel_scaf	1829	2	42355970
sel_scaf	1830	1	42355970
sel_scaf	1833	2	42355970
sel_scaf	1834	2	42355970
sel_scaf	1837	1	42355970
sel_scaf	1838	1	42355970
sel_scaf	1839	2	42355970
sel_scaf	1840	1	42355970
sel_scaf	1841	2	42355970
sel_scaf	1843	1	42355970
sel_scaf	1844	1	42355970
sel_scaf	1846	1	42355970
sel_scaf	1848	1	42355970
sel_scaf	1852	1	42355970
sel_scaf	1860	1	42355970
sel_scaf	1862	1	42355970
sel_scaf	1863	1	42355970
sel_scaf	1864	1	42355970
sel_scaf	1865	3	42355970
sel_scaf	1866	2	42355970
sel_scaf	1867	2	42355970
sel_scaf	1868	1	42355970
sel_scaf	1871	1	42355970
sel_scaf	1872	10	42355970
sel_scaf	1873	15	42355970
sel_scaf	1874	6	42355970
sel_scaf	1875	4	42355970
sel_scaf	1876	14	42355970
sel_scaf	1877	1	42355970
sel_scaf	1880	2	42355970
sel_scaf	1885	1	42355970
sel_scaf	1887	3	42355970
sel_scaf	1889	1	42355970
sel_scaf	1890	1	42355970
sel_scaf	1893	1	42355970
sel_scaf	1894	1	42355970
sel_scaf	1895	1	42355970
sel_scaf	1897	1	42355970
sel_scaf	1903	1	42355970
sel_scaf	1904	2	42355970
sel_scaf	1905	1	42355970
sel_scaf	1906	1	42355970
sel_scaf	1908	1	42355970
sel_scaf	1909	2	42355970
sel_scaf	1911	1	42355970
sel_scaf	1912	1	42355970
sel_scaf	1917	1	42355970
sel_scaf	1919	1	42355970
sel_scaf	1921	1	42355970
sel_scaf	1924	3	42355970
sel_scaf	1929	1	42355970
sel_scaf	1933	2	42355970
sel_scaf	1935	1	42355970
sel_scaf	1936	2	42355970
sel_scaf	1937	1	42355970
sel_scaf	1944	1	42355970
sel_scaf	1946	2	42355970
sel_scaf	1948	1	42355970
sel_scaf	1950	3	42355970
sel_scaf	1951	1	42355970
sel_scaf	1954	3	42355970
sel_scaf	1957	1	42355970
sel_scaf	1959	1	42355970
sel_scaf	1960	1	42355970
sel_scaf	1962	3	42355970
sel_scaf	1970	2	42355970
sel_scaf	1971	2	42355970
sel_scaf	1975	2	42355970
sel_scaf	1980	1	42355970
sel_scaf	1989	1	42355970
sel_scaf	1992	2	42355970
sel_scaf	1995	1	42355970
sel_scaf	1996	1	42355970
sel_scaf	1997	1	42355970
sel_scaf	1999	2	42355970
sel_scaf	2000	1	42355970
sel_scaf	2001	1	42355970
sel_scaf	2002	2	42355970
sel_scaf	2003	17	42355970
sel_scaf	2004	9	42355970
sel_scaf	2005	1	42355970
sel_scaf	2006	1	42355970
sel_scaf	2010	1	42355970
sel_scaf	2011	2	42355970
sel_scaf	2012	14	42355970
sel_scaf	2013	3	42355970
sel_scaf	2015	1	42355970
sel_scaf	2019	1	42355970
sel_scaf	2021	3	42355970
sel_scaf	2024	1	42355970
sel_scaf	2026	1	42355970
sel_scaf	2027	1	42355970
sel_scaf	2032	1	42355970
sel_scaf	2034	1	42355970
sel_scaf	2038	2	42355970
sel_scaf	2039	1	42355970
sel_scaf	2041	1	42355970
sel_scaf	2044	1	42355970
sel_scaf	2046	2	42355970
sel_scaf	2048	2	42355970
sel_scaf	2051	1	42355970
sel_scaf	2055	1	42355970
sel_scaf	2057	1	42355970
sel_scaf	2064	2	42355970
sel_scaf	2075	2	42355970
sel_scaf	2085	1	42355970
sel_scaf	2087	1	42355970
sel_scaf	2091	1	42355970
sel_scaf	2092	1	42355970
sel_scaf	2094	1	42355970
sel_scaf	2098	1	42355970
sel_scaf	2104	1	42355970
sel_scaf	2110	1	42355970
sel_scaf	2113	1	42355970
sel_scaf	2114	1	42355970
sel_scaf	2118	1	42355970
sel_scaf	2120	1	42355970
sel_scaf	2122	1	42355970
sel_scaf	2129	1	42355970
sel_scaf	2133	1	42355970
sel_scaf	2147	1	42355970
sel_scaf	2158	2	42355970
sel_scaf	2160	1	42355970
sel_scaf	2162	1	42355970
sel_scaf	2167	1	42355970
sel_scaf	2168	1	42355970
sel_scaf	2173	1	42355970
sel_scaf	2178	1	42355970
sel_scaf	2180	1	42355970
sel_scaf	2184	2	42355970
sel_scaf	2192	1	42355970
sel_scaf	2193	1	42355970
sel_scaf	2194	1	42355970
sel_scaf	2198	1	42355970
sel_scaf	2199	1	42355970
sel_scaf	2200	1	42355970
sel_scaf	2203	1	42355970
sel_scaf	2205	1	42355970
sel_scaf	2212	1	42355970
sel_scaf	2213	1	42355970
sel_scaf	2219	2	42355970
sel_scaf	2220	1	42355970
sel_scaf	2225	1	42355970
sel_scaf	2237	2	42355970
sel_scaf	2240	1	42355970
sel_scaf	2243	1	42355970
sel_scaf	2245	2	42355970
sel_scaf	2249	1	42355970
sel_scaf	2254	1	42355970
sel_scaf	2266	1	42355970
sel_scaf	2269	1	42355970
sel_scaf	2273	1	42355970
sel_scaf	2274	1	42355970
sel_scaf	2275	2	42355970
sel_scaf	2278	1	42355970
sel_scaf	2285	1	42355970
sel_scaf	2289	1	42355970
sel_scaf	2290	1	42355970
sel_scaf	2291	1	42355970
sel_scaf	2295	1	42355970
sel_scaf	2302	1	42355970
sel_scaf	2305	1	42355970
sel_scaf	2313	1	42355970
sel_scaf	2314	1	42355970
sel_scaf	2318	1	42355970
sel_scaf	2321	1	42355970
sel_scaf	2322	1	42355970
sel_scaf	2326	1	42355970
sel_scaf	2334	1	42355970
sel_scaf	2338	2	42355970
sel_scaf	2339	1	42355970
sel_scaf	2344	2	42355970
sel_scaf	2350	1	42355970
sel_scaf	2351	1	42355970
sel_scaf	2357	1	42355970
sel_scaf	2361	1	42355970
sel_scaf	2369	1	42355970
sel_scaf	2375	2	42355970
sel_scaf	2376	1	42355970
sel_scaf	2379	1	42355970
sel_scaf	2382	1	42355970
sel_scaf	2383	1	42355970
sel_scaf	2385	1	42355970
sel_scaf	2387	1	42355970
sel_scaf	2389	1	42355970
sel_scaf	2393	1	42355970
sel_scaf	2397	2	42355970
sel_scaf	2398	1	42355970
sel_scaf	2399	1	42355970
sel_scaf	2406	1	42355970
sel_scaf	2411	1	42355970
sel_scaf	2412	2	42355970
sel_scaf	2415	1	42355970
sel_scaf	2418	1	42355970
sel_scaf	2424	1	42355970
sel_scaf	2438	1	42355970
sel_scaf	2441	1	42355970
sel_scaf	2447	1	42355970
sel_scaf	2450	1	42355970
sel_scaf	2452	1	42355970
sel_scaf	2453	1	42355970
sel_scaf	2459	1	42355970
sel_scaf	2461	1	42355970
sel_scaf	2463	1	42355970
sel_scaf	2477	1	42355970
sel_scaf	2478	2	42355970
sel_scaf	2482	1	42355970
sel_scaf	2485	2	42355970
sel_scaf	2495	3	42355970
sel_scaf	2500	1	42355970
sel_scaf	2502	1	42355970
sel_scaf	2503	1	42355970
sel_scaf	2504	1	42355970
sel_scaf	2505	2	42355970
sel_scaf	2508	1	42355970
sel_scaf	2509	3	42355970
sel_scaf	2511	1	42355970
sel_scaf	2512	2	42355970
sel_scaf	2514	4	42355970
sel_scaf	2515	8	42355970
sel_scaf	2516	34	42355970
sel_scaf	2517	10	42355970
sel_scaf	2519	1	42355970
sel_scaf	2520	1	42355970
sel_scaf	2527	1	42355970
sel_scaf	2534	1	42355970
sel_scaf	2538	1	42355970
sel_scaf	2540	1	42355970
sel_scaf	2546	1	42355970
sel_scaf	2547	1	42355970
sel_scaf	2553	1	42355970
sel_scaf	2578	1	42355970
sel_scaf	2583	1	42355970
sel_scaf	2589	1	42355970
sel_scaf	2592	1	42355970
sel_scaf	2600	1	42355970
sel_scaf	2617	1	42355970
sel_scaf	2623	1	42355970
sel_scaf	2626	1	42355970
sel_scaf	2632	1	42355970
sel_scaf	2633	1	42355970
sel_scaf	2643	1	42355970
sel_scaf	2663	1	42355970
sel_scaf	2665	1	42355970
sel_scaf	2667	1	42355970
sel_scaf	2671	1	42355970
sel_scaf	2681	1	42355970
sel_scaf	2683	1	42355970
sel_scaf	2690	1	42355970
sel_scaf	2705	1	42355970
sel_scaf	2716	1	42355970
sel_scaf	2717	1	42355970
sel_scaf	2719	1	42355970
sel_scaf	2726	1	42355970
sel_scaf	2727	1	42355970
sel_scaf	2733	1	42355970
sel_scaf	2742	1	42355970
sel_scaf	2753	1	42355970
sel_scaf	2756	1	42355970
sel_scaf	2757	1	42355970
sel_scaf	2760	1	42355970
sel_scaf	2767	1	42355970
sel_scaf	2776	1	42355970
sel_scaf	2786	2	42355970
sel_scaf	2789	2	42355970
sel_scaf	2794	1	42355970
sel_scaf	2799	1	42355970
sel_scaf	2801	1	42355970
sel_scaf	2805	1	42355970
sel_scaf	2806	1	42355970
sel_scaf	2807	1	42355970
sel_scaf	2808	1	42355970
sel_scaf	2810	1	42355970
sel_scaf	2820	1	42355970
sel_scaf	2822	4	42355970
sel_scaf	2823	1	42355970
sel_scaf	2824	2	42355970
sel_scaf	2825	1	42355970
sel_scaf	2826	2	42355970
sel_scaf	2827	1	42355970
sel_scaf	2829	1	42355970
sel_scaf	2830	1	42355970
sel_scaf	2831	1	42355970
sel_scaf	2832	1	42355970
sel_scaf	2836	1	42355970
sel_scaf	2848	1	42355970
sel_scaf	2852	1	42355970
sel_scaf	2854	1	42355970
sel_scaf	2861	4	42355970
sel_scaf	2863	1	42355970
sel_scaf	2867	1	42355970
sel_scaf	2879	1	42355970
sel_scaf	2908	1	42355970
sel_scaf	2925	4	42355970
sel_scaf	2938	1	42355970
sel_scaf	2948	1	42355970
sel_scaf	2987	1	42355970
sel_scaf	2991	1	42355970
sel_scaf	3002	1	42355970
sel_scaf	3029	1	42355970
sel_scaf	3039	4	42355970
sel_scaf	3043	2	42355970
sel_scaf	3060	1	42355970
sel_scaf	3091	1	42355970
sel_scaf	3094	1	42355970
sel_scaf	3096	1	42355970
sel_scaf	3120	1	42355970
sel_scaf	3126	1	42355970
sel_scaf	3134	1	42355970
sel_scaf	3166	1	42355970
sel_scaf	3174	1	42355970
sel_scaf	3211	1	42355970
sel_scaf	3218	1	42355970
sel_scaf	3268	1	42355970
sel_scaf	3324	1	42355970
sel_scaf	3342	1	42355970
sel_scaf	3367	1	42355970
sel_scaf	3381	1	42355970
sel_scaf	3403	1	42355970
sel_scaf	3410	1	42355970
sel_scaf	3415	1	42355970
sel_scaf	3441	1	42355970
sel_scaf	3463	1	42355970
sel_scaf	3464	1	42355970
sel_scaf	3465	1	42355970
sel_scaf	3491	1	42355970
sel_scaf	3515	1	42355970
sel_scaf	3528	1	42355970
sel_scaf	3544	1	42355970
sel_scaf	3547	1	42355970
sel_scaf	3556	1	42355970
sel_scaf	3570	1	42355970
sel_scaf	3584	1	42355970
sel_scaf	3588	1	42355970
sel_scaf	3608	1	42355970
sel_scaf	3619	1	42355970
sel_scaf	3628	1	42355970
sel_scaf	3630	1	42355970
sel_scaf	3651	1	42355970
sel_scaf	3665	1	42355970
sel_scaf	3666	1	42355970
sel_scaf	3667	1	42355970
sel_scaf	3672	1	42355970
sel_scaf	3673	2	42355970
sel_scaf	3675	1	42355970
sel_scaf	3677	1	42355970
sel_scaf	3679	2	42355970
sel_scaf	3680	4	42355970
sel_scaf	3681	2	42355970
sel_scaf	3682	12	42355970
sel_scaf	3724	1	42355970
sel_scaf	3732	1	42355970
sel_scaf	3762	1	42355970
sel_scaf	3771	1	42355970
sel_scaf	3804	1	42355970
sel_scaf	3852	1	42355970
sel_scaf	3866	1	42355970
sel_scaf	3870	1	42355970
sel_scaf	3886	1	42355970
sel_scaf	3920	1	42355970
sel_scaf	3933	1	42355970
sel_scaf	3966	1	42355970
sel_scaf	3968	1	42355970
sel_scaf	3974	1	42355970
sel_scaf	4012	1	42355970
sel_scaf	4040	1	42355970
sel_scaf	4051	1	42355970
sel_scaf	4070	1	42355970
sel_scaf	4103	1	42355970
sel_scaf	4104	1	42355970
sel_scaf	4112	1	42355970
sel_scaf	4146	1	42355970
sel_scaf	4163	1	42355970
sel_scaf	4185	1	42355970
sel_scaf	4196	1	42355970
sel_scaf	4232	1	42355970
sel_scaf	4246	1	42355970
sel_scaf	4258	1	42355970
sel_scaf	4273	1	42355970
sel_scaf	4302	1	42355970
sel_scaf	4317	1	42355970
sel_scaf	4320	1	42355970
sel_scaf	4340	1	42355970
sel_scaf	4364	1	42355970
sel_scaf	4370	1	42355970
sel_scaf	4372	1	42355970
sel_scaf	4390	1	42355970
sel_scaf	4398	1	42355970
sel_scaf	4401	1	42355970
sel_scaf	4406	2	42355970
sel_scaf	4409	1	42355970
sel_scaf	4410	1	42355970
sel_scaf	4414	2	42355970
sel_scaf	4415	3	42355970
sel_scaf	4418	1	42355970
sel_scaf	4419	1	42355970
sel_scaf	4422	1	42355970
sel_scaf	4427	1	42355970
sel_scaf	4433	1	42355970
sel_scaf	4442	1	42355970
sel_scaf	4452	1	42355970
sel_scaf	4454	2	42355970
sel_scaf	4455	1	42355970
sel_scaf	4456	2	42355970
sel_scaf	4457	1	42355970
sel_scaf	4460	1	42355970
sel_scaf	4461	1	42355970
sel_scaf	4462	2	42355970
sel_scaf	4464	3	42355970
sel_scaf	4466	2	42355970
sel_scaf	4468	2	42355970
sel_scaf	4469	2	42355970
sel_scaf	4470	2	42355970
sel_scaf	4471	2	42355970
sel_scaf	4473	1	42355970
sel_scaf	4503	1	42355970
sel_scaf	4524	1	42355970
sel_scaf	4556	1	42355970
sel_scaf	4557	1	42355970
sel_scaf	4592	1	42355970
sel_scaf	4596	1	42355970
sel_scaf	4652	1	42355970
sel_scaf	4660	1	42355970
sel_scaf	4699	1	42355970
sel_scaf	4727	1	42355970
sel_scaf	4754	1	42355970
sel_scaf	4772	1	42355970
sel_scaf	4774	1	42355970
sel_scaf	4797	2	42355970
sel_scaf	4802	1	42355970
sel_scaf	4803	1	42355970
sel_scaf	4820	1	42355970
sel_scaf	4826	1	42355970
