feature	depth	Nsites	totalNsites
sel_scaf	0	6644880	42355970
sel_scaf	1	1082024	42355970
sel_scaf	2	1003600	42355970
sel_scaf	3	989029	42355970
sel_scaf	4	999231	42355970
sel_scaf	5	1003480	42355970
sel_scaf	6	1007985	42355970
sel_scaf	7	1003399	42355970
sel_scaf	8	1016492	42355970
sel_scaf	9	1022896	42355970
sel_scaf	10	1024491	42355970
sel_scaf	11	1025890	42355970
sel_scaf	12	1022546	42355970
sel_scaf	13	1024858	42355970
sel_scaf	14	1015503	42355970
sel_scaf	15	1011292	42355970
sel_scaf	16	1006328	42355970
sel_scaf	17	998468	42355970
sel_scaf	18	986648	42355970
sel_scaf	19	971483	42355970
sel_scaf	20	960460	42355970
sel_scaf	21	940815	42355970
sel_scaf	22	923927	42355970
sel_scaf	23	903585	42355970
sel_scaf	24	876321	42355970
sel_scaf	25	850607	42355970
sel_scaf	26	823235	42355970
sel_scaf	27	792781	42355970
sel_scaf	28	757328	42355970
sel_scaf	29	721455	42355970
sel_scaf	30	687299	42355970
sel_scaf	31	648041	42355970
sel_scaf	32	604903	42355970
sel_scaf	33	565713	42355970
sel_scaf	34	526873	42355970
sel_scaf	35	485761	42355970
sel_scaf	36	447193	42355970
sel_scaf	37	411749	42355970
sel_scaf	38	375122	42355970
sel_scaf	39	342844	42355970
sel_scaf	40	311924	42355970
sel_scaf	41	282545	42355970
sel_scaf	42	252588	42355970
sel_scaf	43	225426	42355970
sel_scaf	44	201745	42355970
sel_scaf	45	180817	42355970
sel_scaf	46	160454	42355970
sel_scaf	47	142504	42355970
sel_scaf	48	127240	42355970
sel_scaf	49	112024	42355970
sel_scaf	50	97568	42355970
sel_scaf	51	86157	42355970
sel_scaf	52	76009	42355970
sel_scaf	53	66601	42355970
sel_scaf	54	57457	42355970
sel_scaf	55	49342	42355970
sel_scaf	56	43318	42355970
sel_scaf	57	37916	42355970
sel_scaf	58	32376	42355970
sel_scaf	59	28050	42355970
sel_scaf	60	24683	42355970
sel_scaf	61	21926	42355970
sel_scaf	62	19328	42355970
sel_scaf	63	16815	42355970
sel_scaf	64	14597	42355970
sel_scaf	65	12684	42355970
sel_scaf	66	11023	42355970
sel_scaf	67	9608	42355970
sel_scaf	68	8337	42355970
sel_scaf	69	7380	42355970
sel_scaf	70	6583	42355970
sel_scaf	71	5953	42355970
sel_scaf	72	4990	42355970
sel_scaf	73	4707	42355970
sel_scaf	74	4217	42355970
sel_scaf	75	3683	42355970
sel_scaf	76	3463	42355970
sel_scaf	77	3168	42355970
sel_scaf	78	2969	42355970
sel_scaf	79	2871	42355970
sel_scaf	80	2660	42355970
sel_scaf	81	2403	42355970
sel_scaf	82	2127	42355970
sel_scaf	83	1931	42355970
sel_scaf	84	1825	42355970
sel_scaf	85	1881	42355970
sel_scaf	86	1739	42355970
sel_scaf	87	1725	42355970
sel_scaf	88	1570	42355970
sel_scaf	89	1512	42355970
sel_scaf	90	1542	42355970
sel_scaf	91	1447	42355970
sel_scaf	92	1271	42355970
sel_scaf	93	1277	42355970
sel_scaf	94	1217	42355970
sel_scaf	95	1247	42355970
sel_scaf	96	1192	42355970
sel_scaf	97	1187	42355970
sel_scaf	98	1132	42355970
sel_scaf	99	1024	42355970
sel_scaf	100	1033	42355970
sel_scaf	101	1009	42355970
sel_scaf	102	1032	42355970
sel_scaf	103	989	42355970
sel_scaf	104	940	42355970
sel_scaf	105	923	42355970
sel_scaf	106	859	42355970
sel_scaf	107	797	42355970
sel_scaf	108	831	42355970
sel_scaf	109	807	42355970
sel_scaf	110	772	42355970
sel_scaf	111	817	42355970
sel_scaf	112	795	42355970
sel_scaf	113	762	42355970
sel_scaf	114	669	42355970
sel_scaf	115	687	42355970
sel_scaf	116	621	42355970
sel_scaf	117	595	42355970
sel_scaf	118	560	42355970
sel_scaf	119	588	42355970
sel_scaf	120	568	42355970
sel_scaf	121	495	42355970
sel_scaf	122	513	42355970
sel_scaf	123	602	42355970
sel_scaf	124	512	42355970
sel_scaf	125	505	42355970
sel_scaf	126	535	42355970
sel_scaf	127	484	42355970
sel_scaf	128	458	42355970
sel_scaf	129	451	42355970
sel_scaf	130	523	42355970
sel_scaf	131	473	42355970
sel_scaf	132	435	42355970
sel_scaf	133	452	42355970
sel_scaf	134	410	42355970
sel_scaf	135	387	42355970
sel_scaf	136	371	42355970
sel_scaf	137	363	42355970
sel_scaf	138	363	42355970
sel_scaf	139	309	42355970
sel_scaf	140	319	42355970
sel_scaf	141	316	42355970
sel_scaf	142	326	42355970
sel_scaf	143	302	42355970
sel_scaf	144	347	42355970
sel_scaf	145	292	42355970
sel_scaf	146	304	42355970
sel_scaf	147	310	42355970
sel_scaf	148	278	42355970
sel_scaf	149	273	42355970
sel_scaf	150	288	42355970
sel_scaf	151	286	42355970
sel_scaf	152	240	42355970
sel_scaf	153	239	42355970
sel_scaf	154	259	42355970
sel_scaf	155	250	42355970
sel_scaf	156	241	42355970
sel_scaf	157	216	42355970
sel_scaf	158	228	42355970
sel_scaf	159	265	42355970
sel_scaf	160	232	42355970
sel_scaf	161	199	42355970
sel_scaf	162	235	42355970
sel_scaf	163	214	42355970
sel_scaf	164	232	42355970
sel_scaf	165	220	42355970
sel_scaf	166	223	42355970
sel_scaf	167	254	42355970
sel_scaf	168	249	42355970
sel_scaf	169	228	42355970
sel_scaf	170	196	42355970
sel_scaf	171	213	42355970
sel_scaf	172	228	42355970
sel_scaf	173	251	42355970
sel_scaf	174	240	42355970
sel_scaf	175	179	42355970
sel_scaf	176	154	42355970
sel_scaf	177	160	42355970
sel_scaf	178	164	42355970
sel_scaf	179	156	42355970
sel_scaf	180	146	42355970
sel_scaf	181	172	42355970
sel_scaf	182	157	42355970
sel_scaf	183	137	42355970
sel_scaf	184	174	42355970
sel_scaf	185	161	42355970
sel_scaf	186	119	42355970
sel_scaf	187	149	42355970
sel_scaf	188	121	42355970
sel_scaf	189	123	42355970
sel_scaf	190	144	42355970
sel_scaf	191	128	42355970
sel_scaf	192	122	42355970
sel_scaf	193	123	42355970
sel_scaf	194	178	42355970
sel_scaf	195	181	42355970
sel_scaf	196	160	42355970
sel_scaf	197	163	42355970
sel_scaf	198	199	42355970
sel_scaf	199	173	42355970
sel_scaf	200	199	42355970
sel_scaf	201	156	42355970
sel_scaf	202	101	42355970
sel_scaf	203	84	42355970
sel_scaf	204	117	42355970
sel_scaf	205	109	42355970
sel_scaf	206	126	42355970
sel_scaf	207	135	42355970
sel_scaf	208	132	42355970
sel_scaf	209	137	42355970
sel_scaf	210	123	42355970
sel_scaf	211	158	42355970
sel_scaf	212	108	42355970
sel_scaf	213	103	42355970
sel_scaf	214	99	42355970
sel_scaf	215	94	42355970
sel_scaf	216	99	42355970
sel_scaf	217	113	42355970
sel_scaf	218	113	42355970
sel_scaf	219	123	42355970
sel_scaf	220	138	42355970
sel_scaf	221	115	42355970
sel_scaf	222	129	42355970
sel_scaf	223	148	42355970
sel_scaf	224	122	42355970
sel_scaf	225	131	42355970
sel_scaf	226	134	42355970
sel_scaf	227	141	42355970
sel_scaf	228	156	42355970
sel_scaf	229	120	42355970
sel_scaf	230	116	42355970
sel_scaf	231	110	42355970
sel_scaf	232	106	42355970
sel_scaf	233	82	42355970
sel_scaf	234	105	42355970
sel_scaf	235	122	42355970
sel_scaf	236	109	42355970
sel_scaf	237	99	42355970
sel_scaf	238	128	42355970
sel_scaf	239	122	42355970
sel_scaf	240	105	42355970
sel_scaf	241	99	42355970
sel_scaf	242	123	42355970
sel_scaf	243	79	42355970
sel_scaf	244	87	42355970
sel_scaf	245	88	42355970
sel_scaf	246	74	42355970
sel_scaf	247	89	42355970
sel_scaf	248	96	42355970
sel_scaf	249	110	42355970
sel_scaf	250	86	42355970
sel_scaf	251	106	42355970
sel_scaf	252	80	42355970
sel_scaf	253	81	42355970
sel_scaf	254	88	42355970
sel_scaf	255	96	42355970
sel_scaf	256	83	42355970
sel_scaf	257	106	42355970
sel_scaf	258	87	42355970
sel_scaf	259	82	42355970
sel_scaf	260	73	42355970
sel_scaf	261	64	42355970
sel_scaf	262	57	42355970
sel_scaf	263	43	42355970
sel_scaf	264	62	42355970
sel_scaf	265	40	42355970
sel_scaf	266	51	42355970
sel_scaf	267	56	42355970
sel_scaf	268	64	42355970
sel_scaf	269	50	42355970
sel_scaf	270	62	42355970
sel_scaf	271	53	42355970
sel_scaf	272	78	42355970
sel_scaf	273	68	42355970
sel_scaf	274	59	42355970
sel_scaf	275	52	42355970
sel_scaf	276	71	42355970
sel_scaf	277	58	42355970
sel_scaf	278	56	42355970
sel_scaf	279	46	42355970
sel_scaf	280	50	42355970
sel_scaf	281	41	42355970
sel_scaf	282	44	42355970
sel_scaf	283	58	42355970
sel_scaf	284	53	42355970
sel_scaf	285	53	42355970
sel_scaf	286	67	42355970
sel_scaf	287	70	42355970
sel_scaf	288	57	42355970
sel_scaf	289	62	42355970
sel_scaf	290	46	42355970
sel_scaf	291	76	42355970
sel_scaf	292	42	42355970
sel_scaf	293	39	42355970
sel_scaf	294	39	42355970
sel_scaf	295	56	42355970
sel_scaf	296	45	42355970
sel_scaf	297	39	42355970
sel_scaf	298	44	42355970
sel_scaf	299	33	42355970
sel_scaf	300	44	42355970
sel_scaf	301	24	42355970
sel_scaf	302	41	42355970
sel_scaf	303	32	42355970
sel_scaf	304	38	42355970
sel_scaf	305	40	42355970
sel_scaf	306	36	42355970
sel_scaf	307	47	42355970
sel_scaf	308	44	42355970
sel_scaf	309	29	42355970
sel_scaf	310	38	42355970
sel_scaf	311	28	42355970
sel_scaf	312	28	42355970
sel_scaf	313	26	42355970
sel_scaf	314	45	42355970
sel_scaf	315	28	42355970
sel_scaf	316	43	42355970
sel_scaf	317	43	42355970
sel_scaf	318	34	42355970
sel_scaf	319	36	42355970
sel_scaf	320	31	42355970
sel_scaf	321	38	42355970
sel_scaf	322	24	42355970
sel_scaf	323	38	42355970
sel_scaf	324	28	42355970
sel_scaf	325	18	42355970
sel_scaf	326	35	42355970
sel_scaf	327	35	42355970
sel_scaf	328	24	42355970
sel_scaf	329	31	42355970
sel_scaf	330	16	42355970
sel_scaf	331	36	42355970
sel_scaf	332	23	42355970
sel_scaf	333	37	42355970
sel_scaf	334	26	42355970
sel_scaf	335	25	42355970
sel_scaf	336	25	42355970
sel_scaf	337	23	42355970
sel_scaf	338	41	42355970
sel_scaf	339	30	42355970
sel_scaf	340	38	42355970
sel_scaf	341	28	42355970
sel_scaf	342	22	42355970
sel_scaf	343	34	42355970
sel_scaf	344	39	42355970
sel_scaf	345	26	42355970
sel_scaf	346	20	42355970
sel_scaf	347	17	42355970
sel_scaf	348	20	42355970
sel_scaf	349	20	42355970
sel_scaf	350	25	42355970
sel_scaf	351	27	42355970
sel_scaf	352	41	42355970
sel_scaf	353	23	42355970
sel_scaf	354	17	42355970
sel_scaf	355	31	42355970
sel_scaf	356	25	42355970
sel_scaf	357	21	42355970
sel_scaf	358	21	42355970
sel_scaf	359	16	42355970
sel_scaf	360	27	42355970
sel_scaf	361	24	42355970
sel_scaf	362	29	42355970
sel_scaf	363	22	42355970
sel_scaf	364	20	42355970
sel_scaf	365	41	42355970
sel_scaf	366	42	42355970
sel_scaf	367	25	42355970
sel_scaf	368	31	42355970
sel_scaf	369	25	42355970
sel_scaf	370	28	42355970
sel_scaf	371	47	42355970
sel_scaf	372	31	42355970
sel_scaf	373	39	42355970
sel_scaf	374	30	42355970
sel_scaf	375	21	42355970
sel_scaf	376	17	42355970
sel_scaf	377	23	42355970
sel_scaf	378	28	42355970
sel_scaf	379	31	42355970
sel_scaf	380	28	42355970
sel_scaf	381	36	42355970
sel_scaf	382	27	42355970
sel_scaf	383	13	42355970
sel_scaf	384	23	42355970
sel_scaf	385	27	42355970
sel_scaf	386	21	42355970
sel_scaf	387	12	42355970
sel_scaf	388	16	42355970
sel_scaf	389	18	42355970
sel_scaf	390	15	42355970
sel_scaf	391	23	42355970
sel_scaf	392	20	42355970
sel_scaf	393	19	42355970
sel_scaf	394	13	42355970
sel_scaf	395	10	42355970
sel_scaf	396	18	42355970
sel_scaf	397	7	42355970
sel_scaf	398	11	42355970
sel_scaf	399	24	42355970
sel_scaf	400	15	42355970
sel_scaf	401	13	42355970
sel_scaf	402	26	42355970
sel_scaf	403	27	42355970
sel_scaf	404	21	42355970
sel_scaf	405	34	42355970
sel_scaf	406	24	42355970
sel_scaf	407	20	42355970
sel_scaf	408	19	42355970
sel_scaf	409	13	42355970
sel_scaf	410	17	42355970
sel_scaf	411	24	42355970
sel_scaf	412	17	42355970
sel_scaf	413	22	42355970
sel_scaf	414	14	42355970
sel_scaf	415	11	42355970
sel_scaf	416	6	42355970
sel_scaf	417	13	42355970
sel_scaf	418	14	42355970
sel_scaf	419	14	42355970
sel_scaf	420	9	42355970
sel_scaf	421	15	42355970
sel_scaf	422	16	42355970
sel_scaf	423	15	42355970
sel_scaf	424	15	42355970
sel_scaf	425	19	42355970
sel_scaf	426	25	42355970
sel_scaf	427	15	42355970
sel_scaf	428	27	42355970
sel_scaf	429	32	42355970
sel_scaf	430	28	42355970
sel_scaf	431	22	42355970
sel_scaf	432	22	42355970
sel_scaf	433	20	42355970
sel_scaf	434	25	42355970
sel_scaf	435	24	42355970
sel_scaf	436	15	42355970
sel_scaf	437	20	42355970
sel_scaf	438	10	42355970
sel_scaf	439	17	42355970
sel_scaf	440	17	42355970
sel_scaf	441	17	42355970
sel_scaf	442	16	42355970
sel_scaf	443	16	42355970
sel_scaf	444	12	42355970
sel_scaf	445	15	42355970
sel_scaf	446	16	42355970
sel_scaf	447	9	42355970
sel_scaf	448	15	42355970
sel_scaf	449	10	42355970
sel_scaf	450	9	42355970
sel_scaf	451	18	42355970
sel_scaf	452	8	42355970
sel_scaf	453	20	42355970
sel_scaf	454	13	42355970
sel_scaf	455	16	42355970
sel_scaf	456	10	42355970
sel_scaf	457	9	42355970
sel_scaf	458	9	42355970
sel_scaf	459	9	42355970
sel_scaf	460	6	42355970
sel_scaf	461	5	42355970
sel_scaf	462	8	42355970
sel_scaf	463	9	42355970
sel_scaf	464	5	42355970
sel_scaf	465	9	42355970
sel_scaf	466	8	42355970
sel_scaf	467	3	42355970
sel_scaf	468	10	42355970
sel_scaf	469	6	42355970
sel_scaf	470	10	42355970
sel_scaf	471	4	42355970
sel_scaf	472	4	42355970
sel_scaf	473	5	42355970
sel_scaf	474	12	42355970
sel_scaf	475	10	42355970
sel_scaf	476	10	42355970
sel_scaf	477	3	42355970
sel_scaf	478	11	42355970
sel_scaf	479	11	42355970
sel_scaf	480	15	42355970
sel_scaf	481	19	42355970
sel_scaf	482	14	42355970
sel_scaf	483	5	42355970
sel_scaf	484	7	42355970
sel_scaf	485	16	42355970
sel_scaf	486	15	42355970
sel_scaf	487	9	42355970
sel_scaf	488	12	42355970
sel_scaf	489	12	42355970
sel_scaf	490	11	42355970
sel_scaf	491	5	42355970
sel_scaf	492	14	42355970
sel_scaf	493	11	42355970
sel_scaf	494	9	42355970
sel_scaf	495	11	42355970
sel_scaf	496	29	42355970
sel_scaf	497	16	42355970
sel_scaf	498	11	42355970
sel_scaf	499	8	42355970
sel_scaf	500	5	42355970
sel_scaf	501	7	42355970
sel_scaf	502	8	42355970
sel_scaf	503	10	42355970
sel_scaf	504	5	42355970
sel_scaf	505	8	42355970
sel_scaf	506	11	42355970
sel_scaf	507	9	42355970
sel_scaf	508	11	42355970
sel_scaf	509	9	42355970
sel_scaf	510	7	42355970
sel_scaf	511	8	42355970
sel_scaf	512	15	42355970
sel_scaf	513	8	42355970
sel_scaf	514	11	42355970
sel_scaf	515	13	42355970
sel_scaf	516	9	42355970
sel_scaf	517	14	42355970
sel_scaf	518	4	42355970
sel_scaf	519	4	42355970
sel_scaf	520	14	42355970
sel_scaf	521	11	42355970
sel_scaf	522	5	42355970
sel_scaf	523	4	42355970
sel_scaf	524	8	42355970
sel_scaf	525	9	42355970
sel_scaf	526	8	42355970
sel_scaf	527	7	42355970
sel_scaf	528	10	42355970
sel_scaf	529	5	42355970
sel_scaf	530	11	42355970
sel_scaf	531	6	42355970
sel_scaf	532	8	42355970
sel_scaf	533	11	42355970
sel_scaf	534	6	42355970
sel_scaf	535	9	42355970
sel_scaf	536	15	42355970
sel_scaf	537	17	42355970
sel_scaf	538	16	42355970
sel_scaf	539	13	42355970
sel_scaf	540	8	42355970
sel_scaf	541	9	42355970
sel_scaf	542	10	42355970
sel_scaf	543	13	42355970
sel_scaf	544	5	42355970
sel_scaf	545	20	42355970
sel_scaf	546	10	42355970
sel_scaf	547	12	42355970
sel_scaf	548	6	42355970
sel_scaf	549	9	42355970
sel_scaf	550	6	42355970
sel_scaf	551	6	42355970
sel_scaf	552	5	42355970
sel_scaf	553	11	42355970
sel_scaf	554	11	42355970
sel_scaf	555	7	42355970
sel_scaf	556	18	42355970
sel_scaf	557	14	42355970
sel_scaf	558	10	42355970
sel_scaf	559	10	42355970
sel_scaf	560	7	42355970
sel_scaf	561	8	42355970
sel_scaf	562	13	42355970
sel_scaf	563	10	42355970
sel_scaf	564	11	42355970
sel_scaf	565	11	42355970
sel_scaf	566	12	42355970
sel_scaf	567	15	42355970
sel_scaf	568	15	42355970
sel_scaf	569	11	42355970
sel_scaf	570	31	42355970
sel_scaf	571	11	42355970
sel_scaf	572	12	42355970
sel_scaf	573	10	42355970
sel_scaf	574	17	42355970
sel_scaf	575	9	42355970
sel_scaf	576	15	42355970
sel_scaf	577	9	42355970
sel_scaf	578	12	42355970
sel_scaf	579	8	42355970
sel_scaf	580	8	42355970
sel_scaf	581	11	42355970
sel_scaf	582	4	42355970
sel_scaf	583	6	42355970
sel_scaf	584	3	42355970
sel_scaf	585	6	42355970
sel_scaf	586	8	42355970
sel_scaf	587	6	42355970
sel_scaf	588	7	42355970
sel_scaf	589	9	42355970
sel_scaf	590	9	42355970
sel_scaf	591	6	42355970
sel_scaf	592	8	42355970
sel_scaf	593	9	42355970
sel_scaf	594	13	42355970
sel_scaf	595	8	42355970
sel_scaf	596	12	42355970
sel_scaf	597	9	42355970
sel_scaf	598	6	42355970
sel_scaf	599	8	42355970
sel_scaf	600	7	42355970
sel_scaf	601	9	42355970
sel_scaf	602	12	42355970
sel_scaf	603	10	42355970
sel_scaf	604	8	42355970
sel_scaf	605	8	42355970
sel_scaf	606	11	42355970
sel_scaf	607	11	42355970
sel_scaf	608	9	42355970
sel_scaf	609	8	42355970
sel_scaf	610	7	42355970
sel_scaf	611	8	42355970
sel_scaf	612	5	42355970
sel_scaf	613	6	42355970
sel_scaf	614	4	42355970
sel_scaf	615	6	42355970
sel_scaf	616	4	42355970
sel_scaf	617	9	42355970
sel_scaf	618	12	42355970
sel_scaf	619	5	42355970
sel_scaf	620	10	42355970
sel_scaf	621	12	42355970
sel_scaf	622	15	42355970
sel_scaf	623	11	42355970
sel_scaf	624	12	42355970
sel_scaf	625	9	42355970
sel_scaf	626	11	42355970
sel_scaf	627	4	42355970
sel_scaf	628	7	42355970
sel_scaf	629	7	42355970
sel_scaf	630	7	42355970
sel_scaf	631	7	42355970
sel_scaf	632	10	42355970
sel_scaf	633	4	42355970
sel_scaf	634	4	42355970
sel_scaf	635	6	42355970
sel_scaf	636	7	42355970
sel_scaf	637	7	42355970
sel_scaf	638	5	42355970
sel_scaf	639	3	42355970
sel_scaf	640	7	42355970
sel_scaf	641	6	42355970
sel_scaf	642	5	42355970
sel_scaf	643	6	42355970
sel_scaf	644	7	42355970
sel_scaf	645	5	42355970
sel_scaf	646	10	42355970
sel_scaf	647	7	42355970
sel_scaf	648	6	42355970
sel_scaf	649	8	42355970
sel_scaf	650	5	42355970
sel_scaf	651	3	42355970
sel_scaf	652	3	42355970
sel_scaf	653	8	42355970
sel_scaf	654	3	42355970
sel_scaf	655	2	42355970
sel_scaf	656	6	42355970
sel_scaf	657	6	42355970
sel_scaf	658	1	42355970
sel_scaf	659	4	42355970
sel_scaf	660	7	42355970
sel_scaf	661	4	42355970
sel_scaf	662	5	42355970
sel_scaf	663	1	42355970
sel_scaf	664	5	42355970
sel_scaf	665	6	42355970
sel_scaf	666	6	42355970
sel_scaf	667	3	42355970
sel_scaf	668	6	42355970
sel_scaf	669	2	42355970
sel_scaf	670	11	42355970
sel_scaf	672	3	42355970
sel_scaf	673	3	42355970
sel_scaf	674	2	42355970
sel_scaf	675	6	42355970
sel_scaf	676	3	42355970
sel_scaf	677	8	42355970
sel_scaf	678	4	42355970
sel_scaf	679	5	42355970
sel_scaf	680	4	42355970
sel_scaf	681	7	42355970
sel_scaf	682	5	42355970
sel_scaf	683	12	42355970
sel_scaf	684	5	42355970
sel_scaf	685	2	42355970
sel_scaf	686	10	42355970
sel_scaf	687	7	42355970
sel_scaf	688	7	42355970
sel_scaf	689	5	42355970
sel_scaf	690	12	42355970
sel_scaf	691	6	42355970
sel_scaf	692	6	42355970
sel_scaf	693	10	42355970
sel_scaf	694	5	42355970
sel_scaf	695	8	42355970
sel_scaf	696	3	42355970
sel_scaf	697	9	42355970
sel_scaf	698	4	42355970
sel_scaf	699	5	42355970
sel_scaf	700	5	42355970
sel_scaf	701	6	42355970
sel_scaf	702	5	42355970
sel_scaf	703	3	42355970
sel_scaf	704	8	42355970
sel_scaf	705	7	42355970
sel_scaf	706	6	42355970
sel_scaf	707	9	42355970
sel_scaf	708	13	42355970
sel_scaf	709	7	42355970
sel_scaf	710	5	42355970
sel_scaf	711	6	42355970
sel_scaf	712	7	42355970
sel_scaf	713	4	42355970
sel_scaf	714	9	42355970
sel_scaf	715	5	42355970
sel_scaf	716	5	42355970
sel_scaf	717	8	42355970
sel_scaf	718	4	42355970
sel_scaf	719	3	42355970
sel_scaf	720	5	42355970
sel_scaf	721	4	42355970
sel_scaf	722	3	42355970
sel_scaf	723	5	42355970
sel_scaf	724	3	42355970
sel_scaf	725	3	42355970
sel_scaf	726	1	42355970
sel_scaf	727	8	42355970
sel_scaf	728	5	42355970
sel_scaf	729	3	42355970
sel_scaf	730	1	42355970
sel_scaf	731	2	42355970
sel_scaf	732	7	42355970
sel_scaf	733	3	42355970
sel_scaf	734	3	42355970
sel_scaf	735	3	42355970
sel_scaf	736	1	42355970
sel_scaf	737	5	42355970
sel_scaf	738	3	42355970
sel_scaf	739	6	42355970
sel_scaf	740	6	42355970
sel_scaf	741	3	42355970
sel_scaf	742	4	42355970
sel_scaf	743	7	42355970
sel_scaf	744	6	42355970
sel_scaf	745	8	42355970
sel_scaf	746	6	42355970
sel_scaf	747	3	42355970
sel_scaf	748	9	42355970
sel_scaf	749	14	42355970
sel_scaf	750	5	42355970
sel_scaf	751	5	42355970
sel_scaf	752	13	42355970
sel_scaf	753	7	42355970
sel_scaf	754	6	42355970
sel_scaf	755	3	42355970
sel_scaf	756	2	42355970
sel_scaf	757	3	42355970
sel_scaf	758	8	42355970
sel_scaf	759	6	42355970
sel_scaf	760	4	42355970
sel_scaf	761	2	42355970
sel_scaf	762	6	42355970
sel_scaf	763	4	42355970
sel_scaf	764	3	42355970
sel_scaf	765	3	42355970
sel_scaf	766	1	42355970
sel_scaf	767	4	42355970
sel_scaf	768	4	42355970
sel_scaf	769	5	42355970
sel_scaf	770	1	42355970
sel_scaf	771	2	42355970
sel_scaf	772	4	42355970
sel_scaf	773	3	42355970
sel_scaf	774	8	42355970
sel_scaf	776	3	42355970
sel_scaf	777	3	42355970
sel_scaf	778	6	42355970
sel_scaf	779	6	42355970
sel_scaf	780	4	42355970
sel_scaf	781	2	42355970
sel_scaf	782	4	42355970
sel_scaf	783	9	42355970
sel_scaf	784	3	42355970
sel_scaf	785	5	42355970
sel_scaf	786	5	42355970
sel_scaf	787	8	42355970
sel_scaf	788	4	42355970
sel_scaf	789	8	42355970
sel_scaf	790	3	42355970
sel_scaf	791	3	42355970
sel_scaf	792	3	42355970
sel_scaf	793	2	42355970
sel_scaf	794	5	42355970
sel_scaf	795	1	42355970
sel_scaf	796	2	42355970
sel_scaf	797	2	42355970
sel_scaf	798	2	42355970
sel_scaf	799	4	42355970
sel_scaf	800	2	42355970
sel_scaf	802	3	42355970
sel_scaf	803	4	42355970
sel_scaf	804	2	42355970
sel_scaf	805	7	42355970
sel_scaf	806	2	42355970
sel_scaf	807	7	42355970
sel_scaf	808	5	42355970
sel_scaf	809	3	42355970
sel_scaf	810	9	42355970
sel_scaf	811	5	42355970
sel_scaf	812	3	42355970
sel_scaf	813	1	42355970
sel_scaf	814	3	42355970
sel_scaf	815	2	42355970
sel_scaf	816	2	42355970
sel_scaf	817	2	42355970
sel_scaf	818	1	42355970
sel_scaf	819	4	42355970
sel_scaf	821	4	42355970
sel_scaf	822	4	42355970
sel_scaf	823	2	42355970
sel_scaf	824	2	42355970
sel_scaf	826	1	42355970
sel_scaf	827	1	42355970
sel_scaf	829	2	42355970
sel_scaf	830	1	42355970
sel_scaf	831	4	42355970
sel_scaf	832	2	42355970
sel_scaf	833	1	42355970
sel_scaf	834	4	42355970
sel_scaf	837	1	42355970
sel_scaf	838	1	42355970
sel_scaf	839	1	42355970
sel_scaf	840	2	42355970
sel_scaf	842	1	42355970
sel_scaf	844	1	42355970
sel_scaf	846	2	42355970
sel_scaf	847	1	42355970
sel_scaf	848	3	42355970
sel_scaf	849	2	42355970
sel_scaf	850	3	42355970
sel_scaf	852	2	42355970
sel_scaf	853	2	42355970
sel_scaf	854	1	42355970
sel_scaf	855	4	42355970
sel_scaf	856	1	42355970
sel_scaf	857	2	42355970
sel_scaf	858	1	42355970
sel_scaf	859	1	42355970
sel_scaf	860	1	42355970
sel_scaf	862	2	42355970
sel_scaf	863	1	42355970
sel_scaf	864	2	42355970
sel_scaf	865	1	42355970
sel_scaf	866	3	42355970
sel_scaf	867	1	42355970
sel_scaf	868	1	42355970
sel_scaf	869	1	42355970
sel_scaf	870	2	42355970
sel_scaf	871	1	42355970
sel_scaf	872	2	42355970
sel_scaf	873	4	42355970
sel_scaf	874	1	42355970
sel_scaf	875	2	42355970
sel_scaf	876	4	42355970
sel_scaf	877	2	42355970
sel_scaf	878	2	42355970
sel_scaf	879	1	42355970
sel_scaf	880	1	42355970
sel_scaf	881	6	42355970
sel_scaf	882	5	42355970
sel_scaf	883	1	42355970
sel_scaf	884	4	42355970
sel_scaf	885	7	42355970
sel_scaf	886	5	42355970
sel_scaf	887	7	42355970
sel_scaf	888	4	42355970
sel_scaf	890	1	42355970
sel_scaf	891	3	42355970
sel_scaf	893	3	42355970
sel_scaf	894	3	42355970
sel_scaf	895	5	42355970
sel_scaf	896	2	42355970
sel_scaf	898	3	42355970
sel_scaf	899	3	42355970
sel_scaf	900	3	42355970
sel_scaf	901	6	42355970
sel_scaf	902	2	42355970
sel_scaf	903	1	42355970
sel_scaf	904	1	42355970
sel_scaf	905	5	42355970
sel_scaf	906	1	42355970
sel_scaf	907	2	42355970
sel_scaf	908	3	42355970
sel_scaf	909	3	42355970
sel_scaf	910	2	42355970
sel_scaf	911	3	42355970
sel_scaf	912	1	42355970
sel_scaf	913	2	42355970
sel_scaf	914	4	42355970
sel_scaf	915	2	42355970
sel_scaf	916	3	42355970
sel_scaf	917	1	42355970
sel_scaf	918	1	42355970
sel_scaf	919	1	42355970
sel_scaf	920	1	42355970
sel_scaf	921	2	42355970
sel_scaf	922	3	42355970
sel_scaf	924	4	42355970
sel_scaf	926	4	42355970
sel_scaf	927	3	42355970
sel_scaf	928	1	42355970
sel_scaf	929	1	42355970
sel_scaf	930	2	42355970
sel_scaf	931	2	42355970
sel_scaf	936	1	42355970
sel_scaf	937	3	42355970
sel_scaf	938	1	42355970
sel_scaf	939	1	42355970
sel_scaf	940	2	42355970
sel_scaf	942	1	42355970
sel_scaf	945	2	42355970
sel_scaf	948	2	42355970
sel_scaf	951	1	42355970
sel_scaf	952	2	42355970
sel_scaf	955	1	42355970
sel_scaf	956	2	42355970
sel_scaf	957	2	42355970
sel_scaf	958	1	42355970
sel_scaf	959	1	42355970
sel_scaf	960	4	42355970
sel_scaf	961	3	42355970
sel_scaf	962	1	42355970
sel_scaf	963	1	42355970
sel_scaf	965	2	42355970
sel_scaf	967	3	42355970
sel_scaf	968	2	42355970
sel_scaf	969	3	42355970
sel_scaf	970	1	42355970
sel_scaf	971	2	42355970
sel_scaf	972	3	42355970
sel_scaf	973	1	42355970
sel_scaf	975	2	42355970
sel_scaf	976	3	42355970
sel_scaf	977	3	42355970
sel_scaf	978	3	42355970
sel_scaf	979	2	42355970
sel_scaf	980	2	42355970
sel_scaf	982	1	42355970
sel_scaf	983	1	42355970
sel_scaf	984	3	42355970
sel_scaf	985	4	42355970
sel_scaf	986	3	42355970
sel_scaf	987	2	42355970
sel_scaf	989	3	42355970
sel_scaf	990	6	42355970
sel_scaf	991	18	42355970
sel_scaf	992	4	42355970
sel_scaf	993	1	42355970
sel_scaf	994	1	42355970
sel_scaf	995	2	42355970
sel_scaf	997	2	42355970
sel_scaf	998	1	42355970
sel_scaf	999	2	42355970
sel_scaf	1000	1	42355970
sel_scaf	1002	4	42355970
sel_scaf	1005	1	42355970
sel_scaf	1006	3	42355970
sel_scaf	1007	2	42355970
sel_scaf	1008	2	42355970
sel_scaf	1009	4	42355970
sel_scaf	1010	4	42355970
sel_scaf	1011	3	42355970
sel_scaf	1012	4	42355970
sel_scaf	1015	4	42355970
sel_scaf	1016	4	42355970
sel_scaf	1017	2	42355970
sel_scaf	1019	1	42355970
sel_scaf	1020	2	42355970
sel_scaf	1022	1	42355970
sel_scaf	1024	3	42355970
sel_scaf	1025	2	42355970
sel_scaf	1026	1	42355970
sel_scaf	1028	1	42355970
sel_scaf	1029	2	42355970
sel_scaf	1030	1	42355970
sel_scaf	1032	4	42355970
sel_scaf	1033	5	42355970
sel_scaf	1034	7	42355970
sel_scaf	1035	5	42355970
sel_scaf	1036	4	42355970
sel_scaf	1037	4	42355970
sel_scaf	1038	2	42355970
sel_scaf	1039	3	42355970
sel_scaf	1040	5	42355970
sel_scaf	1041	3	42355970
sel_scaf	1042	4	42355970
sel_scaf	1043	1	42355970
sel_scaf	1045	2	42355970
sel_scaf	1046	2	42355970
sel_scaf	1047	1	42355970
sel_scaf	1050	1	42355970
sel_scaf	1051	4	42355970
sel_scaf	1052	3	42355970
sel_scaf	1056	2	42355970
sel_scaf	1057	2	42355970
sel_scaf	1058	3	42355970
sel_scaf	1059	1	42355970
sel_scaf	1060	6	42355970
sel_scaf	1061	1	42355970
sel_scaf	1062	9	42355970
sel_scaf	1063	13	42355970
sel_scaf	1064	8	42355970
sel_scaf	1065	6	42355970
sel_scaf	1066	2	42355970
sel_scaf	1067	3	42355970
sel_scaf	1068	5	42355970
sel_scaf	1069	3	42355970
sel_scaf	1070	11	42355970
sel_scaf	1071	4	42355970
sel_scaf	1072	6	42355970
sel_scaf	1073	4	42355970
sel_scaf	1074	39	42355970
sel_scaf	1075	2	42355970
sel_scaf	1076	1	42355970
sel_scaf	1078	3	42355970
sel_scaf	1079	1	42355970
sel_scaf	1080	1	42355970
sel_scaf	1082	1	42355970
sel_scaf	1084	1	42355970
sel_scaf	1085	3	42355970
sel_scaf	1086	1	42355970
sel_scaf	1087	1	42355970
sel_scaf	1089	1	42355970
sel_scaf	1090	2	42355970
sel_scaf	1091	2	42355970
sel_scaf	1096	1	42355970
sel_scaf	1097	2	42355970
sel_scaf	1099	1	42355970
sel_scaf	1100	2	42355970
sel_scaf	1101	4	42355970
sel_scaf	1102	1	42355970
sel_scaf	1104	3	42355970
sel_scaf	1105	1	42355970
sel_scaf	1107	2	42355970
sel_scaf	1108	2	42355970
sel_scaf	1109	2	42355970
sel_scaf	1110	2	42355970
sel_scaf	1111	1	42355970
sel_scaf	1112	1	42355970
sel_scaf	1113	3	42355970
sel_scaf	1114	2	42355970
sel_scaf	1117	2	42355970
sel_scaf	1118	5	42355970
sel_scaf	1119	2	42355970
sel_scaf	1120	2	42355970
sel_scaf	1121	3	42355970
sel_scaf	1122	1	42355970
sel_scaf	1124	2	42355970
sel_scaf	1125	1	42355970
sel_scaf	1126	1	42355970
sel_scaf	1127	1	42355970
sel_scaf	1128	1	42355970
sel_scaf	1130	1	42355970
sel_scaf	1131	1	42355970
sel_scaf	1132	3	42355970
sel_scaf	1133	1	42355970
sel_scaf	1134	1	42355970
sel_scaf	1135	1	42355970
sel_scaf	1136	3	42355970
sel_scaf	1139	1	42355970
sel_scaf	1141	2	42355970
sel_scaf	1143	2	42355970
sel_scaf	1145	1	42355970
sel_scaf	1147	1	42355970
sel_scaf	1148	2	42355970
sel_scaf	1150	3	42355970
sel_scaf	1151	1	42355970
sel_scaf	1153	1	42355970
sel_scaf	1155	3	42355970
sel_scaf	1158	3	42355970
sel_scaf	1159	1	42355970
sel_scaf	1160	1	42355970
sel_scaf	1161	2	42355970
sel_scaf	1162	2	42355970
sel_scaf	1163	2	42355970
sel_scaf	1164	3	42355970
sel_scaf	1165	3	42355970
sel_scaf	1167	3	42355970
sel_scaf	1169	6	42355970
sel_scaf	1170	12	42355970
sel_scaf	1171	1	42355970
sel_scaf	1172	1	42355970
sel_scaf	1173	2	42355970
sel_scaf	1174	2	42355970
sel_scaf	1175	3	42355970
sel_scaf	1176	2	42355970
sel_scaf	1177	1	42355970
sel_scaf	1178	2	42355970
sel_scaf	1179	2	42355970
sel_scaf	1180	3	42355970
sel_scaf	1181	2	42355970
sel_scaf	1183	5	42355970
sel_scaf	1184	2	42355970
sel_scaf	1186	2	42355970
sel_scaf	1187	1	42355970
sel_scaf	1188	1	42355970
sel_scaf	1189	1	42355970
sel_scaf	1190	1	42355970
sel_scaf	1191	2	42355970
sel_scaf	1193	2	42355970
sel_scaf	1194	2	42355970
sel_scaf	1195	7	42355970
sel_scaf	1196	2	42355970
sel_scaf	1197	5	42355970
sel_scaf	1198	1	42355970
sel_scaf	1199	1	42355970
sel_scaf	1200	3	42355970
sel_scaf	1202	1	42355970
sel_scaf	1204	2	42355970
sel_scaf	1205	1	42355970
sel_scaf	1206	4	42355970
sel_scaf	1207	1	42355970
sel_scaf	1209	2	42355970
sel_scaf	1211	2	42355970
sel_scaf	1212	1	42355970
sel_scaf	1213	3	42355970
sel_scaf	1214	2	42355970
sel_scaf	1215	5	42355970
sel_scaf	1216	4	42355970
sel_scaf	1217	3	42355970
sel_scaf	1218	2	42355970
sel_scaf	1219	2	42355970
sel_scaf	1220	3	42355970
sel_scaf	1222	1	42355970
sel_scaf	1223	1	42355970
sel_scaf	1224	1	42355970
sel_scaf	1226	2	42355970
sel_scaf	1227	3	42355970
sel_scaf	1228	1	42355970
sel_scaf	1229	5	42355970
sel_scaf	1231	3	42355970
sel_scaf	1232	1	42355970
sel_scaf	1235	1	42355970
sel_scaf	1237	2	42355970
sel_scaf	1238	1	42355970
sel_scaf	1239	2	42355970
sel_scaf	1240	2	42355970
sel_scaf	1242	1	42355970
sel_scaf	1243	1	42355970
sel_scaf	1244	2	42355970
sel_scaf	1247	1	42355970
sel_scaf	1248	1	42355970
sel_scaf	1250	1	42355970
sel_scaf	1251	1	42355970
sel_scaf	1252	2	42355970
sel_scaf	1253	3	42355970
sel_scaf	1254	2	42355970
sel_scaf	1255	1	42355970
sel_scaf	1257	2	42355970
sel_scaf	1258	2	42355970
sel_scaf	1259	2	42355970
sel_scaf	1261	2	42355970
sel_scaf	1265	1	42355970
sel_scaf	1266	1	42355970
sel_scaf	1267	3	42355970
sel_scaf	1268	1	42355970
sel_scaf	1269	1	42355970
sel_scaf	1273	2	42355970
sel_scaf	1275	1	42355970
sel_scaf	1277	1	42355970
sel_scaf	1278	1	42355970
sel_scaf	1279	1	42355970
sel_scaf	1280	1	42355970
sel_scaf	1284	1	42355970
sel_scaf	1286	1	42355970
sel_scaf	1289	1	42355970
sel_scaf	1290	1	42355970
sel_scaf	1291	1	42355970
sel_scaf	1293	1	42355970
sel_scaf	1294	1	42355970
sel_scaf	1298	1	42355970
sel_scaf	1299	4	42355970
sel_scaf	1302	2	42355970
sel_scaf	1303	1	42355970
sel_scaf	1304	2	42355970
sel_scaf	1305	3	42355970
sel_scaf	1306	11	42355970
sel_scaf	1307	2	42355970
sel_scaf	1312	1	42355970
sel_scaf	1315	2	42355970
sel_scaf	1316	4	42355970
sel_scaf	1317	1	42355970
sel_scaf	1318	1	42355970
sel_scaf	1319	1	42355970
sel_scaf	1321	3	42355970
sel_scaf	1322	2	42355970
sel_scaf	1325	2	42355970
sel_scaf	1327	2	42355970
sel_scaf	1328	2	42355970
sel_scaf	1329	1	42355970
sel_scaf	1330	6	42355970
sel_scaf	1331	1	42355970
sel_scaf	1332	3	42355970
sel_scaf	1333	2	42355970
sel_scaf	1334	2	42355970
sel_scaf	1335	6	42355970
sel_scaf	1336	1	42355970
sel_scaf	1337	1	42355970
sel_scaf	1339	2	42355970
sel_scaf	1340	1	42355970
sel_scaf	1341	2	42355970
sel_scaf	1342	1	42355970
sel_scaf	1343	6	42355970
sel_scaf	1345	1	42355970
sel_scaf	1346	2	42355970
sel_scaf	1349	2	42355970
sel_scaf	1350	2	42355970
sel_scaf	1351	4	42355970
sel_scaf	1353	3	42355970
sel_scaf	1355	4	42355970
sel_scaf	1356	1	42355970
sel_scaf	1358	2	42355970
sel_scaf	1359	1	42355970
sel_scaf	1360	2	42355970
sel_scaf	1363	4	42355970
sel_scaf	1364	1	42355970
sel_scaf	1365	2	42355970
sel_scaf	1368	2	42355970
sel_scaf	1369	7	42355970
sel_scaf	1370	4	42355970
sel_scaf	1371	2	42355970
sel_scaf	1372	1	42355970
sel_scaf	1373	2	42355970
sel_scaf	1374	3	42355970
sel_scaf	1375	1	42355970
sel_scaf	1376	3	42355970
sel_scaf	1377	3	42355970
sel_scaf	1378	2	42355970
sel_scaf	1379	1	42355970
sel_scaf	1380	3	42355970
sel_scaf	1381	1	42355970
sel_scaf	1383	1	42355970
sel_scaf	1384	1	42355970
sel_scaf	1385	3	42355970
sel_scaf	1386	2	42355970
sel_scaf	1387	3	42355970
sel_scaf	1388	3	42355970
sel_scaf	1389	1	42355970
sel_scaf	1391	2	42355970
sel_scaf	1392	2	42355970
sel_scaf	1393	2	42355970
sel_scaf	1394	1	42355970
sel_scaf	1396	2	42355970
sel_scaf	1397	2	42355970
sel_scaf	1398	1	42355970
sel_scaf	1400	1	42355970
sel_scaf	1401	1	42355970
sel_scaf	1402	3	42355970
sel_scaf	1404	2	42355970
sel_scaf	1405	2	42355970
sel_scaf	1407	1	42355970
sel_scaf	1408	3	42355970
sel_scaf	1410	1	42355970
sel_scaf	1411	1	42355970
sel_scaf	1412	2	42355970
sel_scaf	1414	2	42355970
sel_scaf	1416	1	42355970
sel_scaf	1417	2	42355970
sel_scaf	1418	1	42355970
sel_scaf	1419	3	42355970
sel_scaf	1420	1	42355970
sel_scaf	1421	2	42355970
sel_scaf	1423	3	42355970
sel_scaf	1424	1	42355970
sel_scaf	1425	2	42355970
sel_scaf	1427	2	42355970
sel_scaf	1428	1	42355970
sel_scaf	1429	2	42355970
sel_scaf	1430	1	42355970
sel_scaf	1431	3	42355970
sel_scaf	1434	1	42355970
sel_scaf	1435	2	42355970
sel_scaf	1436	1	42355970
sel_scaf	1437	3	42355970
sel_scaf	1442	1	42355970
sel_scaf	1444	1	42355970
sel_scaf	1448	3	42355970
sel_scaf	1454	2	42355970
sel_scaf	1456	1	42355970
sel_scaf	1459	1	42355970
sel_scaf	1460	1	42355970
sel_scaf	1461	1	42355970
sel_scaf	1462	1	42355970
sel_scaf	1463	2	42355970
sel_scaf	1464	2	42355970
sel_scaf	1466	1	42355970
sel_scaf	1467	1	42355970
sel_scaf	1468	2	42355970
sel_scaf	1469	1	42355970
sel_scaf	1470	2	42355970
sel_scaf	1471	2	42355970
sel_scaf	1472	3	42355970
sel_scaf	1474	1	42355970
sel_scaf	1475	1	42355970
sel_scaf	1476	1	42355970
sel_scaf	1478	2	42355970
sel_scaf	1479	1	42355970
sel_scaf	1480	1	42355970
sel_scaf	1481	2	42355970
sel_scaf	1482	4	42355970
sel_scaf	1483	5	42355970
sel_scaf	1485	2	42355970
sel_scaf	1486	4	42355970
sel_scaf	1487	2	42355970
sel_scaf	1489	2	42355970
sel_scaf	1490	1	42355970
sel_scaf	1491	3	42355970
sel_scaf	1492	3	42355970
sel_scaf	1494	1	42355970
sel_scaf	1495	1	42355970
sel_scaf	1496	1	42355970
sel_scaf	1497	2	42355970
sel_scaf	1498	4	42355970
sel_scaf	1500	3	42355970
sel_scaf	1501	1	42355970
sel_scaf	1502	2	42355970
sel_scaf	1504	3	42355970
sel_scaf	1505	2	42355970
sel_scaf	1506	3	42355970
sel_scaf	1507	3	42355970
sel_scaf	1508	2	42355970
sel_scaf	1509	2	42355970
sel_scaf	1510	1	42355970
sel_scaf	1512	3	42355970
sel_scaf	1513	3	42355970
sel_scaf	1514	4	42355970
sel_scaf	1515	3	42355970
sel_scaf	1516	3	42355970
sel_scaf	1517	4	42355970
sel_scaf	1518	5	42355970
sel_scaf	1520	2	42355970
sel_scaf	1521	4	42355970
sel_scaf	1522	4	42355970
sel_scaf	1523	2	42355970
sel_scaf	1524	6	42355970
sel_scaf	1525	1	42355970
sel_scaf	1526	4	42355970
sel_scaf	1527	4	42355970
sel_scaf	1528	4	42355970
sel_scaf	1529	3	42355970
sel_scaf	1530	4	42355970
sel_scaf	1532	3	42355970
sel_scaf	1533	2	42355970
sel_scaf	1534	1	42355970
sel_scaf	1536	4	42355970
sel_scaf	1537	2	42355970
sel_scaf	1538	3	42355970
sel_scaf	1541	4	42355970
sel_scaf	1543	1	42355970
sel_scaf	1544	3	42355970
sel_scaf	1545	4	42355970
sel_scaf	1546	1	42355970
sel_scaf	1547	2	42355970
sel_scaf	1548	3	42355970
sel_scaf	1549	6	42355970
sel_scaf	1550	2	42355970
sel_scaf	1552	2	42355970
sel_scaf	1554	1	42355970
sel_scaf	1555	2	42355970
sel_scaf	1556	4	42355970
sel_scaf	1557	2	42355970
sel_scaf	1559	5	42355970
sel_scaf	1560	3	42355970
sel_scaf	1561	2	42355970
sel_scaf	1562	4	42355970
sel_scaf	1563	1	42355970
sel_scaf	1564	3	42355970
sel_scaf	1565	4	42355970
sel_scaf	1566	4	42355970
sel_scaf	1567	4	42355970
sel_scaf	1568	2	42355970
sel_scaf	1569	2	42355970
sel_scaf	1570	2	42355970
sel_scaf	1571	4	42355970
sel_scaf	1572	4	42355970
sel_scaf	1573	4	42355970
sel_scaf	1574	1	42355970
sel_scaf	1575	2	42355970
sel_scaf	1576	2	42355970
sel_scaf	1577	5	42355970
sel_scaf	1578	2	42355970
sel_scaf	1579	2	42355970
sel_scaf	1581	1	42355970
sel_scaf	1582	3	42355970
sel_scaf	1584	2	42355970
sel_scaf	1585	1	42355970
sel_scaf	1586	1	42355970
sel_scaf	1588	1	42355970
sel_scaf	1589	1	42355970
sel_scaf	1592	2	42355970
sel_scaf	1593	1	42355970
sel_scaf	1594	1	42355970
sel_scaf	1595	1	42355970
sel_scaf	1596	4	42355970
sel_scaf	1598	1	42355970
sel_scaf	1599	1	42355970
sel_scaf	1600	1	42355970
sel_scaf	1601	1	42355970
sel_scaf	1602	1	42355970
sel_scaf	1603	2	42355970
sel_scaf	1606	1	42355970
sel_scaf	1607	1	42355970
sel_scaf	1610	2	42355970
sel_scaf	1613	1	42355970
sel_scaf	1616	1	42355970
sel_scaf	1619	2	42355970
sel_scaf	1620	2	42355970
sel_scaf	1621	3	42355970
sel_scaf	1622	1	42355970
sel_scaf	1623	1	42355970
sel_scaf	1625	1	42355970
sel_scaf	1628	1	42355970
sel_scaf	1629	2	42355970
sel_scaf	1630	2	42355970
sel_scaf	1631	3	42355970
sel_scaf	1632	1	42355970
sel_scaf	1633	1	42355970
sel_scaf	1634	1	42355970
sel_scaf	1637	1	42355970
sel_scaf	1647	1	42355970
sel_scaf	1652	1	42355970
sel_scaf	1654	1	42355970
sel_scaf	1655	1	42355970
sel_scaf	1658	1	42355970
sel_scaf	1661	1	42355970
sel_scaf	1662	1	42355970
sel_scaf	1664	3	42355970
sel_scaf	1668	2	42355970
sel_scaf	1670	1	42355970
sel_scaf	1672	2	42355970
sel_scaf	1673	3	42355970
sel_scaf	1674	1	42355970
sel_scaf	1676	1	42355970
sel_scaf	1679	1	42355970
sel_scaf	1681	1	42355970
sel_scaf	1682	1	42355970
sel_scaf	1684	1	42355970
sel_scaf	1685	1	42355970
sel_scaf	1687	1	42355970
sel_scaf	1688	1	42355970
sel_scaf	1690	1	42355970
sel_scaf	1692	2	42355970
sel_scaf	1693	2	42355970
sel_scaf	1694	1	42355970
sel_scaf	1695	1	42355970
sel_scaf	1696	1	42355970
sel_scaf	1697	2	42355970
sel_scaf	1698	2	42355970
sel_scaf	1700	2	42355970
sel_scaf	1702	3	42355970
sel_scaf	1703	4	42355970
sel_scaf	1705	1	42355970
sel_scaf	1706	4	42355970
sel_scaf	1707	5	42355970
sel_scaf	1708	1	42355970
sel_scaf	1709	2	42355970
sel_scaf	1710	3	42355970
sel_scaf	1713	2	42355970
sel_scaf	1714	2	42355970
sel_scaf	1715	1	42355970
sel_scaf	1717	1	42355970
sel_scaf	1720	1	42355970
sel_scaf	1721	4	42355970
sel_scaf	1724	1	42355970
sel_scaf	1725	2	42355970
sel_scaf	1726	2	42355970
sel_scaf	1727	1	42355970
sel_scaf	1728	1	42355970
sel_scaf	1729	1	42355970
sel_scaf	1731	2	42355970
sel_scaf	1732	1	42355970
sel_scaf	1733	1	42355970
sel_scaf	1734	1	42355970
sel_scaf	1736	2	42355970
sel_scaf	1737	1	42355970
sel_scaf	1743	1	42355970
sel_scaf	1753	3	42355970
sel_scaf	1754	1	42355970
sel_scaf	1755	1	42355970
sel_scaf	1756	1	42355970
sel_scaf	1757	1	42355970
sel_scaf	1759	1	42355970
sel_scaf	1760	1	42355970
sel_scaf	1762	1	42355970
sel_scaf	1763	1	42355970
sel_scaf	1764	1	42355970
sel_scaf	1765	1	42355970
sel_scaf	1766	1	42355970
sel_scaf	1768	1	42355970
sel_scaf	1769	2	42355970
sel_scaf	1770	1	42355970
sel_scaf	1771	2	42355970
sel_scaf	1772	2	42355970
sel_scaf	1774	2	42355970
sel_scaf	1775	2	42355970
sel_scaf	1776	1	42355970
sel_scaf	1779	1	42355970
sel_scaf	1781	1	42355970
sel_scaf	1782	1	42355970
sel_scaf	1783	3	42355970
sel_scaf	1787	1	42355970
sel_scaf	1790	2	42355970
sel_scaf	1792	1	42355970
sel_scaf	1793	1	42355970
sel_scaf	1794	2	42355970
sel_scaf	1796	1	42355970
sel_scaf	1797	1	42355970
sel_scaf	1800	1	42355970
sel_scaf	1803	1	42355970
sel_scaf	1804	1	42355970
sel_scaf	1805	2	42355970
sel_scaf	1807	2	42355970
sel_scaf	1808	1	42355970
sel_scaf	1810	2	42355970
sel_scaf	1811	2	42355970
sel_scaf	1817	1	42355970
sel_scaf	1819	2	42355970
sel_scaf	1820	2	42355970
sel_scaf	1824	2	42355970
sel_scaf	1825	1	42355970
sel_scaf	1828	1	42355970
sel_scaf	1833	1	42355970
sel_scaf	1837	1	42355970
sel_scaf	1840	1	42355970
sel_scaf	1843	1	42355970
sel_scaf	1848	2	42355970
sel_scaf	1849	2	42355970
sel_scaf	1853	1	42355970
sel_scaf	1861	2	42355970
sel_scaf	1864	2	42355970
sel_scaf	1865	2	42355970
sel_scaf	1866	1	42355970
sel_scaf	1869	1	42355970
sel_scaf	1874	2	42355970
sel_scaf	1875	1	42355970
sel_scaf	1876	1	42355970
sel_scaf	1877	3	42355970
sel_scaf	1878	1	42355970
sel_scaf	1879	1	42355970
sel_scaf	1880	2	42355970
sel_scaf	1881	1	42355970
sel_scaf	1883	3	42355970
sel_scaf	1886	1	42355970
sel_scaf	1888	1	42355970
sel_scaf	1891	1	42355970
sel_scaf	1892	1	42355970
sel_scaf	1893	1	42355970
sel_scaf	1895	1	42355970
sel_scaf	1896	1	42355970
sel_scaf	1898	1	42355970
sel_scaf	1900	1	42355970
sel_scaf	1902	2	42355970
sel_scaf	1903	2	42355970
sel_scaf	1905	3	42355970
sel_scaf	1907	2	42355970
sel_scaf	1908	1	42355970
sel_scaf	1909	1	42355970
sel_scaf	1912	2	42355970
sel_scaf	1913	1	42355970
sel_scaf	1915	1	42355970
sel_scaf	1919	1	42355970
sel_scaf	1922	1	42355970
sel_scaf	1924	1	42355970
sel_scaf	1925	1	42355970
sel_scaf	1926	1	42355970
sel_scaf	1927	1	42355970
sel_scaf	1932	1	42355970
sel_scaf	1937	1	42355970
sel_scaf	1938	1	42355970
sel_scaf	1939	1	42355970
sel_scaf	1942	1	42355970
sel_scaf	1943	1	42355970
sel_scaf	1945	1	42355970
sel_scaf	1948	2	42355970
sel_scaf	1949	1	42355970
sel_scaf	1951	2	42355970
sel_scaf	1952	1	42355970
sel_scaf	1953	1	42355970
sel_scaf	1957	1	42355970
sel_scaf	1958	1	42355970
sel_scaf	1959	1	42355970
sel_scaf	1962	1	42355970
sel_scaf	1965	1	42355970
sel_scaf	1967	1	42355970
sel_scaf	1971	1	42355970
sel_scaf	1972	1	42355970
sel_scaf	1973	1	42355970
sel_scaf	1975	1	42355970
sel_scaf	1976	1	42355970
sel_scaf	1980	2	42355970
sel_scaf	1983	1	42355970
sel_scaf	1985	2	42355970
sel_scaf	1987	1	42355970
sel_scaf	1988	1	42355970
sel_scaf	1990	1	42355970
sel_scaf	1993	1	42355970
sel_scaf	1996	1	42355970
sel_scaf	1997	1	42355970
sel_scaf	1998	1	42355970
sel_scaf	2000	1	42355970
sel_scaf	2006	3	42355970
sel_scaf	2007	1	42355970
sel_scaf	2008	2	42355970
sel_scaf	2009	1	42355970
sel_scaf	2014	1	42355970
sel_scaf	2021	1	42355970
sel_scaf	2026	1	42355970
sel_scaf	2028	1	42355970
sel_scaf	2038	1	42355970
sel_scaf	2041	1	42355970
sel_scaf	2047	1	42355970
sel_scaf	2049	1	42355970
sel_scaf	2051	1	42355970
sel_scaf	2061	1	42355970
sel_scaf	2065	1	42355970
sel_scaf	2069	1	42355970
sel_scaf	2071	1	42355970
sel_scaf	2072	1	42355970
sel_scaf	2076	1	42355970
sel_scaf	2079	1	42355970
sel_scaf	2083	2	42355970
sel_scaf	2093	1	42355970
sel_scaf	2096	1	42355970
sel_scaf	2100	1	42355970
sel_scaf	2105	1	42355970
sel_scaf	2108	2	42355970
sel_scaf	2111	1	42355970
sel_scaf	2112	1	42355970
sel_scaf	2115	1	42355970
sel_scaf	2118	1	42355970
sel_scaf	2119	1	42355970
sel_scaf	2120	1	42355970
sel_scaf	2122	1	42355970
sel_scaf	2131	1	42355970
sel_scaf	2132	1	42355970
sel_scaf	2138	1	42355970
sel_scaf	2141	1	42355970
sel_scaf	2144	1	42355970
sel_scaf	2145	2	42355970
sel_scaf	2147	1	42355970
sel_scaf	2148	1	42355970
sel_scaf	2152	1	42355970
sel_scaf	2154	1	42355970
sel_scaf	2164	1	42355970
sel_scaf	2165	1	42355970
sel_scaf	2174	2	42355970
sel_scaf	2176	1	42355970
sel_scaf	2178	1	42355970
sel_scaf	2179	1	42355970
sel_scaf	2182	1	42355970
sel_scaf	2184	1	42355970
sel_scaf	2186	1	42355970
sel_scaf	2190	2	42355970
sel_scaf	2192	1	42355970
sel_scaf	2193	1	42355970
sel_scaf	2194	1	42355970
sel_scaf	2200	1	42355970
sel_scaf	2204	1	42355970
sel_scaf	2205	1	42355970
sel_scaf	2207	2	42355970
sel_scaf	2208	1	42355970
sel_scaf	2209	2	42355970
sel_scaf	2212	1	42355970
sel_scaf	2213	2	42355970
sel_scaf	2215	3	42355970
sel_scaf	2216	2	42355970
sel_scaf	2220	1	42355970
sel_scaf	2221	2	42355970
sel_scaf	2224	1	42355970
sel_scaf	2225	1	42355970
sel_scaf	2226	1	42355970
sel_scaf	2227	2	42355970
sel_scaf	2228	1	42355970
sel_scaf	2229	2	42355970
sel_scaf	2231	2	42355970
sel_scaf	2235	1	42355970
sel_scaf	2237	2	42355970
sel_scaf	2239	1	42355970
sel_scaf	2240	3	42355970
sel_scaf	2241	2	42355970
sel_scaf	2242	4	42355970
sel_scaf	2243	1	42355970
sel_scaf	2244	1	42355970
sel_scaf	2245	1	42355970
sel_scaf	2249	1	42355970
sel_scaf	2250	2	42355970
sel_scaf	2251	4	42355970
sel_scaf	2252	2	42355970
sel_scaf	2254	1	42355970
sel_scaf	2255	1	42355970
sel_scaf	2256	3	42355970
sel_scaf	2257	1	42355970
sel_scaf	2258	3	42355970
sel_scaf	2261	2	42355970
sel_scaf	2263	1	42355970
sel_scaf	2264	1	42355970
sel_scaf	2266	11	42355970
sel_scaf	2268	4	42355970
sel_scaf	2269	6	42355970
sel_scaf	2270	7	42355970
sel_scaf	2271	5	42355970
sel_scaf	2272	7	42355970
sel_scaf	2273	6	42355970
sel_scaf	2274	8	42355970
sel_scaf	2275	6	42355970
sel_scaf	2278	1	42355970
sel_scaf	2283	2	42355970
sel_scaf	2284	1	42355970
sel_scaf	2291	1	42355970
sel_scaf	2292	1	42355970
sel_scaf	2295	1	42355970
sel_scaf	2303	1	42355970
sel_scaf	2305	1	42355970
sel_scaf	2306	1	42355970
sel_scaf	2307	1	42355970
sel_scaf	2310	1	42355970
sel_scaf	2315	2	42355970
sel_scaf	2316	1	42355970
sel_scaf	2318	1	42355970
sel_scaf	2322	1	42355970
sel_scaf	2323	2	42355970
sel_scaf	2325	1	42355970
sel_scaf	2326	1	42355970
sel_scaf	2328	1	42355970
sel_scaf	2332	1	42355970
sel_scaf	2334	1	42355970
sel_scaf	2335	1	42355970
sel_scaf	2338	1	42355970
sel_scaf	2339	1	42355970
sel_scaf	2342	2	42355970
sel_scaf	2346	2	42355970
sel_scaf	2353	1	42355970
sel_scaf	2355	2	42355970
sel_scaf	2356	1	42355970
sel_scaf	2367	1	42355970
sel_scaf	2368	1	42355970
sel_scaf	2369	1	42355970
sel_scaf	2371	1	42355970
sel_scaf	2374	1	42355970
sel_scaf	2375	2	42355970
sel_scaf	2376	1	42355970
sel_scaf	2377	1	42355970
sel_scaf	2378	1	42355970
sel_scaf	2380	1	42355970
sel_scaf	2385	1	42355970
sel_scaf	2388	1	42355970
sel_scaf	2389	1	42355970
sel_scaf	2390	1	42355970
sel_scaf	2392	1	42355970
sel_scaf	2393	1	42355970
sel_scaf	2397	1	42355970
sel_scaf	2399	1	42355970
sel_scaf	2400	1	42355970
sel_scaf	2401	1	42355970
sel_scaf	2403	1	42355970
sel_scaf	2404	1	42355970
sel_scaf	2405	2	42355970
sel_scaf	2406	2	42355970
sel_scaf	2408	2	42355970
sel_scaf	2409	1	42355970
sel_scaf	2410	1	42355970
sel_scaf	2412	4	42355970
sel_scaf	2415	1	42355970
sel_scaf	2417	1	42355970
sel_scaf	2421	1	42355970
sel_scaf	2422	1	42355970
sel_scaf	2423	1	42355970
sel_scaf	2438	1	42355970
sel_scaf	2439	1	42355970
sel_scaf	2440	1	42355970
sel_scaf	2444	1	42355970
sel_scaf	2445	2	42355970
sel_scaf	2453	2	42355970
sel_scaf	2456	1	42355970
sel_scaf	2464	1	42355970
sel_scaf	2466	3	42355970
sel_scaf	2468	1	42355970
sel_scaf	2471	1	42355970
sel_scaf	2475	1	42355970
sel_scaf	2476	1	42355970
sel_scaf	2478	1	42355970
sel_scaf	2481	1	42355970
sel_scaf	2486	1	42355970
sel_scaf	2491	1	42355970
sel_scaf	2492	1	42355970
sel_scaf	2493	1	42355970
sel_scaf	2501	1	42355970
sel_scaf	2507	1	42355970
sel_scaf	2519	1	42355970
sel_scaf	2531	1	42355970
sel_scaf	2532	2	42355970
sel_scaf	2539	1	42355970
sel_scaf	2542	1	42355970
sel_scaf	2549	1	42355970
sel_scaf	2550	1	42355970
sel_scaf	2556	1	42355970
sel_scaf	2560	1	42355970
sel_scaf	2563	1	42355970
sel_scaf	2564	1	42355970
sel_scaf	2577	1	42355970
sel_scaf	2583	2	42355970
sel_scaf	2587	1	42355970
sel_scaf	2589	1	42355970
sel_scaf	2593	1	42355970
sel_scaf	2602	1	42355970
sel_scaf	2607	1	42355970
sel_scaf	2608	1	42355970
sel_scaf	2616	1	42355970
sel_scaf	2619	1	42355970
sel_scaf	2622	1	42355970
sel_scaf	2623	1	42355970
sel_scaf	2627	1	42355970
sel_scaf	2628	1	42355970
sel_scaf	2630	1	42355970
sel_scaf	2638	1	42355970
sel_scaf	2639	1	42355970
sel_scaf	2644	1	42355970
sel_scaf	2646	1	42355970
sel_scaf	2648	1	42355970
sel_scaf	2650	2	42355970
sel_scaf	2651	1	42355970
sel_scaf	2659	1	42355970
sel_scaf	2661	1	42355970
sel_scaf	2664	1	42355970
sel_scaf	2669	1	42355970
sel_scaf	2676	1	42355970
sel_scaf	2684	1	42355970
sel_scaf	2686	1	42355970
sel_scaf	2691	1	42355970
sel_scaf	2695	1	42355970
sel_scaf	2696	1	42355970
sel_scaf	2698	1	42355970
sel_scaf	2700	1	42355970
sel_scaf	2702	1	42355970
sel_scaf	2707	1	42355970
sel_scaf	2713	1	42355970
sel_scaf	2715	1	42355970
sel_scaf	2718	1	42355970
sel_scaf	2721	1	42355970
sel_scaf	2723	1	42355970
sel_scaf	2724	3	42355970
sel_scaf	2727	1	42355970
sel_scaf	2737	2	42355970
sel_scaf	2738	1	42355970
sel_scaf	2742	1	42355970
sel_scaf	2745	1	42355970
sel_scaf	2746	1	42355970
sel_scaf	2747	1	42355970
sel_scaf	2749	1	42355970
sel_scaf	2752	1	42355970
sel_scaf	2766	1	42355970
sel_scaf	2768	1	42355970
sel_scaf	2779	1	42355970
sel_scaf	2780	1	42355970
sel_scaf	2787	1	42355970
sel_scaf	2788	1	42355970
sel_scaf	2791	1	42355970
sel_scaf	2794	1	42355970
sel_scaf	2796	1	42355970
sel_scaf	2801	1	42355970
sel_scaf	2802	1	42355970
sel_scaf	2806	1	42355970
sel_scaf	2807	1	42355970
sel_scaf	2808	1	42355970
sel_scaf	2810	1	42355970
sel_scaf	2816	1	42355970
sel_scaf	2820	1	42355970
sel_scaf	2821	1	42355970
sel_scaf	2824	1	42355970
sel_scaf	2825	1	42355970
sel_scaf	2826	1	42355970
sel_scaf	2831	2	42355970
sel_scaf	2835	1	42355970
sel_scaf	2841	1	42355970
sel_scaf	2851	1	42355970
sel_scaf	2856	1	42355970
sel_scaf	2857	1	42355970
sel_scaf	2859	2	42355970
sel_scaf	2861	1	42355970
sel_scaf	2863	1	42355970
sel_scaf	2864	1	42355970
sel_scaf	2865	1	42355970
sel_scaf	2870	1	42355970
sel_scaf	2873	1	42355970
sel_scaf	2874	1	42355970
sel_scaf	2879	1	42355970
sel_scaf	2881	1	42355970
sel_scaf	2884	1	42355970
sel_scaf	2886	1	42355970
sel_scaf	2891	1	42355970
sel_scaf	2902	1	42355970
sel_scaf	2904	1	42355970
sel_scaf	2905	1	42355970
sel_scaf	2914	1	42355970
sel_scaf	2917	1	42355970
sel_scaf	2919	1	42355970
sel_scaf	2922	1	42355970
sel_scaf	2923	1	42355970
sel_scaf	2926	1	42355970
sel_scaf	2929	3	42355970
sel_scaf	2939	1	42355970
sel_scaf	2941	1	42355970
sel_scaf	2943	1	42355970
sel_scaf	2945	2	42355970
sel_scaf	2946	1	42355970
sel_scaf	2951	1	42355970
sel_scaf	2954	1	42355970
sel_scaf	2956	1	42355970
sel_scaf	2958	1	42355970
sel_scaf	2960	2	42355970
sel_scaf	2961	1	42355970
sel_scaf	2962	1	42355970
sel_scaf	2963	1	42355970
sel_scaf	2964	2	42355970
sel_scaf	2965	1	42355970
sel_scaf	2967	2	42355970
sel_scaf	2969	2	42355970
sel_scaf	2974	1	42355970
sel_scaf	2976	1	42355970
sel_scaf	2977	1	42355970
sel_scaf	2981	1	42355970
sel_scaf	2983	1	42355970
sel_scaf	2985	2	42355970
sel_scaf	2986	1	42355970
sel_scaf	2987	1	42355970
sel_scaf	2990	1	42355970
sel_scaf	2991	1	42355970
sel_scaf	2994	2	42355970
sel_scaf	2995	1	42355970
sel_scaf	2998	1	42355970
sel_scaf	3000	1	42355970
sel_scaf	3001	1	42355970
sel_scaf	3003	4	42355970
sel_scaf	3005	2	42355970
sel_scaf	3006	1	42355970
sel_scaf	3008	1	42355970
sel_scaf	3011	1	42355970
sel_scaf	3012	1	42355970
sel_scaf	3013	1	42355970
sel_scaf	3014	1	42355970
sel_scaf	3019	1	42355970
sel_scaf	3020	1	42355970
sel_scaf	3022	2	42355970
sel_scaf	3023	1	42355970
sel_scaf	3026	1	42355970
sel_scaf	3040	1	42355970
sel_scaf	3049	1	42355970
sel_scaf	3053	1	42355970
sel_scaf	3055	2	42355970
sel_scaf	3057	2	42355970
sel_scaf	3059	1	42355970
sel_scaf	3065	1	42355970
sel_scaf	3067	3	42355970
sel_scaf	3068	1	42355970
sel_scaf	3069	1	42355970
sel_scaf	3070	2	42355970
sel_scaf	3074	6	42355970
sel_scaf	3075	2	42355970
sel_scaf	3076	1	42355970
sel_scaf	3077	1	42355970
sel_scaf	3080	3	42355970
sel_scaf	3081	1	42355970
sel_scaf	3082	5	42355970
sel_scaf	3083	1	42355970
sel_scaf	3085	2	42355970
sel_scaf	3086	2	42355970
sel_scaf	3087	3	42355970
sel_scaf	3089	1	42355970
sel_scaf	3090	1	42355970
sel_scaf	3092	2	42355970
sel_scaf	3093	3	42355970
sel_scaf	3095	1	42355970
sel_scaf	3096	1	42355970
sel_scaf	3097	1	42355970
sel_scaf	3099	3	42355970
sel_scaf	3101	1	42355970
sel_scaf	3102	1	42355970
sel_scaf	3103	1	42355970
sel_scaf	3104	6	42355970
sel_scaf	3105	6	42355970
sel_scaf	3107	1	42355970
sel_scaf	3109	2	42355970
sel_scaf	3116	1	42355970
sel_scaf	3119	1	42355970
sel_scaf	3121	1	42355970
sel_scaf	3129	1	42355970
sel_scaf	3130	1	42355970
sel_scaf	3138	1	42355970
sel_scaf	3148	1	42355970
sel_scaf	3159	1	42355970
sel_scaf	3171	1	42355970
sel_scaf	3181	1	42355970
sel_scaf	3182	1	42355970
sel_scaf	3199	1	42355970
sel_scaf	3200	1	42355970
sel_scaf	3203	1	42355970
sel_scaf	3214	1	42355970
sel_scaf	3217	1	42355970
sel_scaf	3224	2	42355970
sel_scaf	3227	1	42355970
sel_scaf	3233	1	42355970
sel_scaf	3235	1	42355970
sel_scaf	3248	1	42355970
sel_scaf	3250	1	42355970
sel_scaf	3255	1	42355970
sel_scaf	3258	1	42355970
sel_scaf	3269	1	42355970
sel_scaf	3273	1	42355970
sel_scaf	3291	1	42355970
sel_scaf	3296	1	42355970
sel_scaf	3298	2	42355970
sel_scaf	3301	2	42355970
sel_scaf	3305	1	42355970
sel_scaf	3317	1	42355970
sel_scaf	3323	1	42355970
sel_scaf	3324	1	42355970
sel_scaf	3327	2	42355970
sel_scaf	3336	1	42355970
sel_scaf	3349	1	42355970
sel_scaf	3350	1	42355970
sel_scaf	3351	1	42355970
sel_scaf	3359	2	42355970
sel_scaf	3361	1	42355970
sel_scaf	3369	1	42355970
sel_scaf	3371	1	42355970
sel_scaf	3373	1	42355970
sel_scaf	3377	1	42355970
sel_scaf	3383	1	42355970
sel_scaf	3384	1	42355970
sel_scaf	3387	1	42355970
sel_scaf	3395	1	42355970
sel_scaf	3398	1	42355970
sel_scaf	3401	2	42355970
sel_scaf	3406	2	42355970
sel_scaf	3427	1	42355970
sel_scaf	3435	1	42355970
sel_scaf	3436	1	42355970
sel_scaf	3450	1	42355970
sel_scaf	3456	1	42355970
sel_scaf	3458	1	42355970
sel_scaf	3463	1	42355970
sel_scaf	3469	1	42355970
sel_scaf	3474	1	42355970
sel_scaf	3477	1	42355970
sel_scaf	3478	1	42355970
sel_scaf	3479	1	42355970
sel_scaf	3490	1	42355970
sel_scaf	3493	1	42355970
sel_scaf	3494	2	42355970
sel_scaf	3495	1	42355970
sel_scaf	3496	1	42355970
sel_scaf	3499	1	42355970
sel_scaf	3502	2	42355970
sel_scaf	3507	1	42355970
sel_scaf	3509	1	42355970
sel_scaf	3519	1	42355970
sel_scaf	3522	1	42355970
sel_scaf	3526	1	42355970
sel_scaf	3535	1	42355970
sel_scaf	3538	1	42355970
sel_scaf	3539	3	42355970
sel_scaf	3540	1	42355970
sel_scaf	3552	1	42355970
sel_scaf	3557	1	42355970
sel_scaf	3561	1	42355970
sel_scaf	3562	1	42355970
sel_scaf	3563	2	42355970
sel_scaf	3564	1	42355970
sel_scaf	3565	1	42355970
sel_scaf	3579	2	42355970
sel_scaf	3588	1	42355970
sel_scaf	3592	1	42355970
sel_scaf	3600	1	42355970
sel_scaf	3601	1	42355970
sel_scaf	3602	1	42355970
sel_scaf	3607	2	42355970
sel_scaf	3611	1	42355970
sel_scaf	3613	1	42355970
sel_scaf	3618	1	42355970
sel_scaf	3629	1	42355970
sel_scaf	3630	1	42355970
sel_scaf	3632	1	42355970
sel_scaf	3638	1	42355970
sel_scaf	3640	1	42355970
sel_scaf	3644	1	42355970
sel_scaf	3646	1	42355970
sel_scaf	3647	1	42355970
sel_scaf	3652	1	42355970
sel_scaf	3653	1	42355970
sel_scaf	3657	1	42355970
sel_scaf	3659	1	42355970
sel_scaf	3664	2	42355970
sel_scaf	3666	1	42355970
sel_scaf	3668	2	42355970
sel_scaf	3669	1	42355970
sel_scaf	3670	2	42355970
sel_scaf	3671	1	42355970
sel_scaf	3672	1	42355970
sel_scaf	3673	1	42355970
sel_scaf	3675	2	42355970
sel_scaf	3682	2	42355970
sel_scaf	3683	1	42355970
sel_scaf	3685	1	42355970
sel_scaf	3686	1	42355970
sel_scaf	3688	1	42355970
sel_scaf	3690	3	42355970
sel_scaf	3693	1	42355970
sel_scaf	3694	1	42355970
sel_scaf	3695	2	42355970
sel_scaf	3699	1	42355970
sel_scaf	3703	1	42355970
sel_scaf	3708	1	42355970
sel_scaf	3711	1	42355970
sel_scaf	3712	1	42355970
sel_scaf	3719	1	42355970
sel_scaf	3722	1	42355970
sel_scaf	3725	1	42355970
sel_scaf	3726	1	42355970
sel_scaf	3731	1	42355970
sel_scaf	3735	1	42355970
sel_scaf	3738	1	42355970
sel_scaf	3740	1	42355970
sel_scaf	3744	2	42355970
sel_scaf	3746	2	42355970
sel_scaf	3750	1	42355970
sel_scaf	3751	1	42355970
sel_scaf	3755	1	42355970
sel_scaf	3757	2	42355970
sel_scaf	3762	1	42355970
sel_scaf	3768	1	42355970
sel_scaf	3770	1	42355970
sel_scaf	3776	1	42355970
sel_scaf	3785	1	42355970
sel_scaf	3806	1	42355970
sel_scaf	3813	1	42355970
sel_scaf	3817	1	42355970
sel_scaf	3839	1	42355970
sel_scaf	3851	2	42355970
sel_scaf	3864	2	42355970
sel_scaf	3896	1	42355970
sel_scaf	3898	1	42355970
sel_scaf	3905	1	42355970
sel_scaf	3918	1	42355970
sel_scaf	3927	1	42355970
sel_scaf	3933	1	42355970
sel_scaf	3939	1	42355970
sel_scaf	3941	1	42355970
sel_scaf	3944	1	42355970
sel_scaf	3959	1	42355970
sel_scaf	3966	1	42355970
sel_scaf	3971	1	42355970
sel_scaf	3975	1	42355970
sel_scaf	3994	1	42355970
sel_scaf	4008	1	42355970
sel_scaf	4034	1	42355970
sel_scaf	4040	1	42355970
sel_scaf	4050	1	42355970
sel_scaf	4053	1	42355970
sel_scaf	4063	1	42355970
sel_scaf	4065	1	42355970
sel_scaf	4072	1	42355970
sel_scaf	4073	1	42355970
sel_scaf	4081	1	42355970
sel_scaf	4118	2	42355970
sel_scaf	4131	1	42355970
sel_scaf	4140	1	42355970
sel_scaf	4143	1	42355970
sel_scaf	4152	1	42355970
sel_scaf	4158	1	42355970
sel_scaf	4168	1	42355970
sel_scaf	4179	1	42355970
sel_scaf	4181	2	42355970
sel_scaf	4183	2	42355970
sel_scaf	4188	1	42355970
sel_scaf	4192	1	42355970
sel_scaf	4196	2	42355970
sel_scaf	4203	2	42355970
sel_scaf	4207	2	42355970
sel_scaf	4238	1	42355970
sel_scaf	4243	1	42355970
sel_scaf	4245	1	42355970
sel_scaf	4282	1	42355970
sel_scaf	4284	1	42355970
sel_scaf	4286	1	42355970
sel_scaf	4291	1	42355970
sel_scaf	4293	2	42355970
sel_scaf	4296	1	42355970
sel_scaf	4297	1	42355970
sel_scaf	4303	1	42355970
sel_scaf	4315	1	42355970
sel_scaf	4323	1	42355970
sel_scaf	4351	1	42355970
sel_scaf	4358	1	42355970
sel_scaf	4384	2	42355970
sel_scaf	4386	1	42355970
sel_scaf	4404	1	42355970
sel_scaf	4407	1	42355970
sel_scaf	4408	1	42355970
sel_scaf	4423	1	42355970
sel_scaf	4426	1	42355970
sel_scaf	4446	1	42355970
sel_scaf	4454	1	42355970
sel_scaf	4460	1	42355970
sel_scaf	4473	1	42355970
sel_scaf	4474	1	42355970
sel_scaf	4492	1	42355970
sel_scaf	4500	1	42355970
sel_scaf	4509	1	42355970
sel_scaf	4510	1	42355970
sel_scaf	4524	1	42355970
sel_scaf	4533	1	42355970
sel_scaf	4540	1	42355970
sel_scaf	4542	1	42355970
sel_scaf	4549	1	42355970
sel_scaf	4557	1	42355970
sel_scaf	4560	1	42355970
sel_scaf	4561	2	42355970
sel_scaf	4562	1	42355970
sel_scaf	4563	1	42355970
sel_scaf	4564	3	42355970
sel_scaf	4565	5	42355970
sel_scaf	4566	4	42355970
sel_scaf	4567	6	42355970
sel_scaf	4568	6	42355970
sel_scaf	4570	1	42355970
sel_scaf	4571	2	42355970
sel_scaf	4572	1	42355970
sel_scaf	4575	2	42355970
sel_scaf	4576	1	42355970
sel_scaf	4577	3	42355970
sel_scaf	4578	1	42355970
sel_scaf	4579	5	42355970
sel_scaf	4580	1	42355970
sel_scaf	4581	12	42355970
sel_scaf	4582	4	42355970
sel_scaf	4585	1	42355970
sel_scaf	4587	1	42355970
sel_scaf	4590	1	42355970
sel_scaf	4597	1	42355970
sel_scaf	4600	1	42355970
sel_scaf	4606	1	42355970
sel_scaf	4620	1	42355970
sel_scaf	4622	1	42355970
sel_scaf	4641	1	42355970
sel_scaf	4654	1	42355970
sel_scaf	4681	1	42355970
sel_scaf	4705	1	42355970
sel_scaf	4732	1	42355970
sel_scaf	4738	1	42355970
sel_scaf	4750	1	42355970
sel_scaf	4775	1	42355970
sel_scaf	4782	1	42355970
sel_scaf	4789	1	42355970
sel_scaf	4819	1	42355970
sel_scaf	4840	1	42355970
sel_scaf	4874	2	42355970
sel_scaf	4893	1	42355970
sel_scaf	4903	1	42355970
sel_scaf	4912	1	42355970
sel_scaf	4927	1	42355970
sel_scaf	4943	1	42355970
sel_scaf	4987	1	42355970
sel_scaf	4992	1	42355970
sel_scaf	5043	1	42355970
sel_scaf	5050	1	42355970
sel_scaf	5056	1	42355970
sel_scaf	5106	1	42355970
sel_scaf	5114	1	42355970
sel_scaf	5128	1	42355970
sel_scaf	5153	1	42355970
sel_scaf	5171	1	42355970
sel_scaf	5178	1	42355970
sel_scaf	5190	1	42355970
sel_scaf	5222	1	42355970
sel_scaf	5226	1	42355970
sel_scaf	5255	1	42355970
sel_scaf	5268	1	42355970
sel_scaf	5313	1	42355970
sel_scaf	5318	1	42355970
sel_scaf	5345	1	42355970
sel_scaf	5358	1	42355970
sel_scaf	5360	1	42355970
sel_scaf	5386	1	42355970
sel_scaf	5435	1	42355970
sel_scaf	5459	1	42355970
sel_scaf	5461	1	42355970
sel_scaf	5470	1	42355970
sel_scaf	5476	1	42355970
sel_scaf	5488	2	42355970
sel_scaf	5490	1	42355970
sel_scaf	5542	1	42355970
sel_scaf	5544	1	42355970
sel_scaf	5549	1	42355970
sel_scaf	5569	1	42355970
sel_scaf	5622	1	42355970
sel_scaf	5632	1	42355970
sel_scaf	5641	1	42355970
sel_scaf	5649	1	42355970
sel_scaf	5663	1	42355970
sel_scaf	5684	2	42355970
sel_scaf	5699	1	42355970
sel_scaf	5700	1	42355970
sel_scaf	5757	1	42355970
sel_scaf	5759	1	42355970
sel_scaf	5783	1	42355970
sel_scaf	5805	1	42355970
sel_scaf	5812	1	42355970
sel_scaf	5825	1	42355970
sel_scaf	5835	1	42355970
sel_scaf	5845	1	42355970
sel_scaf	5869	1	42355970
sel_scaf	5876	2	42355970
sel_scaf	5888	1	42355970
sel_scaf	5891	1	42355970
sel_scaf	5895	1	42355970
sel_scaf	5898	1	42355970
sel_scaf	5929	1	42355970
sel_scaf	5938	1	42355970
sel_scaf	5954	1	42355970
sel_scaf	5963	1	42355970
sel_scaf	5965	1	42355970
sel_scaf	5979	1	42355970
sel_scaf	5981	1	42355970
sel_scaf	6002	1	42355970
sel_scaf	6015	1	42355970
sel_scaf	6020	1	42355970
sel_scaf	6025	1	42355970
sel_scaf	6031	1	42355970
sel_scaf	6045	1	42355970
sel_scaf	6049	1	42355970
sel_scaf	6064	1	42355970
sel_scaf	6086	1	42355970
sel_scaf	6097	1	42355970
sel_scaf	6102	1	42355970
sel_scaf	6106	1	42355970
sel_scaf	6133	1	42355970
sel_scaf	6159	1	42355970
sel_scaf	6169	1	42355970
sel_scaf	6170	1	42355970
sel_scaf	6174	1	42355970
sel_scaf	6199	1	42355970
sel_scaf	6223	1	42355970
sel_scaf	6228	1	42355970
sel_scaf	6233	1	42355970
sel_scaf	6259	1	42355970
sel_scaf	6264	1	42355970
sel_scaf	6276	1	42355970
sel_scaf	6294	1	42355970
sel_scaf	6304	1	42355970
sel_scaf	6308	2	42355970
sel_scaf	6312	2	42355970
sel_scaf	6320	1	42355970
sel_scaf	6323	1	42355970
sel_scaf	6326	1	42355970
sel_scaf	6334	2	42355970
sel_scaf	6342	2	42355970
sel_scaf	6343	3	42355970
sel_scaf	6344	3	42355970
sel_scaf	6345	6	42355970
sel_scaf	6346	4	42355970
sel_scaf	6347	11	42355970
sel_scaf	6348	12	42355970
sel_scaf	6349	1	42355970
sel_scaf	6350	2	42355970
sel_scaf	6351	2	42355970
sel_scaf	6357	1	42355970
sel_scaf	6360	1	42355970
sel_scaf	6376	1	42355970
sel_scaf	6391	1	42355970
sel_scaf	6411	1	42355970
sel_scaf	6420	1	42355970
sel_scaf	6425	2	42355970
sel_scaf	6430	1	42355970
sel_scaf	6431	1	42355970
sel_scaf	6437	1	42355970
sel_scaf	6441	1	42355970
sel_scaf	6454	1	42355970
sel_scaf	6457	1	42355970
sel_scaf	6459	1	42355970
sel_scaf	6460	1	42355970
sel_scaf	6461	2	42355970
sel_scaf	6464	1	42355970
sel_scaf	6465	1	42355970
sel_scaf	6467	1	42355970
sel_scaf	6468	2	42355970
sel_scaf	6469	1	42355970
sel_scaf	6470	1	42355970
sel_scaf	6471	6	42355970
sel_scaf	6472	11	42355970
sel_scaf	6473	20	42355970
sel_scaf	6474	15	42355970
sel_scaf	6478	1	42355970
sel_scaf	6497	1	42355970
sel_scaf	6522	1	42355970
sel_scaf	6537	1	42355970
sel_scaf	6554	1	42355970
sel_scaf	6571	1	42355970
sel_scaf	6575	1	42355970
sel_scaf	6585	1	42355970
sel_scaf	6586	1	42355970
sel_scaf	6595	1	42355970
sel_scaf	6604	1	42355970
sel_scaf	6731	1	42355970
sel_scaf	6747	1	42355970
sel_scaf	6778	1	42355970
sel_scaf	6886	1	42355970
sel_scaf	6890	1	42355970
sel_scaf	6930	1	42355970
sel_scaf	6967	1	42355970
sel_scaf	7026	1	42355970
sel_scaf	7057	1	42355970
sel_scaf	7100	1	42355970
sel_scaf	7114	1	42355970
sel_scaf	7157	1	42355970
sel_scaf	7248	1	42355970
sel_scaf	7330	1	42355970
sel_scaf	7369	1	42355970
sel_scaf	7386	1	42355970
sel_scaf	7405	1	42355970
sel_scaf	7455	1	42355970
sel_scaf	7478	1	42355970
sel_scaf	7540	1	42355970
sel_scaf	7547	1	42355970
sel_scaf	7555	1	42355970
sel_scaf	7638	1	42355970
sel_scaf	7656	1	42355970
sel_scaf	7701	1	42355970
sel_scaf	7743	1	42355970
sel_scaf	7755	1	42355970
sel_scaf	7818	1	42355970
sel_scaf	7876	1	42355970
sel_scaf	7922	1	42355970
sel_scaf	7941	3	42355970
sel_scaf	7942	1	42355970
sel_scaf	8000	1	42355970
sel_scaf	8028	1	42355970
sel_scaf	8047	1	42355970
sel_scaf	8143	1	42355970
sel_scaf	8147	1	42355970
sel_scaf	8152	1	42355970
sel_scaf	8156	1	42355970
sel_scaf	8158	1	42355970
sel_scaf	8160	1	42355970
sel_scaf	8166	1	42355970
sel_scaf	8173	1	42355970
sel_scaf	8175	1	42355970
sel_scaf	8178	1	42355970
sel_scaf	8187	1	42355970
sel_scaf	8314	1	42355970
sel_scaf	8323	1	42355970
sel_scaf	8354	1	42355970
sel_scaf	8434	1	42355970
sel_scaf	8452	1	42355970
sel_scaf	8540	1	42355970
sel_scaf	8558	2	42355970
sel_scaf	8561	1	42355970
sel_scaf	8597	1	42355970
sel_scaf	8612	1	42355970
sel_scaf	8623	1	42355970
sel_scaf	8638	1	42355970
sel_scaf	8653	1	42355970
sel_scaf	8669	1	42355970
sel_scaf	8675	1	42355970
sel_scaf	8685	1	42355970
sel_scaf	8690	1	42355970
sel_scaf	8703	1	42355970
sel_scaf	8704	1	42355970
sel_scaf	8706	1	42355970
sel_scaf	8725	1	42355970
sel_scaf	8739	1	42355970
sel_scaf	8778	1	42355970
sel_scaf	8802	1	42355970
sel_scaf	8805	3	42355970
sel_scaf	8852	1	42355970
sel_scaf	8950	1	42355970
sel_scaf	8986	1	42355970
sel_scaf	9002	1	42355970
sel_scaf	9077	1	42355970
sel_scaf	9088	1	42355970
sel_scaf	9106	1	42355970
sel_scaf	9156	1	42355970
sel_scaf	9162	1	42355970
sel_scaf	9215	1	42355970
sel_scaf	9230	1	42355970
sel_scaf	9287	1	42355970
sel_scaf	9333	1	42355970
sel_scaf	9334	1	42355970
sel_scaf	9399	2	42355970
sel_scaf	9455	1	42355970
sel_scaf	9512	1	42355970
sel_scaf	9557	1	42355970
sel_scaf	9574	1	42355970
sel_scaf	9670	1	42355970
sel_scaf	9680	1	42355970
sel_scaf	9700	1	42355970
sel_scaf	9727	1	42355970
sel_scaf	9746	1	42355970
sel_scaf	9814	1	42355970
sel_scaf	9824	1	42355970
sel_scaf	9877	1	42355970
sel_scaf	9897	1	42355970
sel_scaf	9912	1	42355970
sel_scaf	9920	1	42355970
sel_scaf	9985	1	42355970
sel_scaf	9989	1	42355970
sel_scaf	10000	1	42355970
sel_scaf	10006	1	42355970
sel_scaf	10067	1	42355970
sel_scaf	10096	1	42355970
sel_scaf	10109	1	42355970
sel_scaf	10129	1	42355970
sel_scaf	10138	1	42355970
sel_scaf	10208	1	42355970
sel_scaf	10237	1	42355970
sel_scaf	10256	1	42355970
sel_scaf	10272	1	42355970
sel_scaf	10298	1	42355970
sel_scaf	10358	1	42355970
sel_scaf	10359	1	42355970
sel_scaf	10381	1	42355970
sel_scaf	10398	1	42355970
sel_scaf	10427	1	42355970
sel_scaf	10470	1	42355970
sel_scaf	10474	1	42355970
sel_scaf	10501	1	42355970
sel_scaf	10512	1	42355970
sel_scaf	10515	1	42355970
sel_scaf	10518	1	42355970
sel_scaf	10520	1	42355970
sel_scaf	10525	1	42355970
sel_scaf	10548	1	42355970
sel_scaf	10567	1	42355970
sel_scaf	10568	1	42355970
sel_scaf	10576	1	42355970
sel_scaf	10582	1	42355970
sel_scaf	10585	1	42355970
sel_scaf	10587	1	42355970
sel_scaf	10595	1	42355970
sel_scaf	10598	1	42355970
sel_scaf	10599	1	42355970
sel_scaf	10600	1	42355970
sel_scaf	10603	3	42355970
sel_scaf	10604	2	42355970
sel_scaf	10605	3	42355970
sel_scaf	10606	7	42355970
sel_scaf	10608	1	42355970
sel_scaf	10630	1	42355970
sel_scaf	10631	1	42355970
sel_scaf	10632	1	42355970
sel_scaf	10633	2	42355970
sel_scaf	10635	1	42355970
sel_scaf	10639	2	42355970
sel_scaf	10646	1	42355970
sel_scaf	10648	1	42355970
sel_scaf	10651	2	42355970
sel_scaf	10652	1	42355970
sel_scaf	10673	1	42355970
sel_scaf	10675	1	42355970
sel_scaf	10680	1	42355970
sel_scaf	10692	1	42355970
sel_scaf	10694	1	42355970
sel_scaf	10707	1	42355970
sel_scaf	10708	1	42355970
sel_scaf	10710	4	42355970
sel_scaf	10711	1	42355970
sel_scaf	10763	1	42355970
sel_scaf	10782	1	42355970
sel_scaf	10832	1	42355970
sel_scaf	10914	1	42355970
sel_scaf	10932	1	42355970
sel_scaf	10989	1	42355970
sel_scaf	11045	1	42355970
sel_scaf	11080	1	42355970
sel_scaf	11087	1	42355970
sel_scaf	11182	1	42355970
sel_scaf	11257	1	42355970
sel_scaf	11276	1	42355970
sel_scaf	11315	1	42355970
sel_scaf	11395	1	42355970
sel_scaf	11422	1	42355970
sel_scaf	11425	1	42355970
sel_scaf	11517	1	42355970
sel_scaf	11538	1	42355970
sel_scaf	11550	1	42355970
sel_scaf	11630	1	42355970
sel_scaf	11644	1	42355970
sel_scaf	11649	1	42355970
sel_scaf	11667	1	42355970
sel_scaf	11729	1	42355970
sel_scaf	11759	1	42355970
sel_scaf	11770	1	42355970
sel_scaf	11813	1	42355970
sel_scaf	11827	1	42355970
sel_scaf	11875	1	42355970
sel_scaf	11920	1	42355970
sel_scaf	11949	1	42355970
sel_scaf	11981	1	42355970
sel_scaf	12043	1	42355970
sel_scaf	12120	1	42355970
sel_scaf	12164	1	42355970
sel_scaf	12199	1	42355970
sel_scaf	12206	1	42355970
sel_scaf	12322	1	42355970
sel_scaf	12348	1	42355970
sel_scaf	12349	1	42355970
sel_scaf	12424	1	42355970
sel_scaf	12445	1	42355970
sel_scaf	12521	1	42355970
sel_scaf	12537	1	42355970
sel_scaf	12584	1	42355970
sel_scaf	12667	1	42355970
sel_scaf	12676	1	42355970
sel_scaf	12699	1	42355970
sel_scaf	12701	1	42355970
sel_scaf	12705	1	42355970
sel_scaf	12708	1	42355970
sel_scaf	12733	1	42355970
sel_scaf	12759	1	42355970
sel_scaf	12798	1	42355970
sel_scaf	13143	1	42355970
sel_scaf	13313	1	42355970
sel_scaf	13629	1	42355970
sel_scaf	13800	1	42355970
sel_scaf	13956	1	42355970
sel_scaf	14122	1	42355970
sel_scaf	14336	1	42355970
sel_scaf	14354	1	42355970
sel_scaf	14379	1	42355970
sel_scaf	14464	1	42355970
sel_scaf	14478	1	42355970
sel_scaf	14501	1	42355970
sel_scaf	14511	1	42355970
sel_scaf	14519	1	42355970
sel_scaf	14558	1	42355970
sel_scaf	14581	1	42355970
sel_scaf	14590	1	42355970
sel_scaf	14611	1	42355970
sel_scaf	14613	1	42355970
sel_scaf	14616	1	42355970
sel_scaf	14690	1	42355970
sel_scaf	14737	2	42355970
sel_scaf	14856	1	42355970
sel_scaf	14869	1	42355970
sel_scaf	14918	1	42355970
sel_scaf	14987	1	42355970
sel_scaf	15053	1	42355970
sel_scaf	15154	1	42355970
sel_scaf	15198	1	42355970
sel_scaf	15256	1	42355970
sel_scaf	15321	1	42355970
sel_scaf	15364	1	42355970
sel_scaf	15400	1	42355970
sel_scaf	15444	1	42355970
sel_scaf	15491	1	42355970
sel_scaf	15535	1	42355970
