feature	depth	Nsites	totalNsites
sel_scaf	0	7176968	42355970
sel_scaf	1	1374290	42355970
sel_scaf	2	1335934	42355970
sel_scaf	3	1421280	42355970
sel_scaf	4	1535970	42355970
sel_scaf	5	1643162	42355970
sel_scaf	6	1757950	42355970
sel_scaf	7	1858961	42355970
sel_scaf	8	1941035	42355970
sel_scaf	9	1993163	42355970
sel_scaf	10	2028632	42355970
sel_scaf	11	2024635	42355970
sel_scaf	12	1989095	42355970
sel_scaf	13	1918377	42355970
sel_scaf	14	1815117	42355970
sel_scaf	15	1675071	42355970
sel_scaf	16	1513241	42355970
sel_scaf	17	1335425	42355970
sel_scaf	18	1151435	42355970
sel_scaf	19	978145	42355970
sel_scaf	20	811978	42355970
sel_scaf	21	660534	42355970
sel_scaf	22	532316	42355970
sel_scaf	23	423233	42355970
sel_scaf	24	328178	42355970
sel_scaf	25	252577	42355970
sel_scaf	26	191494	42355970
sel_scaf	27	144545	42355970
sel_scaf	28	108289	42355970
sel_scaf	29	81004	42355970
sel_scaf	30	60421	42355970
sel_scaf	31	45769	42355970
sel_scaf	32	34296	42355970
sel_scaf	33	25953	42355970
sel_scaf	34	19933	42355970
sel_scaf	35	15300	42355970
sel_scaf	36	12628	42355970
sel_scaf	37	10180	42355970
sel_scaf	38	9050	42355970
sel_scaf	39	7715	42355970
sel_scaf	40	6659	42355970
sel_scaf	41	5910	42355970
sel_scaf	42	5450	42355970
sel_scaf	43	4471	42355970
sel_scaf	44	4136	42355970
sel_scaf	45	3720	42355970
sel_scaf	46	3656	42355970
sel_scaf	47	3192	42355970
sel_scaf	48	3220	42355970
sel_scaf	49	2848	42355970
sel_scaf	50	2596	42355970
sel_scaf	51	2578	42355970
sel_scaf	52	2641	42355970
sel_scaf	53	2416	42355970
sel_scaf	54	2401	42355970
sel_scaf	55	2253	42355970
sel_scaf	56	2257	42355970
sel_scaf	57	1995	42355970
sel_scaf	58	1941	42355970
sel_scaf	59	1761	42355970
sel_scaf	60	1559	42355970
sel_scaf	61	1447	42355970
sel_scaf	62	1381	42355970
sel_scaf	63	1369	42355970
sel_scaf	64	1362	42355970
sel_scaf	65	1279	42355970
sel_scaf	66	1253	42355970
sel_scaf	67	1289	42355970
sel_scaf	68	1115	42355970
sel_scaf	69	980	42355970
sel_scaf	70	946	42355970
sel_scaf	71	946	42355970
sel_scaf	72	886	42355970
sel_scaf	73	937	42355970
sel_scaf	74	901	42355970
sel_scaf	75	754	42355970
sel_scaf	76	798	42355970
sel_scaf	77	718	42355970
sel_scaf	78	777	42355970
sel_scaf	79	708	42355970
sel_scaf	80	647	42355970
sel_scaf	81	559	42355970
sel_scaf	82	471	42355970
sel_scaf	83	464	42355970
sel_scaf	84	467	42355970
sel_scaf	85	388	42355970
sel_scaf	86	317	42355970
sel_scaf	87	364	42355970
sel_scaf	88	297	42355970
sel_scaf	89	301	42355970
sel_scaf	90	339	42355970
sel_scaf	91	293	42355970
sel_scaf	92	313	42355970
sel_scaf	93	331	42355970
sel_scaf	94	314	42355970
sel_scaf	95	268	42355970
sel_scaf	96	268	42355970
sel_scaf	97	227	42355970
sel_scaf	98	236	42355970
sel_scaf	99	247	42355970
sel_scaf	100	245	42355970
sel_scaf	101	262	42355970
sel_scaf	102	212	42355970
sel_scaf	103	230	42355970
sel_scaf	104	205	42355970
sel_scaf	105	241	42355970
sel_scaf	106	195	42355970
sel_scaf	107	232	42355970
sel_scaf	108	174	42355970
sel_scaf	109	198	42355970
sel_scaf	110	186	42355970
sel_scaf	111	233	42355970
sel_scaf	112	219	42355970
sel_scaf	113	205	42355970
sel_scaf	114	176	42355970
sel_scaf	115	193	42355970
sel_scaf	116	160	42355970
sel_scaf	117	137	42355970
sel_scaf	118	155	42355970
sel_scaf	119	162	42355970
sel_scaf	120	145	42355970
sel_scaf	121	197	42355970
sel_scaf	122	149	42355970
sel_scaf	123	121	42355970
sel_scaf	124	119	42355970
sel_scaf	125	136	42355970
sel_scaf	126	110	42355970
sel_scaf	127	146	42355970
sel_scaf	128	174	42355970
sel_scaf	129	143	42355970
sel_scaf	130	133	42355970
sel_scaf	131	171	42355970
sel_scaf	132	150	42355970
sel_scaf	133	115	42355970
sel_scaf	134	121	42355970
sel_scaf	135	108	42355970
sel_scaf	136	150	42355970
sel_scaf	137	107	42355970
sel_scaf	138	94	42355970
sel_scaf	139	120	42355970
sel_scaf	140	84	42355970
sel_scaf	141	67	42355970
sel_scaf	142	70	42355970
sel_scaf	143	84	42355970
sel_scaf	144	88	42355970
sel_scaf	145	81	42355970
sel_scaf	146	98	42355970
sel_scaf	147	103	42355970
sel_scaf	148	78	42355970
sel_scaf	149	72	42355970
sel_scaf	150	80	42355970
sel_scaf	151	70	42355970
sel_scaf	152	80	42355970
sel_scaf	153	62	42355970
sel_scaf	154	60	42355970
sel_scaf	155	83	42355970
sel_scaf	156	82	42355970
sel_scaf	157	91	42355970
sel_scaf	158	85	42355970
sel_scaf	159	78	42355970
sel_scaf	160	104	42355970
sel_scaf	161	105	42355970
sel_scaf	162	87	42355970
sel_scaf	163	81	42355970
sel_scaf	164	67	42355970
sel_scaf	165	58	42355970
sel_scaf	166	61	42355970
sel_scaf	167	44	42355970
sel_scaf	168	35	42355970
sel_scaf	169	43	42355970
sel_scaf	170	59	42355970
sel_scaf	171	74	42355970
sel_scaf	172	71	42355970
sel_scaf	173	67	42355970
sel_scaf	174	70	42355970
sel_scaf	175	80	42355970
sel_scaf	176	93	42355970
sel_scaf	177	51	42355970
sel_scaf	178	40	42355970
sel_scaf	179	63	42355970
sel_scaf	180	39	42355970
sel_scaf	181	50	42355970
sel_scaf	182	47	42355970
sel_scaf	183	47	42355970
sel_scaf	184	61	42355970
sel_scaf	185	45	42355970
sel_scaf	186	35	42355970
sel_scaf	187	34	42355970
sel_scaf	188	42	42355970
sel_scaf	189	46	42355970
sel_scaf	190	51	42355970
sel_scaf	191	47	42355970
sel_scaf	192	42	42355970
sel_scaf	193	51	42355970
sel_scaf	194	56	42355970
sel_scaf	195	61	42355970
sel_scaf	196	61	42355970
sel_scaf	197	38	42355970
sel_scaf	198	44	42355970
sel_scaf	199	47	42355970
sel_scaf	200	49	42355970
sel_scaf	201	38	42355970
sel_scaf	202	41	42355970
sel_scaf	203	39	42355970
sel_scaf	204	37	42355970
sel_scaf	205	53	42355970
sel_scaf	206	42	42355970
sel_scaf	207	39	42355970
sel_scaf	208	70	42355970
sel_scaf	209	29	42355970
sel_scaf	210	25	42355970
sel_scaf	211	32	42355970
sel_scaf	212	40	42355970
sel_scaf	213	20	42355970
sel_scaf	214	23	42355970
sel_scaf	215	21	42355970
sel_scaf	216	19	42355970
sel_scaf	217	22	42355970
sel_scaf	218	44	42355970
sel_scaf	219	24	42355970
sel_scaf	220	25	42355970
sel_scaf	221	23	42355970
sel_scaf	222	24	42355970
sel_scaf	223	16	42355970
sel_scaf	224	38	42355970
sel_scaf	225	34	42355970
sel_scaf	226	43	42355970
sel_scaf	227	41	42355970
sel_scaf	228	33	42355970
sel_scaf	229	34	42355970
sel_scaf	230	32	42355970
sel_scaf	231	44	42355970
sel_scaf	232	47	42355970
sel_scaf	233	49	42355970
sel_scaf	234	29	42355970
sel_scaf	235	55	42355970
sel_scaf	236	63	42355970
sel_scaf	237	59	42355970
sel_scaf	238	61	42355970
sel_scaf	239	50	42355970
sel_scaf	240	46	42355970
sel_scaf	241	46	42355970
sel_scaf	242	29	42355970
sel_scaf	243	36	42355970
sel_scaf	244	47	42355970
sel_scaf	245	36	42355970
sel_scaf	246	39	42355970
sel_scaf	247	31	42355970
sel_scaf	248	36	42355970
sel_scaf	249	41	42355970
sel_scaf	250	43	42355970
sel_scaf	251	36	42355970
sel_scaf	252	30	42355970
sel_scaf	253	19	42355970
sel_scaf	254	23	42355970
sel_scaf	255	25	42355970
sel_scaf	256	23	42355970
sel_scaf	257	22	42355970
sel_scaf	258	29	42355970
sel_scaf	259	25	42355970
sel_scaf	260	25	42355970
sel_scaf	261	29	42355970
sel_scaf	262	24	42355970
sel_scaf	263	27	42355970
sel_scaf	264	20	42355970
sel_scaf	265	17	42355970
sel_scaf	266	7	42355970
sel_scaf	267	21	42355970
sel_scaf	268	22	42355970
sel_scaf	269	37	42355970
sel_scaf	270	20	42355970
sel_scaf	271	19	42355970
sel_scaf	272	10	42355970
sel_scaf	273	11	42355970
sel_scaf	274	13	42355970
sel_scaf	275	20	42355970
sel_scaf	276	9	42355970
sel_scaf	277	16	42355970
sel_scaf	278	11	42355970
sel_scaf	279	9	42355970
sel_scaf	280	12	42355970
sel_scaf	281	8	42355970
sel_scaf	282	9	42355970
sel_scaf	283	13	42355970
sel_scaf	284	18	42355970
sel_scaf	285	15	42355970
sel_scaf	286	24	42355970
sel_scaf	287	21	42355970
sel_scaf	288	29	42355970
sel_scaf	289	10	42355970
sel_scaf	290	13	42355970
sel_scaf	291	8	42355970
sel_scaf	292	13	42355970
sel_scaf	293	8	42355970
sel_scaf	294	8	42355970
sel_scaf	295	8	42355970
sel_scaf	296	12	42355970
sel_scaf	297	20	42355970
sel_scaf	298	6	42355970
sel_scaf	299	17	42355970
sel_scaf	300	12	42355970
sel_scaf	301	8	42355970
sel_scaf	302	22	42355970
sel_scaf	303	13	42355970
sel_scaf	304	15	42355970
sel_scaf	305	15	42355970
sel_scaf	306	10	42355970
sel_scaf	307	27	42355970
sel_scaf	308	22	42355970
sel_scaf	309	26	42355970
sel_scaf	310	61	42355970
sel_scaf	311	29	42355970
sel_scaf	312	22	42355970
sel_scaf	313	12	42355970
sel_scaf	314	11	42355970
sel_scaf	315	6	42355970
sel_scaf	316	13	42355970
sel_scaf	317	11	42355970
sel_scaf	318	8	42355970
sel_scaf	319	7	42355970
sel_scaf	320	20	42355970
sel_scaf	321	12	42355970
sel_scaf	322	11	42355970
sel_scaf	323	4	42355970
sel_scaf	324	8	42355970
sel_scaf	325	6	42355970
sel_scaf	326	16	42355970
sel_scaf	327	10	42355970
sel_scaf	328	6	42355970
sel_scaf	329	11	42355970
sel_scaf	330	13	42355970
sel_scaf	331	12	42355970
sel_scaf	332	14	42355970
sel_scaf	333	13	42355970
sel_scaf	334	24	42355970
sel_scaf	335	14	42355970
sel_scaf	336	15	42355970
sel_scaf	337	11	42355970
sel_scaf	338	19	42355970
sel_scaf	339	17	42355970
sel_scaf	340	24	42355970
sel_scaf	341	19	42355970
sel_scaf	342	21	42355970
sel_scaf	343	16	42355970
sel_scaf	344	21	42355970
sel_scaf	345	9	42355970
sel_scaf	346	9	42355970
sel_scaf	347	15	42355970
sel_scaf	348	16	42355970
sel_scaf	349	16	42355970
sel_scaf	350	13	42355970
sel_scaf	351	11	42355970
sel_scaf	352	16	42355970
sel_scaf	353	8	42355970
sel_scaf	354	5	42355970
sel_scaf	355	8	42355970
sel_scaf	356	6	42355970
sel_scaf	357	4	42355970
sel_scaf	358	16	42355970
sel_scaf	359	3	42355970
sel_scaf	360	14	42355970
sel_scaf	361	9	42355970
sel_scaf	362	6	42355970
sel_scaf	363	14	42355970
sel_scaf	364	13	42355970
sel_scaf	365	7	42355970
sel_scaf	366	3	42355970
sel_scaf	367	4	42355970
sel_scaf	368	9	42355970
sel_scaf	369	12	42355970
sel_scaf	370	5	42355970
sel_scaf	371	20	42355970
sel_scaf	372	9	42355970
sel_scaf	373	7	42355970
sel_scaf	374	1	42355970
sel_scaf	375	9	42355970
sel_scaf	376	6	42355970
sel_scaf	377	6	42355970
sel_scaf	378	3	42355970
sel_scaf	379	3	42355970
sel_scaf	380	4	42355970
sel_scaf	381	9	42355970
sel_scaf	382	4	42355970
sel_scaf	383	6	42355970
sel_scaf	384	4	42355970
sel_scaf	385	7	42355970
sel_scaf	386	3	42355970
sel_scaf	387	3	42355970
sel_scaf	388	7	42355970
sel_scaf	389	8	42355970
sel_scaf	390	25	42355970
sel_scaf	391	20	42355970
sel_scaf	392	12	42355970
sel_scaf	393	12	42355970
sel_scaf	394	20	42355970
sel_scaf	395	14	42355970
sel_scaf	396	11	42355970
sel_scaf	397	12	42355970
sel_scaf	398	13	42355970
sel_scaf	399	11	42355970
sel_scaf	400	4	42355970
sel_scaf	401	11	42355970
sel_scaf	402	19	42355970
sel_scaf	403	11	42355970
sel_scaf	404	10	42355970
sel_scaf	405	8	42355970
sel_scaf	406	12	42355970
sel_scaf	407	3	42355970
sel_scaf	408	5	42355970
sel_scaf	409	8	42355970
sel_scaf	410	9	42355970
sel_scaf	411	4	42355970
sel_scaf	412	3	42355970
sel_scaf	413	8	42355970
sel_scaf	414	9	42355970
sel_scaf	415	5	42355970
sel_scaf	416	5	42355970
sel_scaf	417	6	42355970
sel_scaf	418	11	42355970
sel_scaf	419	13	42355970
sel_scaf	420	7	42355970
sel_scaf	421	3	42355970
sel_scaf	422	11	42355970
sel_scaf	423	6	42355970
sel_scaf	424	4	42355970
sel_scaf	425	2	42355970
sel_scaf	426	1	42355970
sel_scaf	427	2	42355970
sel_scaf	428	3	42355970
sel_scaf	429	1	42355970
sel_scaf	430	2	42355970
sel_scaf	431	5	42355970
sel_scaf	432	3	42355970
sel_scaf	433	3	42355970
sel_scaf	434	1	42355970
sel_scaf	435	2	42355970
sel_scaf	436	8	42355970
sel_scaf	437	1	42355970
sel_scaf	438	1	42355970
sel_scaf	439	4	42355970
sel_scaf	440	1	42355970
sel_scaf	441	3	42355970
sel_scaf	442	4	42355970
sel_scaf	443	3	42355970
sel_scaf	444	1	42355970
sel_scaf	445	4	42355970
sel_scaf	446	5	42355970
sel_scaf	447	5	42355970
sel_scaf	448	2	42355970
sel_scaf	449	4	42355970
sel_scaf	450	5	42355970
sel_scaf	451	3	42355970
sel_scaf	452	3	42355970
sel_scaf	453	2	42355970
sel_scaf	454	2	42355970
sel_scaf	455	13	42355970
sel_scaf	456	2	42355970
sel_scaf	457	6	42355970
sel_scaf	458	4	42355970
sel_scaf	459	3	42355970
sel_scaf	460	3	42355970
sel_scaf	461	2	42355970
sel_scaf	462	3	42355970
sel_scaf	463	2	42355970
sel_scaf	464	1	42355970
sel_scaf	465	2	42355970
sel_scaf	466	5	42355970
sel_scaf	467	3	42355970
sel_scaf	468	4	42355970
sel_scaf	469	2	42355970
sel_scaf	470	5	42355970
sel_scaf	471	3	42355970
sel_scaf	472	7	42355970
sel_scaf	473	5	42355970
sel_scaf	474	15	42355970
sel_scaf	475	2	42355970
sel_scaf	476	2	42355970
sel_scaf	477	7	42355970
sel_scaf	478	8	42355970
sel_scaf	479	2	42355970
sel_scaf	480	2	42355970
sel_scaf	482	3	42355970
sel_scaf	483	2	42355970
sel_scaf	484	4	42355970
sel_scaf	485	2	42355970
sel_scaf	486	3	42355970
sel_scaf	487	5	42355970
sel_scaf	488	6	42355970
sel_scaf	489	6	42355970
sel_scaf	490	3	42355970
sel_scaf	491	2	42355970
sel_scaf	492	4	42355970
sel_scaf	493	3	42355970
sel_scaf	494	2	42355970
sel_scaf	495	3	42355970
sel_scaf	497	2	42355970
sel_scaf	498	8	42355970
sel_scaf	499	2	42355970
sel_scaf	500	3	42355970
sel_scaf	501	1	42355970
sel_scaf	502	1	42355970
sel_scaf	503	4	42355970
sel_scaf	504	3	42355970
sel_scaf	505	4	42355970
sel_scaf	506	27	42355970
sel_scaf	507	4	42355970
sel_scaf	508	2	42355970
sel_scaf	509	3	42355970
sel_scaf	510	7	42355970
sel_scaf	511	2	42355970
sel_scaf	512	8	42355970
sel_scaf	513	3	42355970
sel_scaf	514	6	42355970
sel_scaf	515	4	42355970
sel_scaf	516	10	42355970
sel_scaf	517	5	42355970
sel_scaf	518	1	42355970
sel_scaf	519	6	42355970
sel_scaf	520	4	42355970
sel_scaf	521	6	42355970
sel_scaf	522	1	42355970
sel_scaf	523	5	42355970
sel_scaf	524	4	42355970
sel_scaf	525	3	42355970
sel_scaf	526	1	42355970
sel_scaf	527	4	42355970
sel_scaf	528	1	42355970
sel_scaf	529	2	42355970
sel_scaf	530	1	42355970
sel_scaf	531	2	42355970
sel_scaf	532	4	42355970
sel_scaf	533	1	42355970
sel_scaf	534	3	42355970
sel_scaf	535	3	42355970
sel_scaf	536	2	42355970
sel_scaf	537	6	42355970
sel_scaf	538	5	42355970
sel_scaf	539	5	42355970
sel_scaf	540	2	42355970
sel_scaf	541	3	42355970
sel_scaf	542	3	42355970
sel_scaf	543	4	42355970
sel_scaf	544	1	42355970
sel_scaf	545	4	42355970
sel_scaf	546	2	42355970
sel_scaf	547	8	42355970
sel_scaf	548	3	42355970
sel_scaf	549	6	42355970
sel_scaf	550	3	42355970
sel_scaf	551	4	42355970
sel_scaf	552	8	42355970
sel_scaf	553	6	42355970
sel_scaf	554	1	42355970
sel_scaf	556	1	42355970
sel_scaf	557	2	42355970
sel_scaf	558	1	42355970
sel_scaf	559	2	42355970
sel_scaf	560	1	42355970
sel_scaf	562	2	42355970
sel_scaf	564	1	42355970
sel_scaf	566	1	42355970
sel_scaf	567	1	42355970
sel_scaf	568	1	42355970
sel_scaf	570	2	42355970
sel_scaf	571	1	42355970
sel_scaf	572	1	42355970
sel_scaf	573	1	42355970
sel_scaf	575	1	42355970
sel_scaf	578	2	42355970
sel_scaf	579	2	42355970
sel_scaf	580	6	42355970
sel_scaf	582	3	42355970
sel_scaf	583	3	42355970
sel_scaf	584	31	42355970
sel_scaf	585	1	42355970
sel_scaf	587	3	42355970
sel_scaf	588	2	42355970
sel_scaf	589	2	42355970
sel_scaf	590	1	42355970
sel_scaf	591	1	42355970
sel_scaf	592	5	42355970
sel_scaf	593	1	42355970
sel_scaf	594	1	42355970
sel_scaf	596	3	42355970
sel_scaf	597	2	42355970
sel_scaf	598	1	42355970
sel_scaf	599	2	42355970
sel_scaf	600	1	42355970
sel_scaf	603	1	42355970
sel_scaf	604	1	42355970
sel_scaf	605	1	42355970
sel_scaf	607	1	42355970
sel_scaf	609	1	42355970
sel_scaf	610	2	42355970
sel_scaf	611	1	42355970
sel_scaf	613	2	42355970
sel_scaf	614	1	42355970
sel_scaf	615	5	42355970
sel_scaf	616	1	42355970
sel_scaf	617	3	42355970
sel_scaf	618	1	42355970
sel_scaf	619	2	42355970
sel_scaf	621	1	42355970
sel_scaf	622	2	42355970
sel_scaf	624	2	42355970
sel_scaf	625	2	42355970
sel_scaf	627	2	42355970
sel_scaf	629	2	42355970
sel_scaf	630	2	42355970
sel_scaf	631	1	42355970
sel_scaf	633	4	42355970
sel_scaf	634	3	42355970
sel_scaf	635	3	42355970
sel_scaf	636	4	42355970
sel_scaf	637	3	42355970
sel_scaf	638	2	42355970
sel_scaf	639	7	42355970
sel_scaf	640	1	42355970
sel_scaf	641	4	42355970
sel_scaf	642	6	42355970
sel_scaf	643	2	42355970
sel_scaf	645	2	42355970
sel_scaf	646	2	42355970
sel_scaf	647	3	42355970
sel_scaf	648	4	42355970
sel_scaf	649	2	42355970
sel_scaf	651	3	42355970
sel_scaf	653	1	42355970
sel_scaf	654	3	42355970
sel_scaf	655	1	42355970
sel_scaf	657	1	42355970
sel_scaf	659	4	42355970
sel_scaf	660	2	42355970
sel_scaf	661	1	42355970
sel_scaf	662	1	42355970
sel_scaf	663	1	42355970
sel_scaf	664	4	42355970
sel_scaf	665	3	42355970
sel_scaf	666	2	42355970
sel_scaf	667	2	42355970
sel_scaf	668	3	42355970
sel_scaf	669	6	42355970
sel_scaf	670	8	42355970
sel_scaf	671	5	42355970
sel_scaf	672	1	42355970
sel_scaf	673	8	42355970
sel_scaf	674	8	42355970
sel_scaf	676	1	42355970
sel_scaf	677	2	42355970
sel_scaf	679	2	42355970
sel_scaf	682	2	42355970
sel_scaf	683	3	42355970
sel_scaf	685	1	42355970
sel_scaf	686	2	42355970
sel_scaf	687	6	42355970
sel_scaf	688	2	42355970
sel_scaf	690	1	42355970
sel_scaf	691	2	42355970
sel_scaf	692	1	42355970
sel_scaf	693	2	42355970
sel_scaf	695	3	42355970
sel_scaf	696	1	42355970
sel_scaf	697	1	42355970
sel_scaf	698	3	42355970
sel_scaf	701	1	42355970
sel_scaf	703	2	42355970
sel_scaf	704	3	42355970
sel_scaf	705	3	42355970
sel_scaf	706	2	42355970
sel_scaf	707	3	42355970
sel_scaf	708	3	42355970
sel_scaf	709	4	42355970
sel_scaf	710	2	42355970
sel_scaf	712	3	42355970
sel_scaf	713	2	42355970
sel_scaf	714	2	42355970
sel_scaf	715	8	42355970
sel_scaf	716	3	42355970
sel_scaf	717	5	42355970
sel_scaf	718	13	42355970
sel_scaf	719	5	42355970
sel_scaf	720	1	42355970
sel_scaf	721	3	42355970
sel_scaf	722	2	42355970
sel_scaf	723	1	42355970
sel_scaf	724	1	42355970
sel_scaf	725	2	42355970
sel_scaf	726	2	42355970
sel_scaf	727	2	42355970
sel_scaf	728	3	42355970
sel_scaf	730	4	42355970
sel_scaf	731	5	42355970
sel_scaf	732	5	42355970
sel_scaf	733	6	42355970
sel_scaf	734	3	42355970
sel_scaf	735	3	42355970
sel_scaf	736	3	42355970
sel_scaf	737	3	42355970
sel_scaf	738	1	42355970
sel_scaf	739	1	42355970
sel_scaf	740	1	42355970
sel_scaf	741	2	42355970
sel_scaf	742	5	42355970
sel_scaf	743	1	42355970
sel_scaf	744	1	42355970
sel_scaf	745	4	42355970
sel_scaf	746	5	42355970
sel_scaf	747	1	42355970
sel_scaf	748	3	42355970
sel_scaf	749	3	42355970
sel_scaf	750	2	42355970
sel_scaf	751	3	42355970
sel_scaf	752	1	42355970
sel_scaf	753	6	42355970
sel_scaf	754	4	42355970
sel_scaf	755	2	42355970
sel_scaf	756	4	42355970
sel_scaf	757	7	42355970
sel_scaf	758	4	42355970
sel_scaf	759	1	42355970
sel_scaf	760	3	42355970
sel_scaf	761	4	42355970
sel_scaf	762	2	42355970
sel_scaf	763	4	42355970
sel_scaf	764	4	42355970
sel_scaf	765	4	42355970
sel_scaf	766	5	42355970
sel_scaf	767	3	42355970
sel_scaf	768	6	42355970
sel_scaf	769	1	42355970
sel_scaf	770	8	42355970
sel_scaf	771	2	42355970
sel_scaf	772	7	42355970
sel_scaf	773	7	42355970
sel_scaf	774	7	42355970
sel_scaf	775	7	42355970
sel_scaf	776	6	42355970
sel_scaf	777	4	42355970
sel_scaf	778	6	42355970
sel_scaf	779	1	42355970
sel_scaf	780	5	42355970
sel_scaf	781	3	42355970
sel_scaf	782	4	42355970
sel_scaf	783	10	42355970
sel_scaf	784	5	42355970
sel_scaf	785	8	42355970
sel_scaf	786	6	42355970
sel_scaf	787	7	42355970
sel_scaf	788	21	42355970
sel_scaf	789	10	42355970
sel_scaf	790	3	42355970
sel_scaf	791	6	42355970
sel_scaf	792	2	42355970
sel_scaf	793	5	42355970
sel_scaf	795	6	42355970
sel_scaf	796	10	42355970
sel_scaf	797	3	42355970
sel_scaf	798	4	42355970
sel_scaf	799	11	42355970
sel_scaf	800	7	42355970
sel_scaf	801	18	42355970
sel_scaf	802	5	42355970
sel_scaf	803	5	42355970
sel_scaf	804	1	42355970
sel_scaf	805	2	42355970
sel_scaf	806	5	42355970
sel_scaf	807	2	42355970
sel_scaf	808	8	42355970
sel_scaf	809	2	42355970
sel_scaf	810	6	42355970
sel_scaf	811	4	42355970
sel_scaf	812	4	42355970
sel_scaf	813	4	42355970
sel_scaf	814	4	42355970
sel_scaf	815	7	42355970
sel_scaf	816	3	42355970
sel_scaf	817	6	42355970
sel_scaf	818	6	42355970
sel_scaf	819	2	42355970
sel_scaf	820	5	42355970
sel_scaf	821	5	42355970
sel_scaf	822	2	42355970
sel_scaf	823	1	42355970
sel_scaf	824	3	42355970
sel_scaf	825	1	42355970
sel_scaf	826	4	42355970
sel_scaf	827	1	42355970
sel_scaf	828	1	42355970
sel_scaf	829	14	42355970
sel_scaf	830	2	42355970
sel_scaf	831	3	42355970
sel_scaf	832	4	42355970
sel_scaf	833	1	42355970
sel_scaf	834	1	42355970
sel_scaf	835	6	42355970
sel_scaf	836	10	42355970
sel_scaf	837	11	42355970
sel_scaf	838	3	42355970
sel_scaf	840	1	42355970
sel_scaf	841	3	42355970
sel_scaf	843	2	42355970
sel_scaf	844	4	42355970
sel_scaf	845	1	42355970
sel_scaf	846	2	42355970
sel_scaf	847	2	42355970
sel_scaf	848	5	42355970
sel_scaf	849	3	42355970
sel_scaf	850	2	42355970
sel_scaf	851	1	42355970
sel_scaf	852	1	42355970
sel_scaf	853	4	42355970
sel_scaf	854	1	42355970
sel_scaf	855	1	42355970
sel_scaf	856	1	42355970
sel_scaf	857	2	42355970
sel_scaf	858	4	42355970
sel_scaf	859	2	42355970
sel_scaf	860	8	42355970
sel_scaf	861	6	42355970
sel_scaf	862	8	42355970
sel_scaf	863	6	42355970
sel_scaf	864	9	42355970
sel_scaf	865	12	42355970
sel_scaf	866	15	42355970
sel_scaf	867	2	42355970
sel_scaf	869	3	42355970
sel_scaf	870	2	42355970
sel_scaf	871	2	42355970
sel_scaf	872	4	42355970
sel_scaf	873	4	42355970
sel_scaf	874	7	42355970
sel_scaf	875	4	42355970
sel_scaf	876	5	42355970
sel_scaf	877	7	42355970
sel_scaf	878	5	42355970
sel_scaf	879	4	42355970
sel_scaf	880	3	42355970
sel_scaf	881	7	42355970
sel_scaf	882	5	42355970
sel_scaf	883	5	42355970
sel_scaf	884	5	42355970
sel_scaf	885	3	42355970
sel_scaf	886	6	42355970
sel_scaf	887	3	42355970
sel_scaf	888	9	42355970
sel_scaf	889	11	42355970
sel_scaf	890	7	42355970
sel_scaf	891	6	42355970
sel_scaf	892	12	42355970
sel_scaf	893	5	42355970
sel_scaf	894	5	42355970
sel_scaf	895	9	42355970
sel_scaf	896	8	42355970
sel_scaf	897	5	42355970
sel_scaf	898	8	42355970
sel_scaf	899	10	42355970
sel_scaf	900	7	42355970
sel_scaf	901	6	42355970
sel_scaf	902	3	42355970
sel_scaf	903	5	42355970
sel_scaf	904	3	42355970
sel_scaf	905	6	42355970
sel_scaf	906	3	42355970
sel_scaf	907	4	42355970
sel_scaf	908	2	42355970
sel_scaf	909	5	42355970
sel_scaf	910	5	42355970
sel_scaf	911	9	42355970
sel_scaf	912	3	42355970
sel_scaf	913	6	42355970
sel_scaf	914	5	42355970
sel_scaf	915	4	42355970
sel_scaf	916	1	42355970
sel_scaf	917	3	42355970
sel_scaf	918	2	42355970
sel_scaf	919	1	42355970
sel_scaf	920	1	42355970
sel_scaf	921	2	42355970
sel_scaf	923	1	42355970
sel_scaf	924	2	42355970
sel_scaf	927	1	42355970
sel_scaf	931	2	42355970
sel_scaf	947	1	42355970
sel_scaf	948	1	42355970
sel_scaf	950	2	42355970
sel_scaf	953	1	42355970
sel_scaf	956	1	42355970
sel_scaf	958	1	42355970
sel_scaf	959	2	42355970
sel_scaf	960	4	42355970
sel_scaf	961	7	42355970
sel_scaf	962	8	42355970
sel_scaf	963	1	42355970
sel_scaf	967	1	42355970
sel_scaf	972	1	42355970
sel_scaf	974	1	42355970
sel_scaf	975	1	42355970
sel_scaf	978	1	42355970
sel_scaf	984	1	42355970
sel_scaf	988	1	42355970
sel_scaf	989	9	42355970
sel_scaf	992	1	42355970
sel_scaf	993	1	42355970
sel_scaf	997	1	42355970
sel_scaf	1004	1	42355970
sel_scaf	1010	1	42355970
sel_scaf	1017	1	42355970
sel_scaf	1025	2	42355970
sel_scaf	1026	1	42355970
sel_scaf	1030	2	42355970
sel_scaf	1031	1	42355970
sel_scaf	1032	1	42355970
sel_scaf	1039	1	42355970
sel_scaf	1049	1	42355970
sel_scaf	1053	1	42355970
sel_scaf	1056	1	42355970
sel_scaf	1064	2	42355970
sel_scaf	1065	1	42355970
sel_scaf	1067	1	42355970
sel_scaf	1068	1	42355970
sel_scaf	1070	1	42355970
sel_scaf	1073	1	42355970
sel_scaf	1075	1	42355970
sel_scaf	1080	1	42355970
sel_scaf	1083	1	42355970
sel_scaf	1086	3	42355970
sel_scaf	1089	1	42355970
sel_scaf	1092	1	42355970
sel_scaf	1094	1	42355970
sel_scaf	1098	2	42355970
sel_scaf	1104	1	42355970
sel_scaf	1105	2	42355970
sel_scaf	1106	1	42355970
sel_scaf	1111	1	42355970
sel_scaf	1113	1	42355970
sel_scaf	1120	1	42355970
sel_scaf	1121	1	42355970
sel_scaf	1123	1	42355970
sel_scaf	1125	1	42355970
sel_scaf	1130	1	42355970
sel_scaf	1131	1	42355970
sel_scaf	1136	1	42355970
sel_scaf	1139	1	42355970
sel_scaf	1142	1	42355970
sel_scaf	1147	1	42355970
sel_scaf	1162	1	42355970
sel_scaf	1166	2	42355970
sel_scaf	1171	1	42355970
sel_scaf	1173	1	42355970
sel_scaf	1180	1	42355970
sel_scaf	1181	1	42355970
sel_scaf	1190	1	42355970
sel_scaf	1191	1	42355970
sel_scaf	1200	2	42355970
sel_scaf	1202	1	42355970
sel_scaf	1208	1	42355970
sel_scaf	1211	1	42355970
sel_scaf	1220	1	42355970
sel_scaf	1222	1	42355970
sel_scaf	1224	1	42355970
sel_scaf	1228	1	42355970
sel_scaf	1230	1	42355970
sel_scaf	1233	1	42355970
sel_scaf	1235	1	42355970
sel_scaf	1239	2	42355970
sel_scaf	1240	1	42355970
sel_scaf	1251	1	42355970
sel_scaf	1252	1	42355970
sel_scaf	1253	1	42355970
sel_scaf	1254	2	42355970
sel_scaf	1255	2	42355970
sel_scaf	1256	1	42355970
sel_scaf	1259	1	42355970
sel_scaf	1265	1	42355970
sel_scaf	1266	1	42355970
sel_scaf	1269	1	42355970
sel_scaf	1274	1	42355970
sel_scaf	1280	1	42355970
sel_scaf	1283	1	42355970
sel_scaf	1284	2	42355970
sel_scaf	1287	1	42355970
sel_scaf	1288	1	42355970
sel_scaf	1289	2	42355970
sel_scaf	1299	2	42355970
sel_scaf	1300	1	42355970
sel_scaf	1304	1	42355970
sel_scaf	1305	1	42355970
sel_scaf	1306	2	42355970
sel_scaf	1321	2	42355970
sel_scaf	1323	4	42355970
sel_scaf	1325	1	42355970
sel_scaf	1326	1	42355970
sel_scaf	1328	1	42355970
sel_scaf	1329	2	42355970
sel_scaf	1334	1	42355970
sel_scaf	1335	1	42355970
sel_scaf	1337	3	42355970
sel_scaf	1338	2	42355970
sel_scaf	1340	2	42355970
sel_scaf	1341	2	42355970
sel_scaf	1342	1	42355970
sel_scaf	1343	2	42355970
sel_scaf	1344	1	42355970
sel_scaf	1350	1	42355970
sel_scaf	1351	1	42355970
sel_scaf	1352	1	42355970
sel_scaf	1353	1	42355970
sel_scaf	1354	2	42355970
sel_scaf	1356	1	42355970
sel_scaf	1357	1	42355970
sel_scaf	1358	1	42355970
sel_scaf	1360	7	42355970
sel_scaf	1361	4	42355970
sel_scaf	1362	7	42355970
sel_scaf	1363	2	42355970
sel_scaf	1364	3	42355970
sel_scaf	1365	1	42355970
sel_scaf	1366	1	42355970
sel_scaf	1367	1	42355970
sel_scaf	1369	1	42355970
sel_scaf	1370	1	42355970
sel_scaf	1372	1	42355970
sel_scaf	1373	1	42355970
sel_scaf	1375	1	42355970
sel_scaf	1376	1	42355970
sel_scaf	1378	1	42355970
sel_scaf	1380	2	42355970
sel_scaf	1382	1	42355970
sel_scaf	1385	1	42355970
sel_scaf	1386	1	42355970
sel_scaf	1387	1	42355970
sel_scaf	1388	1	42355970
sel_scaf	1389	1	42355970
sel_scaf	1392	1	42355970
sel_scaf	1393	1	42355970
sel_scaf	1394	2	42355970
sel_scaf	1395	1	42355970
sel_scaf	1397	2	42355970
sel_scaf	1399	2	42355970
sel_scaf	1400	2	42355970
sel_scaf	1401	1	42355970
sel_scaf	1404	2	42355970
sel_scaf	1405	3	42355970
sel_scaf	1406	1	42355970
sel_scaf	1407	1	42355970
sel_scaf	1409	1	42355970
sel_scaf	1413	1	42355970
sel_scaf	1414	1	42355970
sel_scaf	1415	4	42355970
sel_scaf	1416	2	42355970
sel_scaf	1417	1	42355970
sel_scaf	1418	2	42355970
sel_scaf	1419	2	42355970
sel_scaf	1420	1	42355970
sel_scaf	1421	9	42355970
sel_scaf	1422	3	42355970
sel_scaf	1423	9	42355970
sel_scaf	1424	7	42355970
sel_scaf	1425	1	42355970
sel_scaf	1426	4	42355970
sel_scaf	1427	4	42355970
sel_scaf	1428	3	42355970
sel_scaf	1429	6	42355970
sel_scaf	1430	7	42355970
sel_scaf	1431	4	42355970
sel_scaf	1434	1	42355970
sel_scaf	1436	1	42355970
sel_scaf	1437	1	42355970
sel_scaf	1440	1	42355970
sel_scaf	1441	1	42355970
sel_scaf	1446	3	42355970
sel_scaf	1448	1	42355970
sel_scaf	1449	1	42355970
sel_scaf	1450	1	42355970
sel_scaf	1452	1	42355970
sel_scaf	1453	1	42355970
sel_scaf	1461	1	42355970
sel_scaf	1462	1	42355970
sel_scaf	1464	2	42355970
sel_scaf	1465	1	42355970
sel_scaf	1469	1	42355970
sel_scaf	1471	1	42355970
sel_scaf	1473	2	42355970
sel_scaf	1476	1	42355970
sel_scaf	1477	1	42355970
sel_scaf	1480	3	42355970
sel_scaf	1488	1	42355970
sel_scaf	1493	2	42355970
sel_scaf	1497	1	42355970
sel_scaf	1498	2	42355970
sel_scaf	1500	1	42355970
sel_scaf	1505	2	42355970
sel_scaf	1508	2	42355970
sel_scaf	1511	3	42355970
sel_scaf	1512	2	42355970
sel_scaf	1513	2	42355970
sel_scaf	1514	1	42355970
sel_scaf	1515	1	42355970
sel_scaf	1517	2	42355970
sel_scaf	1519	1	42355970
sel_scaf	1529	1	42355970
sel_scaf	1531	3	42355970
sel_scaf	1538	1	42355970
sel_scaf	1539	1	42355970
sel_scaf	1540	1	42355970
sel_scaf	1542	2	42355970
sel_scaf	1546	2	42355970
sel_scaf	1549	1	42355970
sel_scaf	1550	1	42355970
sel_scaf	1551	1	42355970
sel_scaf	1552	1	42355970
sel_scaf	1559	1	42355970
sel_scaf	1561	1	42355970
sel_scaf	1562	1	42355970
sel_scaf	1563	1	42355970
sel_scaf	1564	2	42355970
sel_scaf	1567	1	42355970
sel_scaf	1571	1	42355970
sel_scaf	1578	2	42355970
sel_scaf	1579	1	42355970
sel_scaf	1583	1	42355970
sel_scaf	1585	1	42355970
sel_scaf	1588	1	42355970
sel_scaf	1590	1	42355970
sel_scaf	1592	1	42355970
sel_scaf	1595	1	42355970
sel_scaf	1598	1	42355970
sel_scaf	1599	1	42355970
sel_scaf	1601	1	42355970
sel_scaf	1603	1	42355970
sel_scaf	1606	1	42355970
sel_scaf	1607	1	42355970
sel_scaf	1608	1	42355970
sel_scaf	1609	1	42355970
sel_scaf	1614	1	42355970
sel_scaf	1618	2	42355970
sel_scaf	1619	1	42355970
sel_scaf	1620	1	42355970
sel_scaf	1622	2	42355970
sel_scaf	1623	1	42355970
sel_scaf	1629	1	42355970
sel_scaf	1640	1	42355970
sel_scaf	1641	1	42355970
sel_scaf	1643	1	42355970
sel_scaf	1646	1	42355970
sel_scaf	1647	1	42355970
sel_scaf	1654	1	42355970
sel_scaf	1657	1	42355970
sel_scaf	1659	1	42355970
sel_scaf	1663	2	42355970
sel_scaf	1666	1	42355970
sel_scaf	1669	2	42355970
sel_scaf	1673	1	42355970
sel_scaf	1675	2	42355970
sel_scaf	1677	1	42355970
sel_scaf	1680	1	42355970
sel_scaf	1681	1	42355970
sel_scaf	1686	1	42355970
sel_scaf	1688	1	42355970
sel_scaf	1690	1	42355970
sel_scaf	1691	2	42355970
sel_scaf	1699	2	42355970
sel_scaf	1703	1	42355970
sel_scaf	1708	1	42355970
sel_scaf	1709	1	42355970
sel_scaf	1712	1	42355970
sel_scaf	1713	1	42355970
sel_scaf	1716	1	42355970
sel_scaf	1719	1	42355970
sel_scaf	1725	1	42355970
sel_scaf	1726	1	42355970
sel_scaf	1727	1	42355970
sel_scaf	1730	1	42355970
sel_scaf	1731	1	42355970
sel_scaf	1732	1	42355970
sel_scaf	1733	1	42355970
sel_scaf	1737	1	42355970
sel_scaf	1740	1	42355970
sel_scaf	1743	1	42355970
sel_scaf	1749	2	42355970
sel_scaf	1750	1	42355970
sel_scaf	1755	1	42355970
sel_scaf	1757	1	42355970
sel_scaf	1764	2	42355970
sel_scaf	1768	1	42355970
sel_scaf	1769	1	42355970
sel_scaf	1770	1	42355970
sel_scaf	1772	1	42355970
sel_scaf	1773	3	42355970
sel_scaf	1774	1	42355970
sel_scaf	1776	1	42355970
sel_scaf	1780	1	42355970
sel_scaf	1784	1	42355970
sel_scaf	1789	1	42355970
sel_scaf	1791	1	42355970
sel_scaf	1792	1	42355970
sel_scaf	1794	1	42355970
sel_scaf	1795	2	42355970
sel_scaf	1796	1	42355970
sel_scaf	1799	2	42355970
sel_scaf	1802	3	42355970
sel_scaf	1807	1	42355970
sel_scaf	1813	1	42355970
sel_scaf	1815	1	42355970
sel_scaf	1822	2	42355970
sel_scaf	1826	2	42355970
sel_scaf	1828	2	42355970
sel_scaf	1829	1	42355970
sel_scaf	1831	1	42355970
sel_scaf	1835	1	42355970
sel_scaf	1838	1	42355970
sel_scaf	1840	1	42355970
sel_scaf	1842	3	42355970
sel_scaf	1843	2	42355970
sel_scaf	1844	3	42355970
sel_scaf	1846	2	42355970
sel_scaf	1847	1	42355970
sel_scaf	1848	2	42355970
sel_scaf	1849	2	42355970
sel_scaf	1853	2	42355970
sel_scaf	1854	4	42355970
sel_scaf	1855	16	42355970
sel_scaf	1856	12	42355970
sel_scaf	1857	14	42355970
sel_scaf	1858	5	42355970
sel_scaf	1859	9	42355970
sel_scaf	1861	1	42355970
sel_scaf	1862	1	42355970
sel_scaf	1868	1	42355970
sel_scaf	1870	1	42355970
sel_scaf	1872	1	42355970
sel_scaf	1873	2	42355970
sel_scaf	1879	1	42355970
sel_scaf	1886	1	42355970
sel_scaf	1887	1	42355970
sel_scaf	1894	1	42355970
sel_scaf	1898	1	42355970
sel_scaf	1899	1	42355970
sel_scaf	1903	1	42355970
sel_scaf	1908	1	42355970
sel_scaf	1912	1	42355970
sel_scaf	1914	2	42355970
sel_scaf	1918	1	42355970
sel_scaf	1920	1	42355970
sel_scaf	1921	1	42355970
sel_scaf	1924	1	42355970
sel_scaf	1925	1	42355970
sel_scaf	1927	1	42355970
sel_scaf	1928	2	42355970
sel_scaf	1930	2	42355970
sel_scaf	1931	2	42355970
sel_scaf	1932	1	42355970
sel_scaf	1934	1	42355970
sel_scaf	1935	1	42355970
sel_scaf	1936	2	42355970
sel_scaf	1939	2	42355970
sel_scaf	1940	1	42355970
sel_scaf	1945	1	42355970
sel_scaf	1946	1	42355970
sel_scaf	1947	1	42355970
sel_scaf	1948	1	42355970
sel_scaf	1949	1	42355970
sel_scaf	1952	1	42355970
sel_scaf	1953	1	42355970
sel_scaf	1954	1	42355970
sel_scaf	1960	1	42355970
sel_scaf	1968	1	42355970
sel_scaf	1970	1	42355970
sel_scaf	1972	1	42355970
sel_scaf	1980	1	42355970
sel_scaf	1981	1	42355970
sel_scaf	1983	1	42355970
sel_scaf	1985	1	42355970
sel_scaf	1990	2	42355970
sel_scaf	1997	1	42355970
sel_scaf	1998	1	42355970
sel_scaf	1999	1	42355970
sel_scaf	2004	1	42355970
sel_scaf	2010	2	42355970
sel_scaf	2017	1	42355970
sel_scaf	2018	1	42355970
sel_scaf	2020	1	42355970
sel_scaf	2023	1	42355970
sel_scaf	2024	1	42355970
sel_scaf	2028	2	42355970
sel_scaf	2031	1	42355970
sel_scaf	2033	1	42355970
sel_scaf	2035	1	42355970
sel_scaf	2037	1	42355970
sel_scaf	2039	1	42355970
sel_scaf	2042	1	42355970
sel_scaf	2046	1	42355970
sel_scaf	2048	2	42355970
sel_scaf	2050	1	42355970
sel_scaf	2052	2	42355970
sel_scaf	2053	1	42355970
sel_scaf	2055	1	42355970
sel_scaf	2056	2	42355970
sel_scaf	2057	1	42355970
sel_scaf	2058	2	42355970
sel_scaf	2059	1	42355970
sel_scaf	2065	1	42355970
sel_scaf	2069	1	42355970
sel_scaf	2071	1	42355970
sel_scaf	2072	2	42355970
sel_scaf	2076	2	42355970
sel_scaf	2077	1	42355970
sel_scaf	2079	1	42355970
sel_scaf	2080	1	42355970
sel_scaf	2082	1	42355970
sel_scaf	2086	1	42355970
sel_scaf	2093	2	42355970
sel_scaf	2100	1	42355970
sel_scaf	2101	1	42355970
sel_scaf	2105	1	42355970
sel_scaf	2117	1	42355970
sel_scaf	2125	1	42355970
sel_scaf	2127	1	42355970
sel_scaf	2129	1	42355970
sel_scaf	2139	1	42355970
sel_scaf	2140	1	42355970
sel_scaf	2144	1	42355970
sel_scaf	2150	1	42355970
sel_scaf	2151	1	42355970
sel_scaf	2154	2	42355970
sel_scaf	2157	1	42355970
sel_scaf	2158	1	42355970
sel_scaf	2160	1	42355970
sel_scaf	2167	1	42355970
sel_scaf	2168	1	42355970
sel_scaf	2175	1	42355970
sel_scaf	2176	1	42355970
sel_scaf	2179	1	42355970
sel_scaf	2182	1	42355970
sel_scaf	2185	1	42355970
sel_scaf	2187	1	42355970
sel_scaf	2203	1	42355970
sel_scaf	2204	1	42355970
sel_scaf	2205	1	42355970
sel_scaf	2207	1	42355970
sel_scaf	2211	1	42355970
sel_scaf	2220	1	42355970
sel_scaf	2227	1	42355970
sel_scaf	2229	1	42355970
sel_scaf	2234	1	42355970
sel_scaf	2240	1	42355970
sel_scaf	2242	1	42355970
sel_scaf	2243	1	42355970
sel_scaf	2245	1	42355970
sel_scaf	2246	1	42355970
sel_scaf	2255	2	42355970
sel_scaf	2259	1	42355970
sel_scaf	2260	1	42355970
sel_scaf	2261	1	42355970
sel_scaf	2262	1	42355970
sel_scaf	2270	1	42355970
sel_scaf	2272	1	42355970
sel_scaf	2273	1	42355970
sel_scaf	2275	2	42355970
sel_scaf	2285	1	42355970
sel_scaf	2287	1	42355970
sel_scaf	2290	1	42355970
sel_scaf	2292	1	42355970
sel_scaf	2293	1	42355970
sel_scaf	2299	1	42355970
sel_scaf	2300	1	42355970
sel_scaf	2301	1	42355970
sel_scaf	2313	1	42355970
sel_scaf	2314	2	42355970
sel_scaf	2315	1	42355970
sel_scaf	2317	2	42355970
sel_scaf	2318	1	42355970
sel_scaf	2320	1	42355970
sel_scaf	2321	1	42355970
sel_scaf	2323	1	42355970
sel_scaf	2324	1	42355970
sel_scaf	2325	1	42355970
sel_scaf	2327	1	42355970
sel_scaf	2329	1	42355970
sel_scaf	2331	1	42355970
sel_scaf	2333	1	42355970
sel_scaf	2335	1	42355970
sel_scaf	2337	2	42355970
sel_scaf	2338	1	42355970
sel_scaf	2339	1	42355970
sel_scaf	2340	1	42355970
sel_scaf	2341	1	42355970
sel_scaf	2350	1	42355970
sel_scaf	2354	1	42355970
sel_scaf	2362	2	42355970
sel_scaf	2392	1	42355970
sel_scaf	2397	1	42355970
sel_scaf	2404	1	42355970
sel_scaf	2410	1	42355970
sel_scaf	2413	2	42355970
sel_scaf	2414	1	42355970
sel_scaf	2426	1	42355970
sel_scaf	2427	1	42355970
sel_scaf	2436	1	42355970
sel_scaf	2438	2	42355970
sel_scaf	2446	1	42355970
sel_scaf	2449	1	42355970
sel_scaf	2469	2	42355970
sel_scaf	2480	1	42355970
sel_scaf	2483	1	42355970
sel_scaf	2491	1	42355970
sel_scaf	2495	1	42355970
sel_scaf	2499	1	42355970
sel_scaf	2503	3	42355970
sel_scaf	2504	2	42355970
sel_scaf	2506	1	42355970
sel_scaf	2507	1	42355970
sel_scaf	2508	1	42355970
sel_scaf	2514	1	42355970
sel_scaf	2533	1	42355970
sel_scaf	2540	1	42355970
sel_scaf	2548	1	42355970
sel_scaf	2551	1	42355970
sel_scaf	2552	1	42355970
sel_scaf	2553	2	42355970
sel_scaf	2554	1	42355970
sel_scaf	2556	1	42355970
sel_scaf	2560	1	42355970
sel_scaf	2561	1	42355970
sel_scaf	2564	1	42355970
sel_scaf	2567	2	42355970
sel_scaf	2568	1	42355970
sel_scaf	2571	1	42355970
sel_scaf	2574	2	42355970
sel_scaf	2580	1	42355970
sel_scaf	2582	1	42355970
sel_scaf	2583	1	42355970
sel_scaf	2587	2	42355970
sel_scaf	2589	2	42355970
sel_scaf	2591	1	42355970
sel_scaf	2597	1	42355970
sel_scaf	2604	1	42355970
sel_scaf	2609	2	42355970
sel_scaf	2635	1	42355970
sel_scaf	2649	1	42355970
sel_scaf	2666	2	42355970
sel_scaf	2689	1	42355970
sel_scaf	2690	1	42355970
sel_scaf	2694	1	42355970
sel_scaf	2696	2	42355970
sel_scaf	2719	1	42355970
sel_scaf	2745	1	42355970
sel_scaf	2750	1	42355970
sel_scaf	2768	1	42355970
sel_scaf	2770	1	42355970
sel_scaf	2800	1	42355970
sel_scaf	2801	1	42355970
sel_scaf	2804	1	42355970
sel_scaf	2807	1	42355970
sel_scaf	2812	1	42355970
sel_scaf	2836	1	42355970
sel_scaf	2843	1	42355970
sel_scaf	2869	1	42355970
sel_scaf	2870	1	42355970
sel_scaf	2882	1	42355970
sel_scaf	2887	1	42355970
sel_scaf	2888	1	42355970
sel_scaf	2895	1	42355970
sel_scaf	2915	1	42355970
sel_scaf	2922	1	42355970
sel_scaf	2929	1	42355970
sel_scaf	2933	1	42355970
sel_scaf	2958	2	42355970
sel_scaf	2985	1	42355970
sel_scaf	2990	1	42355970
sel_scaf	2996	1	42355970
sel_scaf	3002	1	42355970
sel_scaf	3018	1	42355970
sel_scaf	3019	1	42355970
sel_scaf	3025	1	42355970
sel_scaf	3026	1	42355970
sel_scaf	3038	1	42355970
sel_scaf	3043	1	42355970
sel_scaf	3051	1	42355970
sel_scaf	3060	1	42355970
sel_scaf	3082	1	42355970
sel_scaf	3093	1	42355970
sel_scaf	3095	1	42355970
sel_scaf	3101	1	42355970
sel_scaf	3106	1	42355970
sel_scaf	3115	1	42355970
sel_scaf	3122	1	42355970
sel_scaf	3151	1	42355970
sel_scaf	3155	1	42355970
sel_scaf	3158	1	42355970
sel_scaf	3160	1	42355970
sel_scaf	3179	1	42355970
sel_scaf	3191	1	42355970
sel_scaf	3194	1	42355970
sel_scaf	3204	1	42355970
sel_scaf	3207	1	42355970
sel_scaf	3211	1	42355970
sel_scaf	3220	1	42355970
sel_scaf	3226	1	42355970
sel_scaf	3243	1	42355970
sel_scaf	3251	1	42355970
sel_scaf	3252	1	42355970
sel_scaf	3279	1	42355970
sel_scaf	3283	1	42355970
sel_scaf	3289	1	42355970
sel_scaf	3291	1	42355970
sel_scaf	3296	1	42355970
sel_scaf	3303	1	42355970
sel_scaf	3314	1	42355970
sel_scaf	3315	1	42355970
sel_scaf	3342	1	42355970
sel_scaf	3345	1	42355970
sel_scaf	3360	1	42355970
sel_scaf	3366	1	42355970
sel_scaf	3371	1	42355970
sel_scaf	3389	1	42355970
sel_scaf	3391	1	42355970
sel_scaf	3393	1	42355970
sel_scaf	3400	1	42355970
sel_scaf	3405	1	42355970
sel_scaf	3413	1	42355970
sel_scaf	3442	1	42355970
sel_scaf	3448	1	42355970
sel_scaf	3466	1	42355970
sel_scaf	3468	1	42355970
sel_scaf	3474	1	42355970
sel_scaf	3477	1	42355970
sel_scaf	3480	2	42355970
sel_scaf	3481	16	42355970
sel_scaf	3483	1	42355970
sel_scaf	3484	7	42355970
sel_scaf	3488	4	42355970
sel_scaf	3489	2	42355970
sel_scaf	3490	15	42355970
sel_scaf	3492	1	42355970
sel_scaf	3493	1	42355970
sel_scaf	3532	1	42355970
sel_scaf	3539	1	42355970
sel_scaf	3547	1	42355970
sel_scaf	3554	1	42355970
sel_scaf	3559	1	42355970
sel_scaf	3579	1	42355970
sel_scaf	3580	1	42355970
sel_scaf	3590	1	42355970
sel_scaf	3625	1	42355970
sel_scaf	3626	1	42355970
sel_scaf	3633	1	42355970
sel_scaf	3637	1	42355970
sel_scaf	3648	1	42355970
sel_scaf	3661	1	42355970
sel_scaf	3687	1	42355970
sel_scaf	3699	1	42355970
sel_scaf	3716	1	42355970
sel_scaf	3721	1	42355970
sel_scaf	3752	1	42355970
sel_scaf	3755	1	42355970
sel_scaf	3778	1	42355970
sel_scaf	3792	1	42355970
sel_scaf	3798	1	42355970
sel_scaf	3800	1	42355970
sel_scaf	3825	1	42355970
sel_scaf	3854	1	42355970
sel_scaf	3861	1	42355970
sel_scaf	3864	1	42355970
sel_scaf	3869	1	42355970
sel_scaf	3881	1	42355970
sel_scaf	3914	1	42355970
sel_scaf	3922	1	42355970
sel_scaf	3925	1	42355970
sel_scaf	3932	1	42355970
sel_scaf	3965	1	42355970
sel_scaf	3971	1	42355970
sel_scaf	3980	1	42355970
sel_scaf	3987	1	42355970
sel_scaf	4002	1	42355970
sel_scaf	4015	1	42355970
sel_scaf	4049	1	42355970
sel_scaf	4051	1	42355970
sel_scaf	4054	1	42355970
sel_scaf	4067	1	42355970
sel_scaf	4078	1	42355970
sel_scaf	4081	1	42355970
sel_scaf	4105	1	42355970
sel_scaf	4122	1	42355970
sel_scaf	4124	1	42355970
sel_scaf	4133	1	42355970
sel_scaf	4155	1	42355970
sel_scaf	4156	1	42355970
sel_scaf	4160	1	42355970
sel_scaf	4162	1	42355970
sel_scaf	4187	1	42355970
sel_scaf	4190	1	42355970
sel_scaf	4213	1	42355970
sel_scaf	4219	1	42355970
sel_scaf	4222	1	42355970
sel_scaf	4237	1	42355970
sel_scaf	4242	1	42355970
sel_scaf	4244	1	42355970
sel_scaf	4246	1	42355970
sel_scaf	4248	1	42355970
sel_scaf	4252	1	42355970
sel_scaf	4265	1	42355970
sel_scaf	4268	1	42355970
sel_scaf	4272	1	42355970
sel_scaf	4277	1	42355970
sel_scaf	4291	1	42355970
sel_scaf	4308	1	42355970
sel_scaf	4322	1	42355970
sel_scaf	4327	1	42355970
sel_scaf	4333	1	42355970
sel_scaf	4335	1	42355970
sel_scaf	4337	1	42355970
sel_scaf	4351	1	42355970
sel_scaf	4371	2	42355970
sel_scaf	4378	1	42355970
sel_scaf	4394	1	42355970
sel_scaf	4399	1	42355970
sel_scaf	4400	1	42355970
sel_scaf	4403	1	42355970
sel_scaf	4419	1	42355970
sel_scaf	4422	1	42355970
sel_scaf	4431	1	42355970
sel_scaf	4433	1	42355970
sel_scaf	4442	1	42355970
sel_scaf	4455	1	42355970
sel_scaf	4456	1	42355970
sel_scaf	4477	1	42355970
sel_scaf	4488	1	42355970
sel_scaf	4505	2	42355970
sel_scaf	4507	1	42355970
sel_scaf	4517	1	42355970
sel_scaf	4519	1	42355970
sel_scaf	4521	1	42355970
sel_scaf	4526	1	42355970
sel_scaf	4527	1	42355970
sel_scaf	4534	1	42355970
sel_scaf	4557	1	42355970
sel_scaf	4559	1	42355970
sel_scaf	4562	1	42355970
sel_scaf	4579	1	42355970
sel_scaf	4580	1	42355970
sel_scaf	4606	1	42355970
sel_scaf	4607	1	42355970
sel_scaf	4613	1	42355970
sel_scaf	4616	1	42355970
sel_scaf	4624	1	42355970
sel_scaf	4633	1	42355970
sel_scaf	4640	1	42355970
sel_scaf	4646	1	42355970
sel_scaf	4663	1	42355970
sel_scaf	4666	1	42355970
sel_scaf	4677	1	42355970
sel_scaf	4682	1	42355970
sel_scaf	4684	1	42355970
sel_scaf	4688	2	42355970
sel_scaf	4694	1	42355970
sel_scaf	4696	1	42355970
sel_scaf	4697	1	42355970
sel_scaf	4700	1	42355970
sel_scaf	4701	1	42355970
sel_scaf	4702	1	42355970
sel_scaf	4703	1	42355970
sel_scaf	4704	1	42355970
sel_scaf	4705	11	42355970
sel_scaf	4706	29	42355970
sel_scaf	4707	1	42355970
sel_scaf	4708	2	42355970
sel_scaf	4720	1	42355970
sel_scaf	4721	1	42355970
sel_scaf	4737	1	42355970
sel_scaf	4738	1	42355970
sel_scaf	4749	1	42355970
sel_scaf	4750	1	42355970
sel_scaf	4759	1	42355970
sel_scaf	4783	1	42355970
sel_scaf	4784	1	42355970
sel_scaf	4812	1	42355970
sel_scaf	4833	1	42355970
sel_scaf	4835	2	42355970
sel_scaf	4848	1	42355970
sel_scaf	4850	1	42355970
sel_scaf	4856	1	42355970
sel_scaf	4862	1	42355970
sel_scaf	4890	1	42355970
sel_scaf	4897	1	42355970
sel_scaf	4901	1	42355970
sel_scaf	4920	1	42355970
sel_scaf	4928	1	42355970
sel_scaf	4937	1	42355970
sel_scaf	4938	1	42355970
sel_scaf	4939	1	42355970
sel_scaf	4951	1	42355970
sel_scaf	4974	1	42355970
sel_scaf	4986	1	42355970
sel_scaf	4997	1	42355970
sel_scaf	5008	1	42355970
sel_scaf	5010	1	42355970
sel_scaf	5017	1	42355970
sel_scaf	5020	1	42355970
sel_scaf	5023	1	42355970
sel_scaf	5024	2	42355970
sel_scaf	5028	1	42355970
sel_scaf	5029	1	42355970
sel_scaf	5036	1	42355970
sel_scaf	5041	1	42355970
sel_scaf	5044	1	42355970
sel_scaf	5045	1	42355970
sel_scaf	5049	1	42355970
sel_scaf	5052	1	42355970
sel_scaf	5053	1	42355970
sel_scaf	5054	2	42355970
sel_scaf	5055	2	42355970
sel_scaf	5056	2	42355970
sel_scaf	5057	4	42355970
sel_scaf	5058	2	42355970
sel_scaf	5059	11	42355970
sel_scaf	5060	18	42355970
sel_scaf	5061	12	42355970
sel_scaf	5062	7	42355970
sel_scaf	5071	1	42355970
sel_scaf	5085	1	42355970
sel_scaf	5086	1	42355970
sel_scaf	5098	1	42355970
sel_scaf	5106	1	42355970
sel_scaf	5108	1	42355970
sel_scaf	5109	2	42355970
sel_scaf	5112	1	42355970
sel_scaf	5119	1	42355970
sel_scaf	5124	1	42355970
sel_scaf	5125	1	42355970
sel_scaf	5134	1	42355970
sel_scaf	5140	1	42355970
sel_scaf	5149	1	42355970
sel_scaf	5155	1	42355970
sel_scaf	5159	1	42355970
sel_scaf	5177	1	42355970
sel_scaf	5185	1	42355970
sel_scaf	5199	1	42355970
sel_scaf	5219	1	42355970
sel_scaf	5222	1	42355970
sel_scaf	5243	1	42355970
sel_scaf	5260	1	42355970
sel_scaf	5285	1	42355970
sel_scaf	5286	1	42355970
sel_scaf	5290	1	42355970
sel_scaf	5302	1	42355970
sel_scaf	5325	1	42355970
sel_scaf	5326	1	42355970
sel_scaf	5330	2	42355970
sel_scaf	5337	1	42355970
sel_scaf	5338	1	42355970
sel_scaf	5344	1	42355970
sel_scaf	5365	1	42355970
sel_scaf	5414	1	42355970
sel_scaf	5435	1	42355970
sel_scaf	5453	1	42355970
sel_scaf	5496	1	42355970
sel_scaf	5501	1	42355970
sel_scaf	5518	1	42355970
sel_scaf	5531	1	42355970
sel_scaf	5563	1	42355970
sel_scaf	5573	1	42355970
sel_scaf	5603	1	42355970
sel_scaf	5626	1	42355970
sel_scaf	5634	1	42355970
sel_scaf	5637	1	42355970
sel_scaf	5660	1	42355970
sel_scaf	5672	1	42355970
sel_scaf	5690	1	42355970
sel_scaf	5701	1	42355970
sel_scaf	5704	1	42355970
sel_scaf	5710	1	42355970
sel_scaf	5720	1	42355970
sel_scaf	5721	1	42355970
sel_scaf	5736	1	42355970
sel_scaf	5749	1	42355970
sel_scaf	5751	1	42355970
sel_scaf	5760	1	42355970
sel_scaf	5768	1	42355970
sel_scaf	5782	1	42355970
sel_scaf	5823	1	42355970
sel_scaf	5874	2	42355970
sel_scaf	5875	2	42355970
sel_scaf	5900	1	42355970
sel_scaf	5907	1	42355970
sel_scaf	5987	1	42355970
sel_scaf	5998	1	42355970
sel_scaf	6020	1	42355970
sel_scaf	6064	1	42355970
sel_scaf	6065	1	42355970
sel_scaf	6101	1	42355970
sel_scaf	6165	1	42355970
sel_scaf	6192	1	42355970
sel_scaf	6211	1	42355970
sel_scaf	6281	1	42355970
sel_scaf	6284	1	42355970
sel_scaf	6346	1	42355970
sel_scaf	6353	1	42355970
sel_scaf	6356	1	42355970
sel_scaf	6363	1	42355970
sel_scaf	6368	1	42355970
sel_scaf	6369	1	42355970
sel_scaf	6370	1	42355970
sel_scaf	6372	1	42355970
sel_scaf	6376	1	42355970
sel_scaf	6382	1	42355970
sel_scaf	6384	1	42355970
sel_scaf	6389	1	42355970
sel_scaf	6391	1	42355970
sel_scaf	6399	1	42355970
sel_scaf	6411	1	42355970
sel_scaf	6413	1	42355970
sel_scaf	6425	1	42355970
sel_scaf	6437	1	42355970
sel_scaf	6438	2	42355970
sel_scaf	6458	1	42355970
sel_scaf	6461	1	42355970
sel_scaf	6483	1	42355970
sel_scaf	6492	1	42355970
sel_scaf	6515	1	42355970
sel_scaf	6560	1	42355970
sel_scaf	6610	1	42355970
sel_scaf	6684	1	42355970
sel_scaf	6714	1	42355970
sel_scaf	6779	1	42355970
sel_scaf	6803	1	42355970
sel_scaf	6862	1	42355970
sel_scaf	6876	1	42355970
sel_scaf	6908	1	42355970
sel_scaf	6909	3	42355970
sel_scaf	6926	1	42355970
sel_scaf	6974	1	42355970
sel_scaf	6999	1	42355970
sel_scaf	7018	1	42355970
sel_scaf	7053	1	42355970
sel_scaf	7061	1	42355970
sel_scaf	7134	1	42355970
sel_scaf	7149	1	42355970
sel_scaf	7194	1	42355970
sel_scaf	7215	1	42355970
sel_scaf	7280	1	42355970
sel_scaf	7345	1	42355970
sel_scaf	7429	1	42355970
sel_scaf	7430	1	42355970
sel_scaf	7514	1	42355970
sel_scaf	7602	1	42355970
sel_scaf	7611	1	42355970
sel_scaf	7624	1	42355970
sel_scaf	7647	1	42355970
sel_scaf	7665	1	42355970
sel_scaf	7721	1	42355970
sel_scaf	7727	1	42355970
sel_scaf	7748	1	42355970
sel_scaf	7785	1	42355970
sel_scaf	7813	1	42355970
sel_scaf	7821	1	42355970
sel_scaf	7831	1	42355970
sel_scaf	7833	1	42355970
sel_scaf	7892	1	42355970
sel_scaf	7894	1	42355970
sel_scaf	7901	1	42355970
sel_scaf	7908	1	42355970
sel_scaf	7920	1	42355970
sel_scaf	7929	1	42355970
sel_scaf	8001	1	42355970
sel_scaf	8005	1	42355970
sel_scaf	8014	1	42355970
sel_scaf	8062	1	42355970
sel_scaf	8089	1	42355970
sel_scaf	8107	1	42355970
sel_scaf	8121	1	42355970
sel_scaf	8122	1	42355970
sel_scaf	8176	1	42355970
sel_scaf	8195	1	42355970
sel_scaf	8198	1	42355970
sel_scaf	8208	1	42355970
sel_scaf	8219	1	42355970
sel_scaf	8230	1	42355970
sel_scaf	8240	1	42355970
sel_scaf	8252	1	42355970
sel_scaf	8263	1	42355970
sel_scaf	8288	1	42355970
sel_scaf	8300	1	42355970
sel_scaf	8307	1	42355970
sel_scaf	8309	5	42355970
sel_scaf	8313	2	42355970
sel_scaf	8318	1	42355970
sel_scaf	8322	1	42355970
sel_scaf	8329	1	42355970
sel_scaf	8331	3	42355970
sel_scaf	8338	1	42355970
sel_scaf	8340	1	42355970
sel_scaf	8341	1	42355970
sel_scaf	8346	1	42355970
sel_scaf	8351	1	42355970
sel_scaf	8363	3	42355970
sel_scaf	8364	2	42355970
sel_scaf	8365	2	42355970
sel_scaf	8367	1	42355970
sel_scaf	8384	1	42355970
sel_scaf	8385	1	42355970
sel_scaf	8387	1	42355970
sel_scaf	8396	1	42355970
sel_scaf	8404	1	42355970
sel_scaf	8407	1	42355970
sel_scaf	8409	1	42355970
sel_scaf	8410	9	42355970
sel_scaf	8411	8	42355970
sel_scaf	8412	1	42355970
sel_scaf	8460	1	42355970
sel_scaf	8461	1	42355970
sel_scaf	8535	1	42355970
sel_scaf	8554	1	42355970
sel_scaf	8625	1	42355970
sel_scaf	8641	1	42355970
sel_scaf	8719	1	42355970
sel_scaf	8756	1	42355970
sel_scaf	8804	1	42355970
sel_scaf	8819	1	42355970
sel_scaf	8878	1	42355970
sel_scaf	8893	1	42355970
sel_scaf	8938	1	42355970
sel_scaf	9001	1	42355970
sel_scaf	9054	1	42355970
sel_scaf	9068	1	42355970
sel_scaf	9116	1	42355970
sel_scaf	9172	1	42355970
sel_scaf	9206	1	42355970
sel_scaf	9298	1	42355970
sel_scaf	9304	1	42355970
sel_scaf	9375	1	42355970
sel_scaf	9380	1	42355970
sel_scaf	9475	1	42355970
sel_scaf	9487	1	42355970
sel_scaf	9510	1	42355970
sel_scaf	9520	1	42355970
sel_scaf	9524	1	42355970
sel_scaf	9540	1	42355970
sel_scaf	9557	1	42355970
sel_scaf	9560	1	42355970
sel_scaf	9577	1	42355970
sel_scaf	9659	1	42355970
