feature	depth	Nsites	totalNsites
sel_scaf	0	7058859	42355970
sel_scaf	1	1258298	42355970
sel_scaf	2	1167385	42355970
sel_scaf	3	1211620	42355970
sel_scaf	4	1315470	42355970
sel_scaf	5	1396894	42355970
sel_scaf	6	1484958	42355970
sel_scaf	7	1575438	42355970
sel_scaf	8	1647947	42355970
sel_scaf	9	1724184	42355970
sel_scaf	10	1804280	42355970
sel_scaf	11	1871544	42355970
sel_scaf	12	1931351	42355970
sel_scaf	13	1960364	42355970
sel_scaf	14	1960052	42355970
sel_scaf	15	1902904	42355970
sel_scaf	16	1798737	42355970
sel_scaf	17	1656286	42355970
sel_scaf	18	1486315	42355970
sel_scaf	19	1298654	42355970
sel_scaf	20	1093849	42355970
sel_scaf	21	895420	42355970
sel_scaf	22	716513	42355970
sel_scaf	23	556383	42355970
sel_scaf	24	423177	42355970
sel_scaf	25	311234	42355970
sel_scaf	26	224019	42355970
sel_scaf	27	157912	42355970
sel_scaf	28	110006	42355970
sel_scaf	29	75623	42355970
sel_scaf	30	51854	42355970
sel_scaf	31	36417	42355970
sel_scaf	32	25991	42355970
sel_scaf	33	18660	42355970
sel_scaf	34	14063	42355970
sel_scaf	35	11396	42355970
sel_scaf	36	8893	42355970
sel_scaf	37	7335	42355970
sel_scaf	38	6251	42355970
sel_scaf	39	5423	42355970
sel_scaf	40	5178	42355970
sel_scaf	41	4405	42355970
sel_scaf	42	3777	42355970
sel_scaf	43	3469	42355970
sel_scaf	44	3436	42355970
sel_scaf	45	3151	42355970
sel_scaf	46	2910	42355970
sel_scaf	47	2699	42355970
sel_scaf	48	2498	42355970
sel_scaf	49	2462	42355970
sel_scaf	50	2309	42355970
sel_scaf	51	2338	42355970
sel_scaf	52	2148	42355970
sel_scaf	53	2024	42355970
sel_scaf	54	1880	42355970
sel_scaf	55	1789	42355970
sel_scaf	56	1873	42355970
sel_scaf	57	1824	42355970
sel_scaf	58	1705	42355970
sel_scaf	59	1591	42355970
sel_scaf	60	1534	42355970
sel_scaf	61	1275	42355970
sel_scaf	62	1304	42355970
sel_scaf	63	1234	42355970
sel_scaf	64	1144	42355970
sel_scaf	65	1096	42355970
sel_scaf	66	1048	42355970
sel_scaf	67	1080	42355970
sel_scaf	68	975	42355970
sel_scaf	69	865	42355970
sel_scaf	70	788	42355970
sel_scaf	71	827	42355970
sel_scaf	72	773	42355970
sel_scaf	73	690	42355970
sel_scaf	74	642	42355970
sel_scaf	75	546	42355970
sel_scaf	76	508	42355970
sel_scaf	77	416	42355970
sel_scaf	78	479	42355970
sel_scaf	79	406	42355970
sel_scaf	80	394	42355970
sel_scaf	81	391	42355970
sel_scaf	82	524	42355970
sel_scaf	83	422	42355970
sel_scaf	84	394	42355970
sel_scaf	85	447	42355970
sel_scaf	86	411	42355970
sel_scaf	87	380	42355970
sel_scaf	88	396	42355970
sel_scaf	89	375	42355970
sel_scaf	90	349	42355970
sel_scaf	91	371	42355970
sel_scaf	92	343	42355970
sel_scaf	93	372	42355970
sel_scaf	94	282	42355970
sel_scaf	95	273	42355970
sel_scaf	96	190	42355970
sel_scaf	97	234	42355970
sel_scaf	98	223	42355970
sel_scaf	99	242	42355970
sel_scaf	100	176	42355970
sel_scaf	101	226	42355970
sel_scaf	102	211	42355970
sel_scaf	103	223	42355970
sel_scaf	104	230	42355970
sel_scaf	105	216	42355970
sel_scaf	106	235	42355970
sel_scaf	107	176	42355970
sel_scaf	108	191	42355970
sel_scaf	109	201	42355970
sel_scaf	110	179	42355970
sel_scaf	111	213	42355970
sel_scaf	112	208	42355970
sel_scaf	113	214	42355970
sel_scaf	114	151	42355970
sel_scaf	115	193	42355970
sel_scaf	116	169	42355970
sel_scaf	117	183	42355970
sel_scaf	118	187	42355970
sel_scaf	119	125	42355970
sel_scaf	120	132	42355970
sel_scaf	121	156	42355970
sel_scaf	122	156	42355970
sel_scaf	123	114	42355970
sel_scaf	124	141	42355970
sel_scaf	125	155	42355970
sel_scaf	126	134	42355970
sel_scaf	127	162	42355970
sel_scaf	128	128	42355970
sel_scaf	129	137	42355970
sel_scaf	130	111	42355970
sel_scaf	131	132	42355970
sel_scaf	132	110	42355970
sel_scaf	133	121	42355970
sel_scaf	134	124	42355970
sel_scaf	135	112	42355970
sel_scaf	136	99	42355970
sel_scaf	137	109	42355970
sel_scaf	138	104	42355970
sel_scaf	139	141	42355970
sel_scaf	140	90	42355970
sel_scaf	141	65	42355970
sel_scaf	142	103	42355970
sel_scaf	143	62	42355970
sel_scaf	144	102	42355970
sel_scaf	145	107	42355970
sel_scaf	146	103	42355970
sel_scaf	147	106	42355970
sel_scaf	148	57	42355970
sel_scaf	149	45	42355970
sel_scaf	150	64	42355970
sel_scaf	151	62	42355970
sel_scaf	152	57	42355970
sel_scaf	153	61	42355970
sel_scaf	154	42	42355970
sel_scaf	155	54	42355970
sel_scaf	156	76	42355970
sel_scaf	157	71	42355970
sel_scaf	158	74	42355970
sel_scaf	159	78	42355970
sel_scaf	160	66	42355970
sel_scaf	161	105	42355970
sel_scaf	162	57	42355970
sel_scaf	163	74	42355970
sel_scaf	164	78	42355970
sel_scaf	165	76	42355970
sel_scaf	166	77	42355970
sel_scaf	167	59	42355970
sel_scaf	168	66	42355970
sel_scaf	169	52	42355970
sel_scaf	170	79	42355970
sel_scaf	171	52	42355970
sel_scaf	172	88	42355970
sel_scaf	173	77	42355970
sel_scaf	174	71	42355970
sel_scaf	175	56	42355970
sel_scaf	176	54	42355970
sel_scaf	177	29	42355970
sel_scaf	178	46	42355970
sel_scaf	179	42	42355970
sel_scaf	180	38	42355970
sel_scaf	181	66	42355970
sel_scaf	182	55	42355970
sel_scaf	183	48	42355970
sel_scaf	184	33	42355970
sel_scaf	185	49	42355970
sel_scaf	186	66	42355970
sel_scaf	187	70	42355970
sel_scaf	188	69	42355970
sel_scaf	189	61	42355970
sel_scaf	190	61	42355970
sel_scaf	191	62	42355970
sel_scaf	192	109	42355970
sel_scaf	193	68	42355970
sel_scaf	194	100	42355970
sel_scaf	195	86	42355970
sel_scaf	196	64	42355970
sel_scaf	197	42	42355970
sel_scaf	198	38	42355970
sel_scaf	199	36	42355970
sel_scaf	200	44	42355970
sel_scaf	201	40	42355970
sel_scaf	202	31	42355970
sel_scaf	203	34	42355970
sel_scaf	204	30	42355970
sel_scaf	205	68	42355970
sel_scaf	206	50	42355970
sel_scaf	207	47	42355970
sel_scaf	208	36	42355970
sel_scaf	209	56	42355970
sel_scaf	210	45	42355970
sel_scaf	211	60	42355970
sel_scaf	212	43	42355970
sel_scaf	213	45	42355970
sel_scaf	214	53	42355970
sel_scaf	215	53	42355970
sel_scaf	216	52	42355970
sel_scaf	217	35	42355970
sel_scaf	218	45	42355970
sel_scaf	219	41	42355970
sel_scaf	220	44	42355970
sel_scaf	221	35	42355970
sel_scaf	222	40	42355970
sel_scaf	223	42	42355970
sel_scaf	224	35	42355970
sel_scaf	225	41	42355970
sel_scaf	226	40	42355970
sel_scaf	227	35	42355970
sel_scaf	228	47	42355970
sel_scaf	229	23	42355970
sel_scaf	230	21	42355970
sel_scaf	231	33	42355970
sel_scaf	232	33	42355970
sel_scaf	233	28	42355970
sel_scaf	234	18	42355970
sel_scaf	235	26	42355970
sel_scaf	236	28	42355970
sel_scaf	237	29	42355970
sel_scaf	238	29	42355970
sel_scaf	239	23	42355970
sel_scaf	240	48	42355970
sel_scaf	241	58	42355970
sel_scaf	242	49	42355970
sel_scaf	243	51	42355970
sel_scaf	244	40	42355970
sel_scaf	245	33	42355970
sel_scaf	246	38	42355970
sel_scaf	247	27	42355970
sel_scaf	248	40	42355970
sel_scaf	249	35	42355970
sel_scaf	250	26	42355970
sel_scaf	251	17	42355970
sel_scaf	252	19	42355970
sel_scaf	253	32	42355970
sel_scaf	254	21	42355970
sel_scaf	255	30	42355970
sel_scaf	256	34	42355970
sel_scaf	257	35	42355970
sel_scaf	258	26	42355970
sel_scaf	259	16	42355970
sel_scaf	260	15	42355970
sel_scaf	261	20	42355970
sel_scaf	262	18	42355970
sel_scaf	263	14	42355970
sel_scaf	264	15	42355970
sel_scaf	265	17	42355970
sel_scaf	266	8	42355970
sel_scaf	267	20	42355970
sel_scaf	268	6	42355970
sel_scaf	269	9	42355970
sel_scaf	270	10	42355970
sel_scaf	271	12	42355970
sel_scaf	272	13	42355970
sel_scaf	273	10	42355970
sel_scaf	274	10	42355970
sel_scaf	275	20	42355970
sel_scaf	276	8	42355970
sel_scaf	277	19	42355970
sel_scaf	278	9	42355970
sel_scaf	279	23	42355970
sel_scaf	280	11	42355970
sel_scaf	281	18	42355970
sel_scaf	282	36	42355970
sel_scaf	283	18	42355970
sel_scaf	284	15	42355970
sel_scaf	285	15	42355970
sel_scaf	286	12	42355970
sel_scaf	287	16	42355970
sel_scaf	288	18	42355970
sel_scaf	289	10	42355970
sel_scaf	290	16	42355970
sel_scaf	291	23	42355970
sel_scaf	292	15	42355970
sel_scaf	293	13	42355970
sel_scaf	294	24	42355970
sel_scaf	295	12	42355970
sel_scaf	296	7	42355970
sel_scaf	297	6	42355970
sel_scaf	298	12	42355970
sel_scaf	299	4	42355970
sel_scaf	300	7	42355970
sel_scaf	301	6	42355970
sel_scaf	302	10	42355970
sel_scaf	303	8	42355970
sel_scaf	304	8	42355970
sel_scaf	305	11	42355970
sel_scaf	306	5	42355970
sel_scaf	307	26	42355970
sel_scaf	308	20	42355970
sel_scaf	309	21	42355970
sel_scaf	310	19	42355970
sel_scaf	311	16	42355970
sel_scaf	312	17	42355970
sel_scaf	313	14	42355970
sel_scaf	314	15	42355970
sel_scaf	315	7	42355970
sel_scaf	316	5	42355970
sel_scaf	317	4	42355970
sel_scaf	318	7	42355970
sel_scaf	319	4	42355970
sel_scaf	320	5	42355970
sel_scaf	321	8	42355970
sel_scaf	322	8	42355970
sel_scaf	323	12	42355970
sel_scaf	324	17	42355970
sel_scaf	325	12	42355970
sel_scaf	326	8	42355970
sel_scaf	327	8	42355970
sel_scaf	328	6	42355970
sel_scaf	329	4	42355970
sel_scaf	330	9	42355970
sel_scaf	331	7	42355970
sel_scaf	332	11	42355970
sel_scaf	333	12	42355970
sel_scaf	334	9	42355970
sel_scaf	335	4	42355970
sel_scaf	336	8	42355970
sel_scaf	337	4	42355970
sel_scaf	338	6	42355970
sel_scaf	339	6	42355970
sel_scaf	340	6	42355970
sel_scaf	341	5	42355970
sel_scaf	342	5	42355970
sel_scaf	343	7	42355970
sel_scaf	344	9	42355970
sel_scaf	345	5	42355970
sel_scaf	346	4	42355970
sel_scaf	347	5	42355970
sel_scaf	348	5	42355970
sel_scaf	349	1	42355970
sel_scaf	350	4	42355970
sel_scaf	351	8	42355970
sel_scaf	352	2	42355970
sel_scaf	353	5	42355970
sel_scaf	354	5	42355970
sel_scaf	355	2	42355970
sel_scaf	356	3	42355970
sel_scaf	357	5	42355970
sel_scaf	358	3	42355970
sel_scaf	359	7	42355970
sel_scaf	360	6	42355970
sel_scaf	361	4	42355970
sel_scaf	362	2	42355970
sel_scaf	363	6	42355970
sel_scaf	364	12	42355970
sel_scaf	365	7	42355970
sel_scaf	366	4	42355970
sel_scaf	367	5	42355970
sel_scaf	368	3	42355970
sel_scaf	369	2	42355970
sel_scaf	370	4	42355970
sel_scaf	371	3	42355970
sel_scaf	372	8	42355970
sel_scaf	374	7	42355970
sel_scaf	375	4	42355970
sel_scaf	376	2	42355970
sel_scaf	377	4	42355970
sel_scaf	378	4	42355970
sel_scaf	379	2	42355970
sel_scaf	380	6	42355970
sel_scaf	381	3	42355970
sel_scaf	382	4	42355970
sel_scaf	383	2	42355970
sel_scaf	384	3	42355970
sel_scaf	386	5	42355970
sel_scaf	387	4	42355970
sel_scaf	388	3	42355970
sel_scaf	389	6	42355970
sel_scaf	390	5	42355970
sel_scaf	391	2	42355970
sel_scaf	392	2	42355970
sel_scaf	393	5	42355970
sel_scaf	394	8	42355970
sel_scaf	395	9	42355970
sel_scaf	396	9	42355970
sel_scaf	397	4	42355970
sel_scaf	398	3	42355970
sel_scaf	399	3	42355970
sel_scaf	400	5	42355970
sel_scaf	401	1	42355970
sel_scaf	402	1	42355970
sel_scaf	403	3	42355970
sel_scaf	404	3	42355970
sel_scaf	405	19	42355970
sel_scaf	406	15	42355970
sel_scaf	407	6	42355970
sel_scaf	408	7	42355970
sel_scaf	409	11	42355970
sel_scaf	410	21	42355970
sel_scaf	411	8	42355970
sel_scaf	412	3	42355970
sel_scaf	413	6	42355970
sel_scaf	414	3	42355970
sel_scaf	415	3	42355970
sel_scaf	416	1	42355970
sel_scaf	417	4	42355970
sel_scaf	418	6	42355970
sel_scaf	419	2	42355970
sel_scaf	420	5	42355970
sel_scaf	421	2	42355970
sel_scaf	422	3	42355970
sel_scaf	423	3	42355970
sel_scaf	424	4	42355970
sel_scaf	425	5	42355970
sel_scaf	426	4	42355970
sel_scaf	427	2	42355970
sel_scaf	428	5	42355970
sel_scaf	429	2	42355970
sel_scaf	430	3	42355970
sel_scaf	431	10	42355970
sel_scaf	432	2	42355970
sel_scaf	433	8	42355970
sel_scaf	434	2	42355970
sel_scaf	435	3	42355970
sel_scaf	436	3	42355970
sel_scaf	437	3	42355970
sel_scaf	438	9	42355970
sel_scaf	439	5	42355970
sel_scaf	440	4	42355970
sel_scaf	441	8	42355970
sel_scaf	442	9	42355970
sel_scaf	443	10	42355970
sel_scaf	444	13	42355970
sel_scaf	445	5	42355970
sel_scaf	446	4	42355970
sel_scaf	447	2	42355970
sel_scaf	448	7	42355970
sel_scaf	449	5	42355970
sel_scaf	450	5	42355970
sel_scaf	451	5	42355970
sel_scaf	452	4	42355970
sel_scaf	453	2	42355970
sel_scaf	454	5	42355970
sel_scaf	455	2	42355970
sel_scaf	456	6	42355970
sel_scaf	457	9	42355970
sel_scaf	458	9	42355970
sel_scaf	459	4	42355970
sel_scaf	460	8	42355970
sel_scaf	461	4	42355970
sel_scaf	462	5	42355970
sel_scaf	463	14	42355970
sel_scaf	464	11	42355970
sel_scaf	465	7	42355970
sel_scaf	466	9	42355970
sel_scaf	467	13	42355970
sel_scaf	468	14	42355970
sel_scaf	469	7	42355970
sel_scaf	470	8	42355970
sel_scaf	471	4	42355970
sel_scaf	472	12	42355970
sel_scaf	473	3	42355970
sel_scaf	474	4	42355970
sel_scaf	475	5	42355970
sel_scaf	476	1	42355970
sel_scaf	477	4	42355970
sel_scaf	478	1	42355970
sel_scaf	479	2	42355970
sel_scaf	480	2	42355970
sel_scaf	481	3	42355970
sel_scaf	482	1	42355970
sel_scaf	483	4	42355970
sel_scaf	484	1	42355970
sel_scaf	485	2	42355970
sel_scaf	486	3	42355970
sel_scaf	487	3	42355970
sel_scaf	488	2	42355970
sel_scaf	489	4	42355970
sel_scaf	490	6	42355970
sel_scaf	491	11	42355970
sel_scaf	492	7	42355970
sel_scaf	493	8	42355970
sel_scaf	494	11	42355970
sel_scaf	495	1	42355970
sel_scaf	496	3	42355970
sel_scaf	497	1	42355970
sel_scaf	498	1	42355970
sel_scaf	499	4	42355970
sel_scaf	500	3	42355970
sel_scaf	502	3	42355970
sel_scaf	503	3	42355970
sel_scaf	504	4	42355970
sel_scaf	505	3	42355970
sel_scaf	506	3	42355970
sel_scaf	507	3	42355970
sel_scaf	508	2	42355970
sel_scaf	509	2	42355970
sel_scaf	510	1	42355970
sel_scaf	511	2	42355970
sel_scaf	512	2	42355970
sel_scaf	513	3	42355970
sel_scaf	515	3	42355970
sel_scaf	516	7	42355970
sel_scaf	517	2	42355970
sel_scaf	518	2	42355970
sel_scaf	519	3	42355970
sel_scaf	520	4	42355970
sel_scaf	521	2	42355970
sel_scaf	522	2	42355970
sel_scaf	523	3	42355970
sel_scaf	524	3	42355970
sel_scaf	525	5	42355970
sel_scaf	526	5	42355970
sel_scaf	527	14	42355970
sel_scaf	529	3	42355970
sel_scaf	530	2	42355970
sel_scaf	531	3	42355970
sel_scaf	532	1	42355970
sel_scaf	533	2	42355970
sel_scaf	534	2	42355970
sel_scaf	535	3	42355970
sel_scaf	536	3	42355970
sel_scaf	537	1	42355970
sel_scaf	538	1	42355970
sel_scaf	539	3	42355970
sel_scaf	540	2	42355970
sel_scaf	541	1	42355970
sel_scaf	542	1	42355970
sel_scaf	543	3	42355970
sel_scaf	545	5	42355970
sel_scaf	546	4	42355970
sel_scaf	547	6	42355970
sel_scaf	548	2	42355970
sel_scaf	550	1	42355970
sel_scaf	551	5	42355970
sel_scaf	552	2	42355970
sel_scaf	554	2	42355970
sel_scaf	556	3	42355970
sel_scaf	557	2	42355970
sel_scaf	558	1	42355970
sel_scaf	559	2	42355970
sel_scaf	560	2	42355970
sel_scaf	561	4	42355970
sel_scaf	562	1	42355970
sel_scaf	563	1	42355970
sel_scaf	564	4	42355970
sel_scaf	565	1	42355970
sel_scaf	566	2	42355970
sel_scaf	567	2	42355970
sel_scaf	568	4	42355970
sel_scaf	569	10	42355970
sel_scaf	570	4	42355970
sel_scaf	571	4	42355970
sel_scaf	573	1	42355970
sel_scaf	575	3	42355970
sel_scaf	576	1	42355970
sel_scaf	577	2	42355970
sel_scaf	578	2	42355970
sel_scaf	579	1	42355970
sel_scaf	580	3	42355970
sel_scaf	581	2	42355970
sel_scaf	583	1	42355970
sel_scaf	584	3	42355970
sel_scaf	589	1	42355970
sel_scaf	590	2	42355970
sel_scaf	592	3	42355970
sel_scaf	593	4	42355970
sel_scaf	594	1	42355970
sel_scaf	597	5	42355970
sel_scaf	598	1	42355970
sel_scaf	599	1	42355970
sel_scaf	600	1	42355970
sel_scaf	602	1	42355970
sel_scaf	603	1	42355970
sel_scaf	604	1	42355970
sel_scaf	605	1	42355970
sel_scaf	606	4	42355970
sel_scaf	607	6	42355970
sel_scaf	608	5	42355970
sel_scaf	609	2	42355970
sel_scaf	610	2	42355970
sel_scaf	611	3	42355970
sel_scaf	612	2	42355970
sel_scaf	613	1	42355970
sel_scaf	614	1	42355970
sel_scaf	617	1	42355970
sel_scaf	622	4	42355970
sel_scaf	623	6	42355970
sel_scaf	624	32	42355970
sel_scaf	625	15	42355970
sel_scaf	626	1	42355970
sel_scaf	634	1	42355970
sel_scaf	637	1	42355970
sel_scaf	638	1	42355970
sel_scaf	641	1	42355970
sel_scaf	644	1	42355970
sel_scaf	645	2	42355970
sel_scaf	647	1	42355970
sel_scaf	648	1	42355970
sel_scaf	649	1	42355970
sel_scaf	651	1	42355970
sel_scaf	652	1	42355970
sel_scaf	656	1	42355970
sel_scaf	660	1	42355970
sel_scaf	661	2	42355970
sel_scaf	662	2	42355970
sel_scaf	663	3	42355970
sel_scaf	664	2	42355970
sel_scaf	665	16	42355970
sel_scaf	666	8	42355970
sel_scaf	667	1	42355970
sel_scaf	668	1	42355970
sel_scaf	669	4	42355970
sel_scaf	670	10	42355970
sel_scaf	671	7	42355970
sel_scaf	672	1	42355970
sel_scaf	674	1	42355970
sel_scaf	676	1	42355970
sel_scaf	679	1	42355970
sel_scaf	680	1	42355970
sel_scaf	684	1	42355970
sel_scaf	685	1	42355970
sel_scaf	686	1	42355970
sel_scaf	689	1	42355970
sel_scaf	696	1	42355970
sel_scaf	698	2	42355970
sel_scaf	702	1	42355970
sel_scaf	703	1	42355970
sel_scaf	705	2	42355970
sel_scaf	710	1	42355970
sel_scaf	713	2	42355970
sel_scaf	715	3	42355970
sel_scaf	717	1	42355970
sel_scaf	721	1	42355970
sel_scaf	722	1	42355970
sel_scaf	723	2	42355970
sel_scaf	727	1	42355970
sel_scaf	730	1	42355970
sel_scaf	731	1	42355970
sel_scaf	732	1	42355970
sel_scaf	735	1	42355970
sel_scaf	741	1	42355970
sel_scaf	744	2	42355970
sel_scaf	746	1	42355970
sel_scaf	747	1	42355970
sel_scaf	748	1	42355970
sel_scaf	752	1	42355970
sel_scaf	755	1	42355970
sel_scaf	761	1	42355970
sel_scaf	765	1	42355970
sel_scaf	767	2	42355970
sel_scaf	769	1	42355970
sel_scaf	772	1	42355970
sel_scaf	776	1	42355970
sel_scaf	777	1	42355970
sel_scaf	778	1	42355970
sel_scaf	779	1	42355970
sel_scaf	782	1	42355970
sel_scaf	784	1	42355970
sel_scaf	785	1	42355970
sel_scaf	788	1	42355970
sel_scaf	789	1	42355970
sel_scaf	790	1	42355970
sel_scaf	792	1	42355970
sel_scaf	794	1	42355970
sel_scaf	796	3	42355970
sel_scaf	798	1	42355970
sel_scaf	804	1	42355970
sel_scaf	808	1	42355970
sel_scaf	811	1	42355970
sel_scaf	812	1	42355970
sel_scaf	814	1	42355970
sel_scaf	816	1	42355970
sel_scaf	817	1	42355970
sel_scaf	818	1	42355970
sel_scaf	819	1	42355970
sel_scaf	820	2	42355970
sel_scaf	821	1	42355970
sel_scaf	823	1	42355970
sel_scaf	824	1	42355970
sel_scaf	825	1	42355970
sel_scaf	826	2	42355970
sel_scaf	828	6	42355970
sel_scaf	829	6	42355970
sel_scaf	830	3	42355970
sel_scaf	831	5	42355970
sel_scaf	832	8	42355970
sel_scaf	833	22	42355970
sel_scaf	834	20	42355970
sel_scaf	836	1	42355970
sel_scaf	837	1	42355970
sel_scaf	841	1	42355970
sel_scaf	843	1	42355970
sel_scaf	845	1	42355970
sel_scaf	848	1	42355970
sel_scaf	851	2	42355970
sel_scaf	854	1	42355970
sel_scaf	855	1	42355970
sel_scaf	856	1	42355970
sel_scaf	862	1	42355970
sel_scaf	863	2	42355970
sel_scaf	864	1	42355970
sel_scaf	865	1	42355970
sel_scaf	867	1	42355970
sel_scaf	870	2	42355970
sel_scaf	871	1	42355970
sel_scaf	875	1	42355970
sel_scaf	878	1	42355970
sel_scaf	880	2	42355970
sel_scaf	882	1	42355970
sel_scaf	884	1	42355970
sel_scaf	885	1	42355970
sel_scaf	898	2	42355970
sel_scaf	899	1	42355970
sel_scaf	900	1	42355970
sel_scaf	904	1	42355970
sel_scaf	905	1	42355970
sel_scaf	907	2	42355970
sel_scaf	914	2	42355970
sel_scaf	915	1	42355970
sel_scaf	918	1	42355970
sel_scaf	919	1	42355970
sel_scaf	923	1	42355970
sel_scaf	925	1	42355970
sel_scaf	926	1	42355970
sel_scaf	927	2	42355970
sel_scaf	928	1	42355970
sel_scaf	935	1	42355970
sel_scaf	936	1	42355970
sel_scaf	938	1	42355970
sel_scaf	940	2	42355970
sel_scaf	944	1	42355970
sel_scaf	946	1	42355970
sel_scaf	947	1	42355970
sel_scaf	949	2	42355970
sel_scaf	951	1	42355970
sel_scaf	952	2	42355970
sel_scaf	953	1	42355970
sel_scaf	954	1	42355970
sel_scaf	956	1	42355970
sel_scaf	958	2	42355970
sel_scaf	962	10	42355970
sel_scaf	965	4	42355970
sel_scaf	969	1	42355970
sel_scaf	970	1	42355970
sel_scaf	974	2	42355970
sel_scaf	975	1	42355970
sel_scaf	977	1	42355970
sel_scaf	979	1	42355970
sel_scaf	985	5	42355970
sel_scaf	989	1	42355970
sel_scaf	990	1	42355970
sel_scaf	992	1	42355970
sel_scaf	998	1	42355970
sel_scaf	999	1	42355970
sel_scaf	1002	4	42355970
sel_scaf	1004	1	42355970
sel_scaf	1005	3	42355970
sel_scaf	1007	2	42355970
sel_scaf	1009	1	42355970
sel_scaf	1013	1	42355970
sel_scaf	1014	1	42355970
sel_scaf	1020	2	42355970
sel_scaf	1021	3	42355970
sel_scaf	1023	1	42355970
sel_scaf	1024	2	42355970
sel_scaf	1025	1	42355970
sel_scaf	1026	1	42355970
sel_scaf	1027	2	42355970
sel_scaf	1028	1	42355970
sel_scaf	1029	1	42355970
sel_scaf	1030	3	42355970
sel_scaf	1032	3	42355970
sel_scaf	1034	3	42355970
sel_scaf	1036	1	42355970
sel_scaf	1038	1	42355970
sel_scaf	1039	1	42355970
sel_scaf	1042	1	42355970
sel_scaf	1043	1	42355970
sel_scaf	1044	3	42355970
sel_scaf	1045	2	42355970
sel_scaf	1049	2	42355970
sel_scaf	1053	1	42355970
sel_scaf	1054	2	42355970
sel_scaf	1055	1	42355970
sel_scaf	1056	1	42355970
sel_scaf	1057	1	42355970
sel_scaf	1061	1	42355970
sel_scaf	1063	1	42355970
sel_scaf	1065	1	42355970
sel_scaf	1067	1	42355970
sel_scaf	1069	1	42355970
sel_scaf	1070	1	42355970
sel_scaf	1071	2	42355970
sel_scaf	1072	1	42355970
sel_scaf	1075	1	42355970
sel_scaf	1077	1	42355970
sel_scaf	1082	1	42355970
sel_scaf	1083	1	42355970
sel_scaf	1087	1	42355970
sel_scaf	1089	1	42355970
sel_scaf	1091	1	42355970
sel_scaf	1094	1	42355970
sel_scaf	1096	1	42355970
sel_scaf	1101	2	42355970
sel_scaf	1104	1	42355970
sel_scaf	1108	1	42355970
sel_scaf	1115	1	42355970
sel_scaf	1117	1	42355970
sel_scaf	1118	1	42355970
sel_scaf	1119	1	42355970
sel_scaf	1120	2	42355970
sel_scaf	1121	1	42355970
sel_scaf	1124	1	42355970
sel_scaf	1127	1	42355970
sel_scaf	1128	2	42355970
sel_scaf	1135	1	42355970
sel_scaf	1143	1	42355970
sel_scaf	1150	2	42355970
sel_scaf	1152	1	42355970
sel_scaf	1153	1	42355970
sel_scaf	1154	1	42355970
sel_scaf	1158	1	42355970
sel_scaf	1161	1	42355970
sel_scaf	1164	2	42355970
sel_scaf	1165	1	42355970
sel_scaf	1170	2	42355970
sel_scaf	1171	1	42355970
sel_scaf	1173	1	42355970
sel_scaf	1174	1	42355970
sel_scaf	1179	1	42355970
sel_scaf	1180	1	42355970
sel_scaf	1186	1	42355970
sel_scaf	1193	1	42355970
sel_scaf	1194	1	42355970
sel_scaf	1196	1	42355970
sel_scaf	1197	1	42355970
sel_scaf	1199	1	42355970
sel_scaf	1200	1	42355970
sel_scaf	1201	1	42355970
sel_scaf	1203	3	42355970
sel_scaf	1207	1	42355970
sel_scaf	1209	1	42355970
sel_scaf	1213	1	42355970
sel_scaf	1217	1	42355970
sel_scaf	1219	1	42355970
sel_scaf	1223	1	42355970
sel_scaf	1224	1	42355970
sel_scaf	1225	2	42355970
sel_scaf	1227	1	42355970
sel_scaf	1228	1	42355970
sel_scaf	1229	1	42355970
sel_scaf	1231	1	42355970
sel_scaf	1233	1	42355970
sel_scaf	1235	1	42355970
sel_scaf	1237	1	42355970
sel_scaf	1238	1	42355970
sel_scaf	1239	1	42355970
sel_scaf	1240	2	42355970
sel_scaf	1241	4	42355970
sel_scaf	1247	1	42355970
sel_scaf	1249	1	42355970
sel_scaf	1250	2	42355970
sel_scaf	1251	2	42355970
sel_scaf	1253	1	42355970
sel_scaf	1255	2	42355970
sel_scaf	1258	1	42355970
sel_scaf	1259	1	42355970
sel_scaf	1260	1	42355970
sel_scaf	1266	2	42355970
sel_scaf	1267	1	42355970
sel_scaf	1270	1	42355970
sel_scaf	1271	1	42355970
sel_scaf	1272	1	42355970
sel_scaf	1274	2	42355970
sel_scaf	1275	1	42355970
sel_scaf	1276	1	42355970
sel_scaf	1277	4	42355970
sel_scaf	1278	1	42355970
sel_scaf	1280	4	42355970
sel_scaf	1281	10	42355970
sel_scaf	1282	8	42355970
sel_scaf	1283	4	42355970
sel_scaf	1284	2	42355970
sel_scaf	1285	5	42355970
sel_scaf	1286	3	42355970
sel_scaf	1287	6	42355970
sel_scaf	1288	9	42355970
sel_scaf	1289	8	42355970
sel_scaf	1290	1	42355970
sel_scaf	1291	3	42355970
sel_scaf	1292	2	42355970
sel_scaf	1299	2	42355970
sel_scaf	1300	1	42355970
sel_scaf	1302	1	42355970
sel_scaf	1305	1	42355970
sel_scaf	1310	1	42355970
sel_scaf	1311	2	42355970
sel_scaf	1312	1	42355970
sel_scaf	1313	1	42355970
sel_scaf	1316	1	42355970
sel_scaf	1318	1	42355970
sel_scaf	1319	1	42355970
sel_scaf	1320	4	42355970
sel_scaf	1321	2	42355970
sel_scaf	1322	3	42355970
sel_scaf	1323	12	42355970
sel_scaf	1324	5	42355970
sel_scaf	1326	1	42355970
sel_scaf	1327	1	42355970
sel_scaf	1331	2	42355970
sel_scaf	1332	1	42355970
sel_scaf	1334	2	42355970
sel_scaf	1339	2	42355970
sel_scaf	1342	2	42355970
sel_scaf	1344	1	42355970
sel_scaf	1348	2	42355970
sel_scaf	1351	2	42355970
sel_scaf	1354	1	42355970
sel_scaf	1355	2	42355970
sel_scaf	1356	1	42355970
sel_scaf	1359	1	42355970
sel_scaf	1360	3	42355970
sel_scaf	1361	1	42355970
sel_scaf	1362	2	42355970
sel_scaf	1363	2	42355970
sel_scaf	1365	1	42355970
sel_scaf	1366	1	42355970
sel_scaf	1367	3	42355970
sel_scaf	1369	1	42355970
sel_scaf	1370	4	42355970
sel_scaf	1371	2	42355970
sel_scaf	1372	3	42355970
sel_scaf	1373	2	42355970
sel_scaf	1376	1	42355970
sel_scaf	1377	3	42355970
sel_scaf	1378	1	42355970
sel_scaf	1379	2	42355970
sel_scaf	1380	1	42355970
sel_scaf	1381	1	42355970
sel_scaf	1385	2	42355970
sel_scaf	1386	1	42355970
sel_scaf	1388	1	42355970
sel_scaf	1389	1	42355970
sel_scaf	1390	1	42355970
sel_scaf	1391	2	42355970
sel_scaf	1392	1	42355970
sel_scaf	1396	1	42355970
sel_scaf	1397	4	42355970
sel_scaf	1398	1	42355970
sel_scaf	1400	3	42355970
sel_scaf	1401	4	42355970
sel_scaf	1402	8	42355970
sel_scaf	1403	5	42355970
sel_scaf	1404	1	42355970
sel_scaf	1407	1	42355970
sel_scaf	1409	1	42355970
sel_scaf	1411	1	42355970
sel_scaf	1412	1	42355970
sel_scaf	1414	1	42355970
sel_scaf	1417	1	42355970
sel_scaf	1419	1	42355970
sel_scaf	1421	1	42355970
sel_scaf	1422	1	42355970
sel_scaf	1424	1	42355970
sel_scaf	1426	1	42355970
sel_scaf	1428	1	42355970
sel_scaf	1432	1	42355970
sel_scaf	1433	1	42355970
sel_scaf	1434	2	42355970
sel_scaf	1436	1	42355970
sel_scaf	1439	1	42355970
sel_scaf	1444	2	42355970
sel_scaf	1447	2	42355970
sel_scaf	1448	2	42355970
sel_scaf	1452	1	42355970
sel_scaf	1454	1	42355970
sel_scaf	1455	1	42355970
sel_scaf	1458	2	42355970
sel_scaf	1462	1	42355970
sel_scaf	1464	1	42355970
sel_scaf	1466	1	42355970
sel_scaf	1473	1	42355970
sel_scaf	1474	1	42355970
sel_scaf	1475	1	42355970
sel_scaf	1483	1	42355970
sel_scaf	1486	1	42355970
sel_scaf	1491	2	42355970
sel_scaf	1493	1	42355970
sel_scaf	1497	1	42355970
sel_scaf	1498	1	42355970
sel_scaf	1499	1	42355970
sel_scaf	1506	1	42355970
sel_scaf	1507	1	42355970
sel_scaf	1508	1	42355970
sel_scaf	1510	1	42355970
sel_scaf	1516	1	42355970
sel_scaf	1518	1	42355970
sel_scaf	1519	1	42355970
sel_scaf	1520	1	42355970
sel_scaf	1522	1	42355970
sel_scaf	1525	1	42355970
sel_scaf	1527	1	42355970
sel_scaf	1531	1	42355970
sel_scaf	1533	2	42355970
sel_scaf	1540	1	42355970
sel_scaf	1542	2	42355970
sel_scaf	1543	2	42355970
sel_scaf	1546	1	42355970
sel_scaf	1547	1	42355970
sel_scaf	1552	1	42355970
sel_scaf	1553	2	42355970
sel_scaf	1555	1	42355970
sel_scaf	1556	1	42355970
sel_scaf	1560	1	42355970
sel_scaf	1564	2	42355970
sel_scaf	1574	3	42355970
sel_scaf	1576	1	42355970
sel_scaf	1577	1	42355970
sel_scaf	1582	1	42355970
sel_scaf	1583	1	42355970
sel_scaf	1586	1	42355970
sel_scaf	1588	2	42355970
sel_scaf	1596	1	42355970
sel_scaf	1597	1	42355970
sel_scaf	1598	1	42355970
sel_scaf	1599	2	42355970
sel_scaf	1602	1	42355970
sel_scaf	1607	1	42355970
sel_scaf	1612	2	42355970
sel_scaf	1616	2	42355970
sel_scaf	1617	1	42355970
sel_scaf	1619	1	42355970
sel_scaf	1623	2	42355970
sel_scaf	1624	1	42355970
sel_scaf	1625	1	42355970
sel_scaf	1626	2	42355970
sel_scaf	1628	1	42355970
sel_scaf	1629	1	42355970
sel_scaf	1632	2	42355970
sel_scaf	1637	3	42355970
sel_scaf	1640	1	42355970
sel_scaf	1641	2	42355970
sel_scaf	1642	1	42355970
sel_scaf	1643	1	42355970
sel_scaf	1644	4	42355970
sel_scaf	1645	1	42355970
sel_scaf	1646	1	42355970
sel_scaf	1648	1	42355970
sel_scaf	1649	1	42355970
sel_scaf	1650	1	42355970
sel_scaf	1651	1	42355970
sel_scaf	1655	2	42355970
sel_scaf	1657	1	42355970
sel_scaf	1662	1	42355970
sel_scaf	1664	2	42355970
sel_scaf	1667	1	42355970
sel_scaf	1668	2	42355970
sel_scaf	1669	1	42355970
sel_scaf	1671	2	42355970
sel_scaf	1678	1	42355970
sel_scaf	1679	1	42355970
sel_scaf	1684	1	42355970
sel_scaf	1685	1	42355970
sel_scaf	1689	1	42355970
sel_scaf	1692	1	42355970
sel_scaf	1695	2	42355970
sel_scaf	1697	1	42355970
sel_scaf	1698	1	42355970
sel_scaf	1699	1	42355970
sel_scaf	1700	2	42355970
sel_scaf	1704	1	42355970
sel_scaf	1708	2	42355970
sel_scaf	1709	1	42355970
sel_scaf	1711	1	42355970
sel_scaf	1714	2	42355970
sel_scaf	1715	1	42355970
sel_scaf	1717	1	42355970
sel_scaf	1722	1	42355970
sel_scaf	1725	1	42355970
sel_scaf	1727	1	42355970
sel_scaf	1728	1	42355970
sel_scaf	1746	2	42355970
sel_scaf	1752	1	42355970
sel_scaf	1754	1	42355970
sel_scaf	1756	1	42355970
sel_scaf	1757	2	42355970
sel_scaf	1760	1	42355970
sel_scaf	1767	1	42355970
sel_scaf	1775	1	42355970
sel_scaf	1778	1	42355970
sel_scaf	1790	1	42355970
sel_scaf	1804	1	42355970
sel_scaf	1806	1	42355970
sel_scaf	1815	1	42355970
sel_scaf	1819	1	42355970
sel_scaf	1828	2	42355970
sel_scaf	1837	1	42355970
sel_scaf	1839	1	42355970
sel_scaf	1842	1	42355970
sel_scaf	1853	1	42355970
sel_scaf	1856	1	42355970
sel_scaf	1867	1	42355970
sel_scaf	1875	1	42355970
sel_scaf	1878	1	42355970
sel_scaf	1880	1	42355970
sel_scaf	1883	1	42355970
sel_scaf	1905	1	42355970
sel_scaf	1907	1	42355970
sel_scaf	1912	1	42355970
sel_scaf	1932	1	42355970
sel_scaf	1934	1	42355970
sel_scaf	1948	1	42355970
sel_scaf	1951	1	42355970
sel_scaf	1957	1	42355970
sel_scaf	1963	1	42355970
sel_scaf	1978	1	42355970
sel_scaf	1979	1	42355970
sel_scaf	1990	1	42355970
sel_scaf	1996	1	42355970
sel_scaf	2000	1	42355970
sel_scaf	2006	2	42355970
sel_scaf	2008	1	42355970
sel_scaf	2013	1	42355970
sel_scaf	2017	1	42355970
sel_scaf	2025	1	42355970
sel_scaf	2026	1	42355970
sel_scaf	2029	1	42355970
sel_scaf	2030	1	42355970
sel_scaf	2032	1	42355970
sel_scaf	2036	1	42355970
sel_scaf	2044	2	42355970
sel_scaf	2047	1	42355970
sel_scaf	2050	1	42355970
sel_scaf	2053	1	42355970
sel_scaf	2061	1	42355970
sel_scaf	2070	1	42355970
sel_scaf	2075	1	42355970
sel_scaf	2078	1	42355970
sel_scaf	2085	1	42355970
sel_scaf	2088	1	42355970
sel_scaf	2097	1	42355970
sel_scaf	2119	1	42355970
sel_scaf	2127	1	42355970
sel_scaf	2135	1	42355970
sel_scaf	2137	1	42355970
sel_scaf	2142	1	42355970
sel_scaf	2146	1	42355970
sel_scaf	2152	1	42355970
sel_scaf	2158	1	42355970
sel_scaf	2159	1	42355970
sel_scaf	2162	1	42355970
sel_scaf	2165	1	42355970
sel_scaf	2176	1	42355970
sel_scaf	2195	1	42355970
sel_scaf	2210	1	42355970
sel_scaf	2213	2	42355970
sel_scaf	2215	1	42355970
sel_scaf	2216	1	42355970
sel_scaf	2219	1	42355970
sel_scaf	2220	1	42355970
sel_scaf	2227	1	42355970
sel_scaf	2231	1	42355970
sel_scaf	2232	1	42355970
sel_scaf	2233	1	42355970
sel_scaf	2235	1	42355970
sel_scaf	2238	1	42355970
sel_scaf	2247	1	42355970
sel_scaf	2249	1	42355970
sel_scaf	2264	1	42355970
sel_scaf	2273	1	42355970
sel_scaf	2279	1	42355970
sel_scaf	2280	2	42355970
sel_scaf	2296	1	42355970
sel_scaf	2299	1	42355970
sel_scaf	2314	1	42355970
sel_scaf	2318	1	42355970
sel_scaf	2326	1	42355970
sel_scaf	2329	1	42355970
sel_scaf	2333	1	42355970
sel_scaf	2336	1	42355970
sel_scaf	2341	1	42355970
sel_scaf	2342	1	42355970
sel_scaf	2346	1	42355970
sel_scaf	2349	1	42355970
sel_scaf	2350	1	42355970
sel_scaf	2354	1	42355970
sel_scaf	2355	1	42355970
sel_scaf	2358	1	42355970
sel_scaf	2360	1	42355970
sel_scaf	2362	1	42355970
sel_scaf	2369	1	42355970
sel_scaf	2373	1	42355970
sel_scaf	2381	1	42355970
sel_scaf	2389	1	42355970
sel_scaf	2392	1	42355970
sel_scaf	2408	1	42355970
sel_scaf	2448	1	42355970
sel_scaf	2518	1	42355970
sel_scaf	2579	1	42355970
sel_scaf	2716	1	42355970
sel_scaf	2785	1	42355970
sel_scaf	2858	1	42355970
sel_scaf	2936	1	42355970
sel_scaf	2988	1	42355970
sel_scaf	3092	1	42355970
sel_scaf	3148	1	42355970
sel_scaf	3210	1	42355970
sel_scaf	3279	1	42355970
sel_scaf	3333	1	42355970
sel_scaf	3397	1	42355970
sel_scaf	3466	1	42355970
sel_scaf	3527	1	42355970
sel_scaf	3564	1	42355970
sel_scaf	3617	1	42355970
sel_scaf	3659	1	42355970
sel_scaf	3716	1	42355970
sel_scaf	3763	1	42355970
sel_scaf	3781	1	42355970
sel_scaf	3805	1	42355970
sel_scaf	3832	1	42355970
sel_scaf	3867	1	42355970
sel_scaf	3900	1	42355970
sel_scaf	3979	1	42355970
sel_scaf	3982	1	42355970
sel_scaf	3992	1	42355970
sel_scaf	3995	1	42355970
sel_scaf	3999	2	42355970
sel_scaf	4002	1	42355970
sel_scaf	4005	2	42355970
sel_scaf	4006	3	42355970
sel_scaf	4007	2	42355970
sel_scaf	4008	1	42355970
sel_scaf	4009	3	42355970
sel_scaf	4011	2	42355970
sel_scaf	4013	2	42355970
sel_scaf	4015	1	42355970
sel_scaf	4016	1	42355970
sel_scaf	8826	1	42355970
sel_scaf	8930	1	42355970
sel_scaf	8954	1	42355970
sel_scaf	9089	1	42355970
sel_scaf	9316	1	42355970
sel_scaf	9430	1	42355970
sel_scaf	9523	1	42355970
sel_scaf	9658	1	42355970
sel_scaf	9752	1	42355970
sel_scaf	9888	1	42355970
sel_scaf	10019	1	42355970
sel_scaf	10142	1	42355970
sel_scaf	10356	1	42355970
sel_scaf	10514	1	42355970
sel_scaf	10607	1	42355970
sel_scaf	10667	1	42355970
sel_scaf	10848	1	42355970
sel_scaf	10981	1	42355970
sel_scaf	11111	1	42355970
sel_scaf	11244	1	42355970
sel_scaf	11321	1	42355970
sel_scaf	11415	1	42355970
sel_scaf	11477	1	42355970
sel_scaf	11591	1	42355970
sel_scaf	11624	1	42355970
sel_scaf	11755	1	42355970
sel_scaf	11780	1	42355970
sel_scaf	11841	1	42355970
sel_scaf	12050	1	42355970
sel_scaf	12107	1	42355970
sel_scaf	12126	1	42355970
sel_scaf	12253	1	42355970
sel_scaf	12262	1	42355970
sel_scaf	12345	1	42355970
sel_scaf	12360	1	42355970
sel_scaf	12398	1	42355970
sel_scaf	12475	1	42355970
sel_scaf	12507	1	42355970
sel_scaf	12605	1	42355970
sel_scaf	12670	1	42355970
sel_scaf	12682	1	42355970
sel_scaf	12699	1	42355970
sel_scaf	12703	1	42355970
sel_scaf	12719	2	42355970
sel_scaf	12736	1	42355970
sel_scaf	12739	1	42355970
sel_scaf	12758	1	42355970
sel_scaf	12778	1	42355970
sel_scaf	12780	1	42355970
sel_scaf	12781	1	42355970
sel_scaf	12803	1	42355970
sel_scaf	12829	1	42355970
sel_scaf	12869	1	42355970
sel_scaf	12881	1	42355970
sel_scaf	12932	1	42355970
sel_scaf	13027	1	42355970
sel_scaf	13087	1	42355970
sel_scaf	13202	1	42355970
sel_scaf	13275	1	42355970
sel_scaf	13296	1	42355970
sel_scaf	13322	1	42355970
sel_scaf	13348	1	42355970
sel_scaf	13369	1	42355970
